1.048113066601954503e-02 1.207609781720221974e+06
1.151395323963562076e-02 0.000000000000000000e+00
1.264855132798976302e-02 1.451529819210359128e+06
1.389495400641860279e-02 1.213700935257797595e+06
1.526417862678452857e-02 6.625563418881467078e+05
1.676832820337198493e-02 0.000000000000000000e+00
1.842069839530119726e-02 7.690209680057311198e+05
2.023589503111089191e-02 8.645323462454696419e+05
2.222996321434766651e-02 6.855894969795052893e+05
2.442052915136719640e-02 3.805514770434221718e+05
2.682695595500901239e-02 4.654232043306775158e+05
2.947051480134291537e-02 4.211342461010924308e+05
3.237457295239669353e-02 2.727442274450110272e+05
3.556480030685772731e-02 2.502940451085800887e+05
3.906939630451649464e-02 1.637725213361584174e+05
4.291933919013282694e-02 1.769033675973212230e+05
4.714865984004791566e-02 1.455761679906009231e+05
5.179474257198286163e-02 1.422759977708355582e+05
5.689865559697841746e-02 1.478584515191398677e+05
6.250551403444545850e-02 1.346825396915432066e+05
6.866487869913283359e-02 1.236869994141643838e+05
7.543119418501802176e-02 1.018979909600715764e+05
8.286427011848424007e-02 8.288980911595624639e+04
9.102980983473445142e-02 6.660807469622840290e+04
9.999999115058272325e-02 5.693503877233729872e+04
1.098541043672585787e-01 5.590058252858142077e+04
1.206792531427361148e-01 4.956009224416062352e+04
1.325711244288214907e-01 4.302538237999040575e+04
1.456348342787200378e-01 3.816736302468333452e+04
1.599858570014452974e-01 3.446245968395922682e+04
1.757510458761641914e-01 3.112029662842103426e+04
1.930697544488981787e-01 2.764773523819460752e+04
2.120950683230800604e-01 2.523895537936672190e+04
2.329951583321586417e-01 2.279923511306176079e+04
2.559547670553742882e-01 2.074636270169223280e+04
2.811768418164965477e-01 1.919142172054551702e+04
3.088843286001189403e-01 1.764219418229150688e+04
3.393221427425128778e-01 1.630570577938439601e+04
3.727593338166072523e-01 1.508178100248756891e+04
4.094914638472018087e-01 1.390250962489270751e+04
4.498432198782237879e-01 1.302280634443322197e+04
4.941712839853393824e-01 1.206755723416788533e+04
5.428674861028858212e-01 1.128223841188702499e+04
5.963622675339625978e-01 1.049089693253182304e+04
6.551284857587630350e-01 9.747560760209371438e+03
7.196855941730535555e-01 9.053815362582301532e+03
7.906042337028588163e-01 8.329257246620018122e+03
8.685112768820903995e-01 7.664921175306809346e+03
9.540953689793428838e-01 7.026914416814798642e+03
1.048113015153642191e+00 0.000000000000000000e+00
