1.048113066601954503e-02 1.618322982914618624e+05
1.151395323963562076e-02 0.000000000000000000e+00
1.264855132798976302e-02 2.585676646675377851e+05
1.389495400641860279e-02 2.037758186060767039e+05
1.526417862678452857e-02 1.936135706089228916e+05
1.676832820337198493e-02 0.000000000000000000e+00
1.842069839530119726e-02 1.887065889514051378e+05
2.023589503111089191e-02 2.114749322054591030e+05
2.222996321434766651e-02 1.640444865521532774e+05
2.442052915136719640e-02 1.325588130947323225e+05
2.682695595500901239e-02 1.346884275839918992e+05
2.947051480134291537e-02 1.735212764779037097e+05
3.237457295239669353e-02 1.464384150046173891e+05
3.556480030685772731e-02 9.643391843005397823e+04
3.906939630451649464e-02 1.053397026209318428e+05
4.291933919013282694e-02 9.043365643483304302e+04
4.714865984004791566e-02 8.767120274806875386e+04
5.179474257198286163e-02 7.602135698154222337e+04
5.689865559697841746e-02 7.777934414793580072e+04
6.250551403444545850e-02 7.135739313861067058e+04
6.866487869913283359e-02 6.476198693261535664e+04
7.543119418501802176e-02 6.640029445544882037e+04
8.286427011848424007e-02 5.597563655424332683e+04
9.102980983473445142e-02 4.894659930236842047e+04
9.999999115058272325e-02 3.926987328222318320e+04
1.098541043672585787e-01 3.484535772251212620e+04
1.206792531427361148e-01 3.153619012653548270e+04
1.325711244288214907e-01 3.107255578852451799e+04
1.456348342787200378e-01 2.769182392663679639e+04
1.599858570014452974e-01 2.356661113992586252e+04
1.757510458761641914e-01 2.133537153545534966e+04
1.930697544488981787e-01 1.969683831536701837e+04
2.120950683230800604e-01 1.821556389179270627e+04
2.329951583321586417e-01 1.612209885715800920e+04
2.559547670553742882e-01 1.486111575841292688e+04
2.811768418164965477e-01 1.356238574955942022e+04
3.088843286001189403e-01 1.243223110642680331e+04
3.393221427425128778e-01 1.154462395042493881e+04
3.727593338166072523e-01 1.069628058632023567e+04
4.094914638472018087e-01 9.950820820260662003e+03
4.498432198782237879e-01 9.338622739682145038e+03
4.941712839853393824e-01 8.781557392137703573e+03
5.428674861028858212e-01 8.247131534586071211e+03
5.963622675339625978e-01 7.790243275011875085e+03
6.551284857587630350e-01 7.357058732045375109e+03
7.196855941730535555e-01 6.953446157855595629e+03
7.906042337028588163e-01 6.587080898359658931e+03
8.685112768820903995e-01 6.229535284579213112e+03
9.540953689793428838e-01 5.912954923032957595e+03
1.048113015153642191e+00 0.000000000000000000e+00
