1.048113066601954503e-02 2.931965195526946991e+04
1.151395323963562076e-02 0.000000000000000000e+00
1.264855132798976302e-02 9.319330692418025137e+03
1.389495400641860279e-02 1.704091365503203997e+04
1.526417862678452857e-02 1.769409295504374677e+04
1.676832820337198493e-02 0.000000000000000000e+00
1.842069839530119726e-02 1.113131186565792086e+04
2.023589503111089191e-02 1.534603515428245191e+04
2.222996321434766651e-02 1.502158725979285373e+04
2.442052915136719640e-02 2.186199663230893930e+04
2.682695595500901239e-02 1.583027177351655155e+04
2.947051480134291537e-02 1.926489999672850536e+04
3.237457295239669353e-02 1.928654171826261882e+04
3.556480030685772731e-02 1.908158666447996438e+04
3.906939630451649464e-02 1.701455694750252587e+04
4.291933919013282694e-02 1.492218186870629324e+04
4.714865984004791566e-02 1.531114207191000060e+04
5.179474257198286163e-02 1.360048281102683541e+04
5.689865559697841746e-02 1.330312137680908745e+04
6.250551403444545850e-02 1.248057425312853411e+04
6.866487869913283359e-02 1.275214844095182889e+04
7.543119418501802176e-02 1.094310964144934769e+04
8.286427011848424007e-02 1.138352840016782102e+04
9.102980983473445142e-02 1.023386063387173635e+04
9.999999115058272325e-02 9.164447005146526863e+03
1.098541043672585787e-01 7.482010267342020597e+03
1.206792531427361148e-01 7.023971441761704227e+03
1.325711244288214907e-01 6.462691946849122360e+03
1.456348342787200378e-01 6.056991175539638789e+03
1.599858570014452974e-01 5.337857751339400238e+03
1.757510458761641914e-01 4.732181339551880228e+03
1.930697544488981787e-01 4.252798473778562766e+03
2.120950683230800604e-01 3.881890159782317369e+03
2.329951583321586417e-01 3.479895060906865183e+03
2.559547670553742882e-01 3.129887531475116248e+03
2.811768418164965477e-01 2.824474456152869607e+03
3.088843286001189403e-01 2.559804820621600356e+03
3.393221427425128778e-01 2.321575760513590012e+03
3.727593338166072523e-01 2.102193782304600518e+03
4.094914638472018087e-01 1.929806179531316502e+03
4.498432198782237879e-01 1.775444393955675878e+03
4.941712839853393824e-01 1.633172272838166919e+03
5.428674861028858212e-01 1.508586268917538746e+03
5.963622675339625978e-01 1.409041262064699822e+03
6.551284857587630350e-01 1.309331758599381374e+03
7.196855941730535555e-01 1.223014696798218438e+03
7.906042337028588163e-01 1.142324918515414538e+03
8.685112768820903995e-01 1.077318038012515672e+03
9.540953689793428838e-01 1.011453753157752544e+03
1.048113015153642191e+00 0.000000000000000000e+00
