1.048113066601954503e-02 6.383218968301882269e+05
1.151395323963562076e-02 0.000000000000000000e+00
1.264855132798976302e-02 2.901639293629843160e+05
1.389495400641860279e-02 3.902965720026323688e+05
1.526417862678452857e-02 3.961253464856159408e+05
1.676832820337198493e-02 0.000000000000000000e+00
1.842069839530119726e-02 2.945820324516146211e+05
2.023589503111089191e-02 1.892319827567048487e+05
2.222996321434766651e-02 1.381952978079974419e+05
2.442052915136719640e-02 1.707639567339659261e+05
2.682695595500901239e-02 1.757566735677188262e+05
2.947051480134291537e-02 1.058183068364737846e+05
3.237457295239669353e-02 9.000779740351485088e+04
3.556480030685772731e-02 8.258054633975775505e+04
3.906939630451649464e-02 6.352549785496442928e+04
4.291933919013282694e-02 6.538098585080744670e+04
4.714865984004791566e-02 5.862095914953287866e+04
5.179474257198286163e-02 5.590300433257275290e+04
5.689865559697841746e-02 5.313971535731124459e+04
6.250551403444545850e-02 4.781397438610445533e+04
6.866487869913283359e-02 4.068517362160535413e+04
7.543119418501802176e-02 3.154731250264750270e+04
8.286427011848424007e-02 2.589181483358777405e+04
9.102980983473445142e-02 2.074918550181401952e+04
9.999999115058272325e-02 1.917155728956516759e+04
1.098541043672585787e-01 1.682726377869891076e+04
1.206792531427361148e-01 1.492814437486826500e+04
1.325711244288214907e-01 1.244668596958453054e+04
1.456348342787200378e-01 1.043983903434836975e+04
1.599858570014452974e-01 9.179732405340373589e+03
1.757510458761641914e-01 8.041113964475776811e+03
1.930697544488981787e-01 6.883802382066876817e+03
2.120950683230800604e-01 6.097563683569624118e+03
2.329951583321586417e-01 5.279347608109243083e+03
2.559547670553742882e-01 4.665725599453609902e+03
2.811768418164965477e-01 4.114696176256414219e+03
3.088843286001189403e-01 3.616260941218173684e+03
3.393221427425128778e-01 3.207875651824293527e+03
3.727593338166072523e-01 2.871305736409207384e+03
4.094914638472018087e-01 2.577912984541451351e+03
4.498432198782237879e-01 2.317699937484713701e+03
4.941712839853393824e-01 2.098419748324721240e+03
5.428674861028858212e-01 1.901921732198874679e+03
5.963622675339625978e-01 1.726082060606132472e+03
6.551284857587630350e-01 1.574292932005093917e+03
7.196855941730535555e-01 1.440547462924126194e+03
7.906042337028588163e-01 1.325971800549290492e+03
8.685112768820903995e-01 1.218890359492928610e+03
9.540953689793428838e-01 1.118794386552452124e+03
1.048113015153642191e+00 0.000000000000000000e+00
