1.048113066601954503e-02 8.106064007727534045e+05
1.151395323963562076e-02 0.000000000000000000e+00
1.264855132798976302e-02 1.458798842599040363e+06
1.389495400641860279e-02 6.871115146375119220e+05
1.526417862678452857e-02 1.104200828247077530e+06
1.676832820337198493e-02 0.000000000000000000e+00
1.842069839530119726e-02 8.441702937155707041e+05
2.023589503111089191e-02 5.300818501386584248e+05
2.222996321434766651e-02 4.589725033506229520e+05
2.442052915136719640e-02 5.382434824421931989e+05
2.682695595500901239e-02 3.030668491394194425e+05
2.947051480134291537e-02 2.439245510855535103e+05
3.237457295239669353e-02 1.876964595134473057e+05
3.556480030685772731e-02 1.483432821828729357e+05
3.906939630451649464e-02 1.273024038312108314e+05
4.291933919013282694e-02 1.135790364521373995e+05
4.714865984004791566e-02 1.081007059593163867e+05
5.179474257198286163e-02 1.040058786814945342e+05
5.689865559697841746e-02 1.125876650247398065e+05
6.250551403444545850e-02 9.940148993230276392e+04
6.866487869913283359e-02 8.752267139058257453e+04
7.543119418501802176e-02 6.639943222507173778e+04
8.286427011848424007e-02 4.692211256390885683e+04
9.102980983473445142e-02 3.837317113366692502e+04
9.999999115058272325e-02 3.746325822720487486e+04
1.098541043672585787e-01 3.731211823242114770e+04
1.206792531427361148e-01 3.105490002344483219e+04
1.325711244288214907e-01 2.455458873130420761e+04
1.456348342787200378e-01 2.152900136562564876e+04
1.599858570014452974e-01 1.952901182455804519e+04
1.757510458761641914e-01 1.684726686128145593e+04
1.930697544488981787e-01 1.465805511464304982e+04
2.120950683230800604e-01 1.319010390399173048e+04
2.329951583321586417e-01 1.145343885498294912e+04
2.559547670553742882e-01 1.019262370614596148e+04
2.811768418164965477e-01 9.142428841808829020e+03
3.088843286001189403e-01 8.131347484392174010e+03
3.393221427425128778e-01 7.331408478376401945e+03
3.727593338166072523e-01 6.604636390342855520e+03
4.094914638472018087e-01 5.978671233922932515e+03
4.498432198782237879e-01 5.467505007051929169e+03
4.941712839853393824e-01 5.001848354625351931e+03
5.428674861028858212e-01 4.590289068947306077e+03
5.963622675339625978e-01 4.224551299945936080e+03
6.551284857587630350e-01 3.891454522625213031e+03
7.196855941730535555e-01 3.588194366291229926e+03
7.906042337028588163e-01 3.310629083172648734e+03
8.685112768820903995e-01 3.054716796359575710e+03
9.540953689793428838e-01 2.830460590767523627e+03
1.048113015153642191e+00 0.000000000000000000e+00
