1.048113066601954503e-02 4.689898575861127756e+04
1.151395323963562076e-02 0.000000000000000000e+00
1.264855132798976302e-02 1.956509528280648738e+04
1.389495400641860279e-02 2.816483180142097262e+04
1.526417862678452857e-02 3.386406457272820262e+04
1.676832820337198493e-02 0.000000000000000000e+00
1.842069839530119726e-02 4.391501654736624914e+04
2.023589503111089191e-02 4.767453454548274749e+04
2.222996321434766651e-02 5.333980069117657695e+04
2.442052915136719640e-02 6.351766670780879940e+04
2.682695595500901239e-02 6.018948531904312404e+04
2.947051480134291537e-02 5.228843389949362609e+04
3.237457295239669353e-02 5.011345269813765481e+04
3.556480030685772731e-02 4.782468512052724691e+04
3.906939630451649464e-02 4.443996124709265132e+04
4.291933919013282694e-02 4.309452995560111594e+04
4.714865984004791566e-02 3.936509840970536607e+04
5.179474257198286163e-02 3.997919746644602128e+04
5.689865559697841746e-02 3.885250516003715893e+04
6.250551403444545850e-02 4.083456977410533000e+04
6.866487869913283359e-02 3.495888978993719502e+04
7.543119418501802176e-02 3.268891610180321732e+04
8.286427011848424007e-02 2.982815271689874498e+04
9.102980983473445142e-02 2.748412292077589518e+04
9.999999115058272325e-02 2.480904954860098951e+04
1.098541043672585787e-01 2.279990174514815226e+04
1.206792531427361148e-01 2.021790914524681648e+04
1.325711244288214907e-01 1.874878142860775552e+04
1.456348342787200378e-01 1.762030460800094806e+04
1.599858570014452974e-01 1.591122580894897874e+04
1.757510458761641914e-01 1.416688943453353204e+04
1.930697544488981787e-01 1.313223868277316978e+04
2.120950683230800604e-01 1.207352342010418579e+04
2.329951583321586417e-01 1.096550744686673170e+04
2.559547670553742882e-01 1.006064743025820280e+04
2.811768418164965477e-01 9.352484867607143315e+03
3.088843286001189403e-01 8.571859244649080210e+03
3.393221427425128778e-01 8.002152124772092066e+03
3.727593338166072523e-01 7.451807549539391403e+03
4.094914638472018087e-01 7.005788874826876054e+03
4.498432198782237879e-01 6.574039492287575740e+03
4.941712839853393824e-01 6.184755411682579506e+03
5.428674861028858212e-01 5.855340809245845776e+03
5.963622675339625978e-01 5.546451522473372279e+03
6.551284857587630350e-01 5.274341453273968000e+03
7.196855941730535555e-01 5.001132940120416606e+03
7.906042337028588163e-01 4.746142582808388397e+03
8.685112768820903995e-01 4.499894021042607164e+03
9.540953689793428838e-01 4.257766359703402486e+03
1.048113015153642191e+00 0.000000000000000000e+00
