1.048113066601954503e-02 2.035871211516548647e+05
1.151395323963562076e-02 0.000000000000000000e+00
1.264855132798976302e-02 1.322453542808705533e+05
1.389495400641860279e-02 2.835564712293525808e+05
1.526417862678452857e-02 2.834926728350876365e+05
1.676832820337198493e-02 0.000000000000000000e+00
1.842069839530119726e-02 3.444671363651186693e+05
2.023589503111089191e-02 3.100628607626656303e+05
2.222996321434766651e-02 2.182151757491212920e+05
2.442052915136719640e-02 2.200780714756161906e+05
2.682695595500901239e-02 1.529758085331322509e+05
2.947051480134291537e-02 1.143457334303599055e+05
3.237457295239669353e-02 1.075419487251958635e+05
3.556480030685772731e-02 1.161507042888388969e+05
3.906939630451649464e-02 9.798752797659413773e+04
4.291933919013282694e-02 8.939545689645499806e+04
4.714865984004791566e-02 8.868044332985294750e+04
5.179474257198286163e-02 8.652203922846837668e+04
5.689865559697841746e-02 7.956799847925244831e+04
6.250551403444545850e-02 7.082491772744795890e+04
6.866487869913283359e-02 5.451244078761582205e+04
7.543119418501802176e-02 3.957083018962144706e+04
8.286427011848424007e-02 3.323398771400869009e+04
9.102980983473445142e-02 3.187358105088802768e+04
9.999999115058272325e-02 3.277073929591548949e+04
1.098541043672585787e-01 2.858540806287753367e+04
1.206792531427361148e-01 2.184711106596139143e+04
1.325711244288214907e-01 1.906000412635758403e+04
1.456348342787200378e-01 1.776561259433879604e+04
1.599858570014452974e-01 1.583326687409575970e+04
1.757510458761641914e-01 1.368099993465108128e+04
1.930697544488981787e-01 1.203896082557267255e+04
2.120950683230800604e-01 1.073148693883161104e+04
2.329951583321586417e-01 9.316235097868287994e+03
2.559547670553742882e-01 8.501053322788691730e+03
2.811768418164965477e-01 7.522970140469441503e+03
3.088843286001189403e-01 6.753441493983760665e+03
3.393221427425128778e-01 6.130624739893076367e+03
3.727593338166072523e-01 5.548074730767984875e+03
4.094914638472018087e-01 5.044417060343358571e+03
4.498432198782237879e-01 4.631572124167081711e+03
4.941712839853393824e-01 4.246002087155850859e+03
5.428674861028858212e-01 3.929377707018042656e+03
5.963622675339625978e-01 3.634634877720528493e+03
6.551284857587630350e-01 3.377036492526811344e+03
7.196855941730535555e-01 3.151518970977991557e+03
7.906042337028588163e-01 2.945418082867277008e+03
8.685112768820903995e-01 2.758863353671081313e+03
9.540953689793428838e-01 2.593463213697127230e+03
1.048113015153642191e+00 0.000000000000000000e+00
