1.048113066601954503e-02 7.942743983799521811e+04
1.151395323963562076e-02 0.000000000000000000e+00
1.264855132798976302e-02 6.081354301404394209e+04
1.389495400641860279e-02 1.524584882492956240e+05
1.526417862678452857e-02 7.754908023787772981e+04
1.676832820337198493e-02 0.000000000000000000e+00
1.842069839530119726e-02 6.464236748775930027e+04
2.023589503111089191e-02 1.090161916891004075e+05
2.222996321434766651e-02 8.245287243257909722e+04
2.442052915136719640e-02 8.144099576741002966e+04
2.682695595500901239e-02 8.140050673807838757e+04
2.947051480134291537e-02 1.032425926619525126e+05
3.237457295239669353e-02 7.892157095532823587e+04
3.556480030685772731e-02 7.748910115080754622e+04
3.906939630451649464e-02 6.426644769873017503e+04
4.291933919013282694e-02 8.176779171296194545e+04
4.714865984004791566e-02 6.571602619276431506e+04
5.179474257198286163e-02 5.552382418924945523e+04
5.689865559697841746e-02 5.369325260266352416e+04
6.250551403444545850e-02 5.197367763788571028e+04
6.866487869913283359e-02 5.059035673333343584e+04
7.543119418501802176e-02 4.713728935807418748e+04
8.286427011848424007e-02 4.420685329222168366e+04
9.102980983473445142e-02 3.782603009076154558e+04
9.999999115058272325e-02 3.383470958335297473e+04
1.098541043672585787e-01 2.925957289811186274e+04
1.206792531427361148e-01 2.753105985839767527e+04
1.325711244288214907e-01 2.516341410812631875e+04
1.456348342787200378e-01 2.296689757777499835e+04
1.599858570014452974e-01 2.097011106765216027e+04
1.757510458761641914e-01 1.858548411274966929e+04
1.930697544488981787e-01 1.665099652792200504e+04
2.120950683230800604e-01 1.536011090299622447e+04
2.329951583321586417e-01 1.394370142441320422e+04
2.559547670553742882e-01 1.290449518863201956e+04
2.811768418164965477e-01 1.181407714467879487e+04
3.088843286001189403e-01 1.090532320615496610e+04
3.393221427425128778e-01 1.006925580297989291e+04
3.727593338166072523e-01 9.317403801909347749e+03
4.094914638472018087e-01 8.753152380275012547e+03
4.498432198782237879e-01 8.186204890298213286e+03
4.941712839853393824e-01 7.679244595994978226e+03
5.428674861028858212e-01 7.231932770224804699e+03
5.963622675339625978e-01 6.846354468439161792e+03
6.551284857587630350e-01 6.492476264813677517e+03
7.196855941730535555e-01 6.150073531645956791e+03
7.906042337028588163e-01 5.833947103450792383e+03
8.685112768820903995e-01 5.538917092626508747e+03
9.540953689793428838e-01 5.244909682852997321e+03
1.048113015153642191e+00 0.000000000000000000e+00
