1.048113066601954503e-02 1.810621603145503323e+05
1.151395323963562076e-02 0.000000000000000000e+00
1.264855132798976302e-02 2.134524365498073166e+05
1.389495400641860279e-02 2.520463950216923840e+05
1.526417862678452857e-02 4.677308822869921569e+05
1.676832820337198493e-02 0.000000000000000000e+00
1.842069839530119726e-02 1.735295943414686481e+05
2.023589503111089191e-02 2.431116830453098228e+05
2.222996321434766651e-02 2.823783046633852646e+05
2.442052915136719640e-02 2.571981606402162579e+05
2.682695595500901239e-02 1.889821987656807760e+05
2.947051480134291537e-02 2.252273305763525132e+05
3.237457295239669353e-02 1.402850724756415584e+05
3.556480030685772731e-02 1.422355137169338414e+05
3.906939630451649464e-02 9.718499720531403727e+04
4.291933919013282694e-02 1.305105952572334500e+05
4.714865984004791566e-02 1.247078442776782322e+05
5.179474257198286163e-02 1.146280691589884518e+05
5.689865559697841746e-02 1.027930223307176202e+05
6.250551403444545850e-02 9.090229080056454404e+04
6.866487869913283359e-02 7.469488406720684725e+04
7.543119418501802176e-02 6.215801341694113216e+04
8.286427011848424007e-02 5.159915503040282056e+04
9.102980983473445142e-02 4.774530563663448265e+04
9.999999115058272325e-02 4.353044096204364905e+04
1.098541043672585787e-01 3.777488525081096304e+04
1.206792531427361148e-01 3.197888195236623505e+04
1.325711244288214907e-01 2.818307675819535507e+04
1.456348342787200378e-01 2.521889336767707573e+04
1.599858570014452974e-01 2.223792890408915264e+04
1.757510458761641914e-01 1.924877247503889157e+04
1.930697544488981787e-01 1.718998426476907844e+04
2.120950683230800604e-01 1.530527129615934064e+04
2.329951583321586417e-01 1.370512639712958116e+04
2.559547670553742882e-01 1.216394729216746236e+04
2.811768418164965477e-01 1.094724410937124776e+04
3.088843286001189403e-01 9.953721623731828004e+03
3.393221427425128778e-01 9.070245623444130615e+03
3.727593338166072523e-01 8.187353754952394411e+03
4.094914638472018087e-01 7.511876074998699551e+03
4.498432198782237879e-01 6.931249492786842893e+03
4.941712839853393824e-01 6.433625926178219743e+03
5.428674861028858212e-01 5.932603013287298381e+03
5.963622675339625978e-01 5.547179824403695420e+03
6.551284857587630350e-01 5.154219844194824873e+03
7.196855941730535555e-01 4.810968467591907938e+03
7.906042337028588163e-01 4.491998991690203184e+03
8.685112768820903995e-01 4.214114055810690843e+03
9.540953689793428838e-01 3.953576646335959595e+03
1.048113015153642191e+00 0.000000000000000000e+00
