1.048113066601954503e-02 2.650552199880057015e+05
1.151395323963562076e-02 0.000000000000000000e+00
1.264855132798976302e-02 3.249602236678539193e+05
1.389495400641860279e-02 1.848587058500167332e+05
1.526417862678452857e-02 1.282111178737806913e+05
1.676832820337198493e-02 0.000000000000000000e+00
1.842069839530119726e-02 1.637288545607179403e+05
2.023589503111089191e-02 2.527402881766214268e+05
2.222996321434766651e-02 1.510418957260771422e+05
2.442052915136719640e-02 1.815255180709078850e+05
2.682695595500901239e-02 1.585533642626098299e+05
2.947051480134291537e-02 1.428937356666905398e+05
3.237457295239669353e-02 1.471238086696749087e+05
3.556480030685772731e-02 1.364228669936862716e+05
3.906939630451649464e-02 1.125831990594293457e+05
4.291933919013282694e-02 9.935631354982891935e+04
4.714865984004791566e-02 8.961216290401725564e+04
5.179474257198286163e-02 9.264759061389243288e+04
5.689865559697841746e-02 8.492623597630450968e+04
6.250551403444545850e-02 8.070334975846346060e+04
6.866487869913283359e-02 6.756393330086670176e+04
7.543119418501802176e-02 5.962026965652903891e+04
8.286427011848424007e-02 4.892661986172706384e+04
9.102980983473445142e-02 4.339860820543154841e+04
9.999999115058272325e-02 3.889336546185511543e+04
1.098541043672585787e-01 3.642035947886895156e+04
1.206792531427361148e-01 3.262134497217844546e+04
1.325711244288214907e-01 2.779084346542668209e+04
1.456348342787200378e-01 2.485282536404943312e+04
1.599858570014452974e-01 2.189542441915927338e+04
1.757510458761641914e-01 1.929444059688517882e+04
1.930697544488981787e-01 1.718813967136535575e+04
2.120950683230800604e-01 1.573912357104752300e+04
2.329951583321586417e-01 1.396038156837645147e+04
2.559547670553742882e-01 1.259239310888189357e+04
2.811768418164965477e-01 1.140478061815710498e+04
3.088843286001189403e-01 1.040007665848210672e+04
3.393221427425128778e-01 9.514104204917039169e+03
3.727593338166072523e-01 8.713120427428928451e+03
4.094914638472018087e-01 8.019588980576028916e+03
4.498432198782237879e-01 7.426573879285862859e+03
4.941712839853393824e-01 6.916750225264393521e+03
5.428674861028858212e-01 6.442527489430621245e+03
5.963622675339625978e-01 6.032064001707949501e+03
6.551284857587630350e-01 5.649812648950809489e+03
7.196855941730535555e-01 5.299268706103154727e+03
7.906042337028588163e-01 4.984355394781619907e+03
8.685112768820903995e-01 4.688696067937335101e+03
9.540953689793428838e-01 4.417931682067598558e+03
1.048113015153642191e+00 0.000000000000000000e+00
