1.048113066601954503e-02 2.358968372169968643e+04
1.151395323963562076e-02 0.000000000000000000e+00
1.264855132798976302e-02 3.283688668312992377e+04
1.389495400641860279e-02 2.538803922405523554e+04
1.526417862678452857e-02 5.396771971222712637e+03
1.676832820337198493e-02 0.000000000000000000e+00
1.842069839530119726e-02 1.807742307072130643e+04
2.023589503111089191e-02 2.578559891347905068e+04
2.222996321434766651e-02 2.794470464573141362e+04
2.442052915136719640e-02 2.036109249848614854e+04
2.682695595500901239e-02 2.170097400741567253e+04
2.947051480134291537e-02 2.714125447824521325e+04
3.237457295239669353e-02 2.649933149097931164e+04
3.556480030685772731e-02 2.469572290166786479e+04
3.906939630451649464e-02 2.459289774736599429e+04
4.291933919013282694e-02 2.394399874982253823e+04
4.714865984004791566e-02 2.153353674655929717e+04
5.179474257198286163e-02 2.284065874587915459e+04
5.689865559697841746e-02 1.980340360199444694e+04
6.250551403444545850e-02 1.942689180383575876e+04
6.866487869913283359e-02 1.796836771190986110e+04
7.543119418501802176e-02 1.686985063913042541e+04
8.286427011848424007e-02 1.541480380112053899e+04
9.102980983473445142e-02 1.397280459528062056e+04
9.999999115058272325e-02 1.276522306024562204e+04
1.098541043672585787e-01 1.173470115842039377e+04
1.206792531427361148e-01 1.099952362028363132e+04
1.325711244288214907e-01 1.008024955973206124e+04
1.456348342787200378e-01 8.983319692580818810e+03
1.599858570014452974e-01 7.927526152702248510e+03
1.757510458761641914e-01 7.270142066691540094e+03
1.930697544488981787e-01 6.531393209037710221e+03
2.120950683230800604e-01 5.836599814129023798e+03
2.329951583321586417e-01 5.227478177560833501e+03
2.559547670553742882e-01 4.778609357854250447e+03
2.811768418164965477e-01 4.338447014662458969e+03
3.088843286001189403e-01 3.919100252613655357e+03
3.393221427425128778e-01 3.555601942109836273e+03
3.727593338166072523e-01 3.243085359517841425e+03
4.094914638472018087e-01 2.973233463231773385e+03
4.498432198782237879e-01 2.747124226374989121e+03
4.941712839853393824e-01 2.543062115246671056e+03
5.428674861028858212e-01 2.356680498196590634e+03
5.963622675339625978e-01 2.199971071061329440e+03
6.551284857587630350e-01 2.050164539058025639e+03
7.196855941730535555e-01 1.923663934507338126e+03
7.906042337028588163e-01 1.811921444907230125e+03
8.685112768820903995e-01 1.707323631985244901e+03
9.540953689793428838e-01 1.611187104012646159e+03
1.048113015153642191e+00 0.000000000000000000e+00
