1.048113066601954503e-02 1.491324544058247935e+06
1.151395323963562076e-02 0.000000000000000000e+00
1.264855132798976302e-02 1.572222003532620613e+06
1.389495400641860279e-02 1.145878418515748810e+06
1.526417862678452857e-02 1.055666445862768451e+06
1.676832820337198493e-02 0.000000000000000000e+00
1.842069839530119726e-02 7.498644915569132427e+05
2.023589503111089191e-02 1.010637982278139330e+06
2.222996321434766651e-02 4.812352601330532343e+05
2.442052915136719640e-02 6.212671427164045162e+05
2.682695595500901239e-02 5.326546757362969220e+05
2.947051480134291537e-02 3.621765447899422725e+05
3.237457295239669353e-02 3.142993931068766396e+05
3.556480030685772731e-02 3.364411982557135634e+05
3.906939630451649464e-02 2.231472755827536457e+05
4.291933919013282694e-02 2.254394991986975656e+05
4.714865984004791566e-02 2.243467479365425825e+05
5.179474257198286163e-02 1.982407307109314424e+05
5.689865559697841746e-02 2.112393648231939296e+05
6.250551403444545850e-02 1.677937612680383900e+05
6.866487869913283359e-02 1.380912317557576171e+05
7.543119418501802176e-02 1.107813317093571095e+05
8.286427011848424007e-02 9.013327561078278814e+04
9.102980983473445142e-02 8.135324269235604152e+04
9.999999115058272325e-02 7.577844963230108260e+04
1.098541043672585787e-01 6.861243059945919958e+04
1.206792531427361148e-01 5.922069605339329428e+04
1.325711244288214907e-01 4.993499281487640110e+04
1.456348342787200378e-01 4.637365842130655074e+04
1.599858570014452974e-01 4.046523872908111662e+04
1.757510458761641914e-01 3.653348284569439420e+04
1.930697544488981787e-01 3.332950128083054005e+04
2.120950683230800604e-01 3.028770632773418765e+04
2.329951583321586417e-01 2.734390705539833289e+04
2.559547670553742882e-01 2.509669725400878087e+04
2.811768418164965477e-01 2.291721792472050583e+04
3.088843286001189403e-01 2.111795387523268073e+04
3.393221427425128778e-01 1.943292047285638546e+04
3.727593338166072523e-01 1.804831314355344512e+04
4.094914638472018087e-01 1.659603052304691300e+04
4.498432198782237879e-01 1.550196622675396429e+04
4.941712839853393824e-01 1.434690533369491823e+04
5.428674861028858212e-01 1.342421060302346268e+04
5.963622675339625978e-01 1.242702815867843674e+04
6.551284857587630350e-01 1.155094489853531923e+04
7.196855941730535555e-01 1.075041182732130801e+04
7.906042337028588163e-01 9.966036747398469743e+03
8.685112768820903995e-01 9.193268246122233904e+03
9.540953689793428838e-01 8.426866801976057104e+03
1.048113015153642191e+00 0.000000000000000000e+00
