1.048113066601954503e-02 4.700378884973654931e+04
1.151395323963562076e-02 0.000000000000000000e+00
1.264855132798976302e-02 6.624753102357729222e+04
1.389495400641860279e-02 8.177138705211364140e+04
1.526417862678452857e-02 4.164674038011438097e+04
1.676832820337198493e-02 0.000000000000000000e+00
1.842069839530119726e-02 4.691118679316722410e+04
2.023589503111089191e-02 4.644095895847997599e+04
2.222996321434766651e-02 7.503617970267674536e+04
2.442052915136719640e-02 5.190202725509290758e+04
2.682695595500901239e-02 5.819667448029488878e+04
2.947051480134291537e-02 4.901864233197424619e+04
3.237457295239669353e-02 4.828654145828459878e+04
3.556480030685772731e-02 4.015778341213265958e+04
3.906939630451649464e-02 4.140193722340571549e+04
4.291933919013282694e-02 3.283686333408761857e+04
4.714865984004791566e-02 3.123334179680549641e+04
5.179474257198286163e-02 3.017595398003429000e+04
5.689865559697841746e-02 2.703980258854799831e+04
6.250551403444545850e-02 2.387329614002088056e+04
6.866487869913283359e-02 2.351621568634926734e+04
7.543119418501802176e-02 2.052176719112462888e+04
8.286427011848424007e-02 1.720808853985895985e+04
9.102980983473445142e-02 1.530896425018080117e+04
9.999999115058272325e-02 1.401154806047908278e+04
1.098541043672585787e-01 1.225710283559431991e+04
1.206792531427361148e-01 1.110381039750137279e+04
1.325711244288214907e-01 9.884510711219705627e+03
1.456348342787200378e-01 8.332233721585684179e+03
1.599858570014452974e-01 7.398519902984137843e+03
1.757510458761641914e-01 6.635803857603372307e+03
1.930697544488981787e-01 5.949521916103610238e+03
2.120950683230800604e-01 5.105865477384068981e+03
2.329951583321586417e-01 4.539829210678490199e+03
2.559547670553742882e-01 4.032142960352763112e+03
2.811768418164965477e-01 3.610195098417338158e+03
3.088843286001189403e-01 3.204512524780036983e+03
3.393221427425128778e-01 2.870673602637763906e+03
3.727593338166072523e-01 2.572601313189957182e+03
4.094914638472018087e-01 2.319545894728549683e+03
4.498432198782237879e-01 2.112044204009257101e+03
4.941712839853393824e-01 1.914782915216472247e+03
5.428674861028858212e-01 1.749249923082066744e+03
5.963622675339625978e-01 1.603647183642248365e+03
6.551284857587630350e-01 1.473900494546387108e+03
7.196855941730535555e-01 1.361868263948515050e+03
7.906042337028588163e-01 1.260915061005255211e+03
8.685112768820903995e-01 1.171242047442998683e+03
9.540953689793428838e-01 1.093061702007589474e+03
1.048113015153642191e+00 0.000000000000000000e+00
