1.048113066601954503e-02 8.360645108076027827e+04
1.151395323963562076e-02 0.000000000000000000e+00
1.264855132798976302e-02 7.258585819332148822e+04
1.389495400641860279e-02 9.196816895541403210e+04
1.526417862678452857e-02 8.763384230578049028e+04
1.676832820337198493e-02 0.000000000000000000e+00
1.842069839530119726e-02 7.514345176367006206e+04
2.023589503111089191e-02 1.349094878830948728e+05
2.222996321434766651e-02 7.672302800183762156e+04
2.442052915136719640e-02 7.547694900911372679e+04
2.682695595500901239e-02 7.360492770059953909e+04
2.947051480134291537e-02 8.948889818803966045e+04
3.237457295239669353e-02 8.369161588448435941e+04
3.556480030685772731e-02 7.183578235118305020e+04
3.906939630451649464e-02 6.580628428875291138e+04
4.291933919013282694e-02 6.146666900214392808e+04
4.714865984004791566e-02 6.113772558614404988e+04
5.179474257198286163e-02 6.071609681920828007e+04
5.689865559697841746e-02 5.484375897725588584e+04
6.250551403444545850e-02 4.973800117455466534e+04
6.866487869913283359e-02 4.979750397664750926e+04
7.543119418501802176e-02 4.494569546406314475e+04
8.286427011848424007e-02 4.270544423624787305e+04
9.102980983473445142e-02 3.826635748183543910e+04
9.999999115058272325e-02 3.458552826158262906e+04
1.098541043672585787e-01 2.979757015059424521e+04
1.206792531427361148e-01 2.700756140003824839e+04
1.325711244288214907e-01 2.502649180575601349e+04
1.456348342787200378e-01 2.278508000971705769e+04
1.599858570014452974e-01 2.050003480567366933e+04
1.757510458761641914e-01 1.846297898349200477e+04
1.930697544488981787e-01 1.663543089652767958e+04
2.120950683230800604e-01 1.497640390867267342e+04
2.329951583321586417e-01 1.363449106226138974e+04
2.559547670553742882e-01 1.248794529668584801e+04
2.811768418164965477e-01 1.137086572646151035e+04
3.088843286001189403e-01 1.054206266896252419e+04
3.393221427425128778e-01 9.755254497425150475e+03
3.727593338166072523e-01 8.934180960978221265e+03
4.094914638472018087e-01 8.329470109318974210e+03
4.498432198782237879e-01 7.757161790067972106e+03
4.941712839853393824e-01 7.303370765976389521e+03
5.428674861028858212e-01 6.828164782483598174e+03
5.963622675339625978e-01 6.420116013463919444e+03
6.551284857587630350e-01 6.084581207163645558e+03
7.196855941730535555e-01 5.760961491964384550e+03
7.906042337028588163e-01 5.468844747895886030e+03
8.685112768820903995e-01 5.182616611710135658e+03
9.540953689793428838e-01 4.917750947062186242e+03
1.048113015153642191e+00 0.000000000000000000e+00
