1.048113066601954503e-02 6.165684364199161791e+03
1.151395323963562076e-02 0.000000000000000000e+00
1.264855132798976302e-02 1.632046693659188713e+04
1.389495400641860279e-02 1.616044300931643738e+04
1.526417862678452857e-02 1.724714919267233927e+04
1.676832820337198493e-02 0.000000000000000000e+00
1.842069839530119726e-02 1.984288078643994231e+04
2.023589503111089191e-02 2.014612404798476928e+04
2.222996321434766651e-02 1.120163129767731516e+04
2.442052915136719640e-02 2.399124173359332781e+04
2.682695595500901239e-02 1.739940516137933446e+04
2.947051480134291537e-02 1.404963131304586568e+04
3.237457295239669353e-02 1.900603615507911672e+04
3.556480030685772731e-02 2.126471537985539908e+04
3.906939630451649464e-02 1.778685877732532390e+04
4.291933919013282694e-02 1.661087556029106781e+04
4.714865984004791566e-02 1.549187681166355287e+04
5.179474257198286163e-02 1.586059348419790149e+04
5.689865559697841746e-02 1.431981461111455428e+04
6.250551403444545850e-02 1.378849558171198441e+04
6.866487869913283359e-02 1.336929094317527961e+04
7.543119418501802176e-02 1.261976006394351134e+04
8.286427011848424007e-02 1.148703467741648456e+04
9.102980983473445142e-02 9.786521219774258498e+03
9.999999115058272325e-02 9.244695115541446285e+03
1.098541043672585787e-01 8.545214903702933952e+03
1.206792531427361148e-01 7.890521266825936436e+03
1.325711244288214907e-01 7.251438147048248538e+03
1.456348342787200378e-01 6.432725665462698998e+03
1.599858570014452974e-01 5.785478347086432223e+03
1.757510458761641914e-01 5.159084340786323082e+03
1.930697544488981787e-01 4.685951694037323250e+03
2.120950683230800604e-01 4.162905509829006405e+03
2.329951583321586417e-01 3.708253184437024174e+03
2.559547670553742882e-01 3.393756234683017738e+03
2.811768418164965477e-01 3.054632421066608913e+03
3.088843286001189403e-01 2.762336049786783860e+03
3.393221427425128778e-01 2.511962611468282375e+03
3.727593338166072523e-01 2.289877624644027492e+03
4.094914638472018087e-01 2.104769955782793204e+03
4.498432198782237879e-01 1.934639412521239819e+03
4.941712839853393824e-01 1.783715142880930898e+03
5.428674861028858212e-01 1.650051143540087196e+03
5.963622675339625978e-01 1.530382666179288663e+03
6.551284857587630350e-01 1.429509521000937411e+03
7.196855941730535555e-01 1.337161512913680326e+03
7.906042337028588163e-01 1.255340745660896800e+03
8.685112768820903995e-01 1.182999833206182529e+03
9.540953689793428838e-01 1.117000613404771684e+03
1.048113015153642191e+00 0.000000000000000000e+00
