1.048113066601954503e-02 1.122952871694097121e+05
1.151395323963562076e-02 0.000000000000000000e+00
1.264855132798976302e-02 4.968093098790857475e+05
1.389495400641860279e-02 2.458269155443023192e+05
1.526417862678452857e-02 3.717333086410812684e+05
1.676832820337198493e-02 0.000000000000000000e+00
1.842069839530119726e-02 2.053248052637245273e+05
2.023589503111089191e-02 2.371469561175585841e+05
2.222996321434766651e-02 2.159867508517142269e+05
2.442052915136719640e-02 1.893837728099993546e+05
2.682695595500901239e-02 1.637291971557363286e+05
2.947051480134291537e-02 1.775779286497642170e+05
3.237457295239669353e-02 1.805285625218721980e+05
3.556480030685772731e-02 1.209874392759203183e+05
3.906939630451649464e-02 1.004383529563109332e+05
4.291933919013282694e-02 9.652605934996945143e+04
4.714865984004791566e-02 8.768946418751060264e+04
5.179474257198286163e-02 7.975487917610981094e+04
5.689865559697841746e-02 8.122392295018446748e+04
6.250551403444545850e-02 8.264887594932460343e+04
6.866487869913283359e-02 7.146561161936428107e+04
7.543119418501802176e-02 5.671490056392966653e+04
8.286427011848424007e-02 4.606698248063672509e+04
9.102980983473445142e-02 3.842818307575985091e+04
9.999999115058272325e-02 3.571946344492096978e+04
1.098541043672585787e-01 3.461147772329467261e+04
1.206792531427361148e-01 3.228672804845434803e+04
1.325711244288214907e-01 2.748749069962941576e+04
1.456348342787200378e-01 2.346663368001986964e+04
1.599858570014452974e-01 2.101096388166712495e+04
1.757510458761641914e-01 1.966254297164895979e+04
1.930697544488981787e-01 1.750594768202730120e+04
2.120950683230800604e-01 1.548850151955000183e+04
2.329951583321586417e-01 1.414706178895704943e+04
2.559547670553742882e-01 1.301306637454542943e+04
2.811768418164965477e-01 1.179385626282730482e+04
3.088843286001189403e-01 1.081618014849073370e+04
3.393221427425128778e-01 9.956750281731376162e+03
3.727593338166072523e-01 9.223396162498953345e+03
4.094914638472018087e-01 8.567742792680706771e+03
4.498432198782237879e-01 8.000927663008769741e+03
4.941712839853393824e-01 7.501589743090628872e+03
5.428674861028858212e-01 7.016777738605042032e+03
5.963622675339625978e-01 6.589293157618682017e+03
6.551284857587630350e-01 6.196798707055179875e+03
7.196855941730535555e-01 5.862109488374251669e+03
7.906042337028588163e-01 5.531845327194572747e+03
8.685112768820903995e-01 5.232045628930994098e+03
9.540953689793428838e-01 4.940575958787900163e+03
1.048113015153642191e+00 0.000000000000000000e+00
