1.048113066601954503e-02 3.298529303779203474e+04
1.151395323963562076e-02 0.000000000000000000e+00
1.264855132798976302e-02 2.529546519526110933e+04
1.389495400641860279e-02 3.545677738678839523e+04
1.526417862678452857e-02 5.387812225417800801e+04
1.676832820337198493e-02 0.000000000000000000e+00
1.842069839530119726e-02 6.330475780519474210e+04
2.023589503111089191e-02 4.797860271353735880e+04
2.222996321434766651e-02 5.603507471445380361e+04
2.442052915136719640e-02 2.885694864829388825e+04
2.682695595500901239e-02 3.334192039261797618e+04
2.947051480134291537e-02 3.792715961548286577e+04
3.237457295239669353e-02 3.244176838881438016e+04
3.556480030685772731e-02 3.316966202194902871e+04
3.906939630451649464e-02 3.278095203654968645e+04
4.291933919013282694e-02 2.748279225927877269e+04
4.714865984004791566e-02 2.435528164089612619e+04
5.179474257198286163e-02 2.315579969145550422e+04
5.689865559697841746e-02 2.198456670069824031e+04
6.250551403444545850e-02 2.072455254346544825e+04
6.866487869913283359e-02 2.034293934098731552e+04
7.543119418501802176e-02 1.854986648018869164e+04
8.286427011848424007e-02 1.515521436547791745e+04
9.102980983473445142e-02 1.314382240357117189e+04
9.999999115058272325e-02 1.142728700404041592e+04
1.098541043672585787e-01 1.056551224328988246e+04
1.206792531427361148e-01 9.789144652837923786e+03
1.325711244288214907e-01 8.759194268491804905e+03
1.456348342787200378e-01 7.429233849921767614e+03
1.599858570014452974e-01 6.637567308410802980e+03
1.757510458761641914e-01 5.941013495633347702e+03
1.930697544488981787e-01 5.231862986766558606e+03
2.120950683230800604e-01 4.614086059427243526e+03
2.329951583321586417e-01 4.101307426097203461e+03
2.559547670553742882e-01 3.692196384122952168e+03
2.811768418164965477e-01 3.319398103115469894e+03
3.088843286001189403e-01 2.952867588782547955e+03
3.393221427425128778e-01 2.666414136013394000e+03
3.727593338166072523e-01 2.407685268698079199e+03
4.094914638472018087e-01 2.184644685610895976e+03
4.498432198782237879e-01 1.997910652535456848e+03
4.941712839853393824e-01 1.825602388106323360e+03
5.428674861028858212e-01 1.675509843628582075e+03
5.963622675339625978e-01 1.547919683317894396e+03
6.551284857587630350e-01 1.430615773391072253e+03
7.196855941730535555e-01 1.328805322514946738e+03
7.906042337028588163e-01 1.235909365183896170e+03
8.685112768820903995e-01 1.152697034553804315e+03
9.540953689793428838e-01 1.077719852193786664e+03
1.048113015153642191e+00 0.000000000000000000e+00
