1.048113066601954503e-02 2.021141171556554327e+05
1.151395323963562076e-02 0.000000000000000000e+00
1.264855132798976302e-02 2.380892337715465983e+05
1.389495400641860279e-02 1.961619322127660853e+05
1.526417862678452857e-02 2.588988591003456677e+05
1.676832820337198493e-02 0.000000000000000000e+00
1.842069839530119726e-02 1.998566933573168353e+05
2.023589503111089191e-02 2.406238843737700954e+05
2.222996321434766651e-02 2.150884158864953206e+05
2.442052915136719640e-02 2.153812306062802672e+05
2.682695595500901239e-02 1.746378228359411005e+05
2.947051480134291537e-02 1.693482225690046616e+05
3.237457295239669353e-02 1.289156111613218382e+05
3.556480030685772731e-02 1.166626338645932265e+05
3.906939630451649464e-02 1.117053589301104657e+05
4.291933919013282694e-02 1.116095447911979863e+05
4.714865984004791566e-02 9.679150961263655336e+04
5.179474257198286163e-02 9.299784447574627120e+04
5.689865559697841746e-02 9.398285840138782805e+04
6.250551403444545850e-02 8.199906976023704919e+04
6.866487869913283359e-02 7.421874025975266704e+04
7.543119418501802176e-02 6.192565819105382980e+04
8.286427011848424007e-02 5.271596962620200065e+04
9.102980983473445142e-02 4.903055714780448761e+04
9.999999115058272325e-02 4.360410680730341119e+04
1.098541043672585787e-01 3.975837060739156004e+04
1.206792531427361148e-01 3.583917270165414084e+04
1.325711244288214907e-01 3.051780663454082969e+04
1.456348342787200378e-01 2.742244828862450959e+04
1.599858570014452974e-01 2.522546073331657681e+04
1.757510458761641914e-01 2.253995902971937176e+04
1.930697544488981787e-01 2.003504509149504520e+04
2.120950683230800604e-01 1.839578444404936818e+04
2.329951583321586417e-01 1.644683454121102477e+04
2.559547670553742882e-01 1.512258478595366250e+04
2.811768418164965477e-01 1.384612207286945704e+04
3.088843286001189403e-01 1.261263554664821640e+04
3.393221427425128778e-01 1.168679522660526345e+04
3.727593338166072523e-01 1.081248434694515527e+04
4.094914638472018087e-01 1.008815291240151419e+04
4.498432198782237879e-01 9.408887289332620639e+03
4.941712839853393824e-01 8.835672960630368834e+03
5.428674861028858212e-01 8.279063067154616874e+03
5.963622675339625978e-01 7.822782432469608466e+03
6.551284857587630350e-01 7.350337931780584768e+03
7.196855941730535555e-01 6.955142058270537746e+03
7.906042337028588163e-01 6.565023487967270739e+03
8.685112768820903995e-01 6.215509131899636486e+03
9.540953689793428838e-01 5.876908667677681478e+03
1.048113015153642191e+00 0.000000000000000000e+00
