1.048113066601954503e-02 1.879832673518070078e+04
1.151395323963562076e-02 0.000000000000000000e+00
1.264855132798976302e-02 4.598465563079441927e+04
1.389495400641860279e-02 3.705709889367941651e+04
1.526417862678452857e-02 3.393262128005894920e+04
1.676832820337198493e-02 0.000000000000000000e+00
1.842069839530119726e-02 3.514713369096034876e+04
2.023589503111089191e-02 4.776211723224320303e+04
2.222996321434766651e-02 2.987498979551807861e+04
2.442052915136719640e-02 4.833918385032557853e+04
2.682695595500901239e-02 5.143360565320300520e+04
2.947051480134291537e-02 5.442594157771603204e+04
3.237457295239669353e-02 4.221145422922037687e+04
3.556480030685772731e-02 3.829226616049914446e+04
3.906939630451649464e-02 3.903085913982735656e+04
4.291933919013282694e-02 3.824521330175222101e+04
4.714865984004791566e-02 3.482619435283719213e+04
5.179474257198286163e-02 3.473336867453031300e+04
5.689865559697841746e-02 3.126233680003551854e+04
6.250551403444545850e-02 3.174310130232932352e+04
6.866487869913283359e-02 2.855595194281078147e+04
7.543119418501802176e-02 2.718312497657060885e+04
8.286427011848424007e-02 2.404908315786155435e+04
9.102980983473445142e-02 2.180034914497577483e+04
9.999999115058272325e-02 1.898601509318508033e+04
1.098541043672585787e-01 1.783638567023334326e+04
1.206792531427361148e-01 1.615060316593131756e+04
1.325711244288214907e-01 1.478815274017084266e+04
1.456348342787200378e-01 1.341293498653606912e+04
1.599858570014452974e-01 1.190743653401336269e+04
1.757510458761641914e-01 1.076797283055887056e+04
1.930697544488981787e-01 9.849755862670914212e+03
2.120950683230800604e-01 8.943101096236459853e+03
2.329951583321586417e-01 8.154278341036353595e+03
2.559547670553742882e-01 7.431508752739835472e+03
2.811768418164965477e-01 6.809219843065671739e+03
3.088843286001189403e-01 6.259387965129952136e+03
3.393221427425128778e-01 5.750199564446547811e+03
3.727593338166072523e-01 5.296541661182507596e+03
4.094914638472018087e-01 4.938907775541142655e+03
4.498432198782237879e-01 4.612958784832448146e+03
4.941712839853393824e-01 4.306216880346786638e+03
5.428674861028858212e-01 4.045099455574853891e+03
5.963622675339625978e-01 3.814618464646523989e+03
6.551284857587630350e-01 3.609075167005079493e+03
7.196855941730535555e-01 3.404050353394113699e+03
7.906042337028588163e-01 3.235915917350868312e+03
8.685112768820903995e-01 3.054900171491899982e+03
9.540953689793428838e-01 2.894787388476598608e+03
1.048113015153642191e+00 0.000000000000000000e+00
