1.048113066601954503e-02 3.028504190604360338e+04
1.151395323963562076e-02 0.000000000000000000e+00
1.264855132798976302e-02 2.009305542257833440e+04
1.389495400641860279e-02 2.100142693869677169e+04
1.526417862678452857e-02 1.626548303998102710e+04
1.676832820337198493e-02 0.000000000000000000e+00
1.842069839530119726e-02 2.422592808951731422e+04
2.023589503111089191e-02 2.121477318535835002e+04
2.222996321434766651e-02 2.300831891264393562e+04
2.442052915136719640e-02 1.669363603302736374e+04
2.682695595500901239e-02 2.896193135652139244e+04
2.947051480134291537e-02 2.395222041092147629e+04
3.237457295239669353e-02 2.032716454870607413e+04
3.556480030685772731e-02 2.210277328148920787e+04
3.906939630451649464e-02 1.705930444880676805e+04
4.291933919013282694e-02 1.812942224373109639e+04
4.714865984004791566e-02 1.698449421984223591e+04
5.179474257198286163e-02 1.497401000360626131e+04
5.689865559697841746e-02 1.468353503479137908e+04
6.250551403444545850e-02 1.289849904764712846e+04
6.866487869913283359e-02 1.228705884361070639e+04
7.543119418501802176e-02 1.203652989712193084e+04
8.286427011848424007e-02 1.056600562702503521e+04
9.102980983473445142e-02 9.108425024975482302e+03
9.999999115058272325e-02 8.095721863019599368e+03
1.098541043672585787e-01 7.060746473594311283e+03
1.206792531427361148e-01 6.756121601700357132e+03
1.325711244288214907e-01 6.132592371150186409e+03
1.456348342787200378e-01 5.544406847471144829e+03
1.599858570014452974e-01 4.688143643497106495e+03
1.757510458761641914e-01 4.231796424245050730e+03
1.930697544488981787e-01 3.847649434302588816e+03
2.120950683230800604e-01 3.391384564956039412e+03
2.329951583321586417e-01 2.967245987167552357e+03
2.559547670553742882e-01 2.684534325992458434e+03
2.811768418164965477e-01 2.399639076502649459e+03
3.088843286001189403e-01 2.149632617459942594e+03
3.393221427425128778e-01 1.937093518201535062e+03
3.727593338166072523e-01 1.748619693911271497e+03
4.094914638472018087e-01 1.580946589664892599e+03
4.498432198782237879e-01 1.438913445141104603e+03
4.941712839853393824e-01 1.319624230605415960e+03
5.428674861028858212e-01 1.207809734623584518e+03
5.963622675339625978e-01 1.114063417431925245e+03
6.551284857587630350e-01 1.026848513172156117e+03
7.196855941730535555e-01 9.482690311298724737e+02
7.906042337028588163e-01 8.816882783914521724e+02
8.685112768820903995e-01 8.204887841582478814e+02
9.540953689793428838e-01 7.654012516800489720e+02
1.048113015153642191e+00 0.000000000000000000e+00
