1.048113066601954503e-02 2.335739991404109969e+04
1.151395323963562076e-02 0.000000000000000000e+00
1.264855132798976302e-02 2.421902887660024135e+04
1.389495400641860279e-02 7.573250612082250882e+04
1.526417862678452857e-02 5.511204678969254746e+04
1.676832820337198493e-02 0.000000000000000000e+00
1.842069839530119726e-02 5.073056813227111707e+04
2.023589503111089191e-02 4.773058884160104935e+04
2.222996321434766651e-02 5.147831434822460142e+04
2.442052915136719640e-02 4.566623528241789609e+04
2.682695595500901239e-02 4.361712427511828719e+04
2.947051480134291537e-02 4.690405704967124620e+04
3.237457295239669353e-02 4.642352572628502094e+04
3.556480030685772731e-02 4.512001584674305923e+04
3.906939630451649464e-02 3.949431740042037563e+04
4.291933919013282694e-02 3.561869572443579091e+04
4.714865984004791566e-02 3.262943145467378781e+04
5.179474257198286163e-02 3.174622898148944660e+04
5.689865559697841746e-02 3.108355071441348628e+04
6.250551403444545850e-02 3.175347829435972380e+04
6.866487869913283359e-02 2.831523381563966541e+04
7.543119418501802176e-02 2.543356805802603049e+04
8.286427011848424007e-02 2.408741698337772687e+04
9.102980983473445142e-02 2.012789181881876721e+04
9.999999115058272325e-02 1.797505446707953888e+04
1.098541043672585787e-01 1.567246667357097067e+04
1.206792531427361148e-01 1.446901430383976003e+04
1.325711244288214907e-01 1.347438239918455292e+04
1.456348342787200378e-01 1.206489649608508807e+04
1.599858570014452974e-01 1.030723459609269230e+04
1.757510458761641914e-01 9.396418366409090595e+03
1.930697544488981787e-01 8.416489295547540678e+03
2.120950683230800604e-01 7.548310965182550717e+03
2.329951583321586417e-01 6.687590793426281380e+03
2.559547670553742882e-01 6.027443452759725915e+03
2.811768418164965477e-01 5.443356013879676539e+03
3.088843286001189403e-01 4.904753132942038974e+03
3.393221427425128778e-01 4.473389472296992608e+03
3.727593338166072523e-01 4.072293631534977521e+03
4.094914638472018087e-01 3.704231497717227285e+03
4.498432198782237879e-01 3.419921406898473833e+03
4.941712839853393824e-01 3.158451674549887684e+03
5.428674861028858212e-01 2.911584717633062155e+03
5.963622675339625978e-01 2.704483470540444159e+03
6.551284857587630350e-01 2.530527693405378614e+03
7.196855941730535555e-01 2.361942987413583523e+03
7.906042337028588163e-01 2.215768875167389524e+03
8.685112768820903995e-01 2.086606972985969605e+03
9.540953689793428838e-01 1.973894245333978688e+03
1.048113015153642191e+00 0.000000000000000000e+00
