1.048113066601954503e-02 5.360804297160147689e+04
1.151395323963562076e-02 0.000000000000000000e+00
1.264855132798976302e-02 4.404116949883421330e+04
1.389495400641860279e-02 6.299586252318100014e+04
1.526417862678452857e-02 8.381389232812849514e+04
1.676832820337198493e-02 0.000000000000000000e+00
1.842069839530119726e-02 5.508189100405885256e+04
2.023589503111089191e-02 7.792701544361455308e+04
2.222996321434766651e-02 7.117816500405444822e+04
2.442052915136719640e-02 6.478126327189708536e+04
2.682695595500901239e-02 6.758632369000594190e+04
2.947051480134291537e-02 7.479457706843919004e+04
3.237457295239669353e-02 6.307289355166921450e+04
3.556480030685772731e-02 6.193264729302741034e+04
3.906939630451649464e-02 5.865711716382142913e+04
4.291933919013282694e-02 4.622099876322616183e+04
4.714865984004791566e-02 3.489308560591647256e+04
5.179474257198286163e-02 3.779147263962928264e+04
5.689865559697841746e-02 3.759400929606761201e+04
6.250551403444545850e-02 3.529702160256449133e+04
6.866487869913283359e-02 3.185089207458713645e+04
7.543119418501802176e-02 3.107725554545357227e+04
8.286427011848424007e-02 2.886926467710270663e+04
9.102980983473445142e-02 2.569026873014047305e+04
9.999999115058272325e-02 2.131106689011127310e+04
1.098541043672585787e-01 1.868888652505386563e+04
1.206792531427361148e-01 1.684049239735249648e+04
1.325711244288214907e-01 1.549688472554525470e+04
1.456348342787200378e-01 1.453190800563141238e+04
1.599858570014452974e-01 1.291282759284778695e+04
1.757510458761641914e-01 1.141764469211220057e+04
1.930697544488981787e-01 1.027938556132940357e+04
2.120950683230800604e-01 9.438141166192432138e+03
2.329951583321586417e-01 8.544832727676885042e+03
2.559547670553742882e-01 7.821322935748861710e+03
2.811768418164965477e-01 7.145026499234559196e+03
3.088843286001189403e-01 6.582842509033449460e+03
3.393221427425128778e-01 6.100292819620318369e+03
3.727593338166072523e-01 5.651991899788328737e+03
4.094914638472018087e-01 5.287160906444936700e+03
4.498432198782237879e-01 4.931536611568701119e+03
4.941712839853393824e-01 4.640213361305215585e+03
5.428674861028858212e-01 4.352376138159231232e+03
5.963622675339625978e-01 4.093978345268758858e+03
6.551284857587630350e-01 3.851018963528693348e+03
7.196855941730535555e-01 3.634814190567562036e+03
7.906042337028588163e-01 3.424624202558859906e+03
8.685112768820903995e-01 3.234236588877348368e+03
9.540953689793428838e-01 3.039180175067574055e+03
1.048113015153642191e+00 0.000000000000000000e+00
