1.048113066601954503e-02 2.700511787833292037e+05
1.151395323963562076e-02 0.000000000000000000e+00
1.264855132798976302e-02 8.238921196876680187e+04
1.389495400641860279e-02 1.007452828724260180e+05
1.526417862678452857e-02 1.168317602944684040e+05
1.676832820337198493e-02 0.000000000000000000e+00
1.842069839530119726e-02 1.392675221471274563e+05
2.023589503111089191e-02 9.698503706636306015e+04
2.222996321434766651e-02 1.354271374262476747e+05
2.442052915136719640e-02 1.200753799194210442e+05
2.682695595500901239e-02 1.254328212418873445e+05
2.947051480134291537e-02 8.529939880447187170e+04
3.237457295239669353e-02 1.021318537189759954e+05
3.556480030685772731e-02 7.766852874814863026e+04
3.906939630451649464e-02 6.548242260645072383e+04
4.291933919013282694e-02 6.708204567539895652e+04
4.714865984004791566e-02 5.228739392593107914e+04
5.179474257198286163e-02 5.165418821707643656e+04
5.689865559697841746e-02 4.562614310905694583e+04
6.250551403444545850e-02 4.025646238224547415e+04
6.866487869913283359e-02 3.902230528267970658e+04
7.543119418501802176e-02 3.544401083127918537e+04
8.286427011848424007e-02 3.206693279944474853e+04
9.102980983473445142e-02 2.726988522717497108e+04
9.999999115058272325e-02 2.431872055739095231e+04
1.098541043672585787e-01 2.064544939079355026e+04
1.206792531427361148e-01 1.814291016536048483e+04
1.325711244288214907e-01 1.637023651705079828e+04
1.456348342787200378e-01 1.521886621778512563e+04
1.599858570014452974e-01 1.291999568281651591e+04
1.757510458761641914e-01 1.170873290183817153e+04
1.930697544488981787e-01 1.072846548890959093e+04
2.120950683230800604e-01 9.593209569464375818e+03
2.329951583321586417e-01 8.634096750130647706e+03
2.559547670553742882e-01 7.891496819770613911e+03
2.811768418164965477e-01 7.187645746759873873e+03
3.088843286001189403e-01 6.565998995097779698e+03
3.393221427425128778e-01 6.036255871527554518e+03
3.727593338166072523e-01 5.559273336621179624e+03
4.094914638472018087e-01 5.144940989024355986e+03
4.498432198782237879e-01 4.782811511404041994e+03
4.941712839853393824e-01 4.419316032649127919e+03
5.428674861028858212e-01 4.126645325602248704e+03
5.963622675339625978e-01 3.866496787504638633e+03
6.551284857587630350e-01 3.600903142086091975e+03
7.196855941730535555e-01 3.364142420072470486e+03
7.906042337028588163e-01 3.140117299849349365e+03
8.685112768820903995e-01 2.925762604726167410e+03
9.540953689793428838e-01 2.716877404919940091e+03
1.048113015153642191e+00 0.000000000000000000e+00
