1.048113066601954503e-02 1.348936303507792945e+04
1.151395323963562076e-02 0.000000000000000000e+00
1.264855132798976302e-02 7.574480651010508154e+03
1.389495400641860279e-02 8.461004757257693200e+03
1.526417862678452857e-02 1.485045538974869305e+04
1.676832820337198493e-02 0.000000000000000000e+00
1.842069839530119726e-02 8.287586037399327324e+03
2.023589503111089191e-02 1.153371830886809403e+04
2.222996321434766651e-02 1.120003965225683714e+04
2.442052915136719640e-02 1.167178820765434648e+04
2.682695595500901239e-02 1.247165796279275855e+04
2.947051480134291537e-02 1.135857405843968081e+04
3.237457295239669353e-02 1.371028715276268122e+04
3.556480030685772731e-02 1.055511187760940447e+04
3.906939630451649464e-02 1.047799350241884531e+04
4.291933919013282694e-02 1.172190563604760973e+04
4.714865984004791566e-02 1.090128214883342662e+04
5.179474257198286163e-02 9.628698358143621590e+03
5.689865559697841746e-02 8.492064409726590384e+03
6.250551403444545850e-02 8.716827748730373060e+03
6.866487869913283359e-02 8.894850541825171604e+03
7.543119418501802176e-02 8.561217108883296532e+03
8.286427011848424007e-02 7.820676266707938339e+03
9.102980983473445142e-02 6.790797091035863559e+03
9.999999115058272325e-02 6.027225158631465092e+03
1.098541043672585787e-01 5.622525576981130143e+03
1.206792531427361148e-01 5.008310524682819960e+03
1.325711244288214907e-01 4.644184803804746480e+03
1.456348342787200378e-01 4.309850215684040450e+03
1.599858570014452974e-01 3.797006411057936930e+03
1.757510458761641914e-01 3.354266777947386345e+03
1.930697544488981787e-01 3.042198386326352647e+03
2.120950683230800604e-01 2.773359035905471501e+03
2.329951583321586417e-01 2.480415062478522032e+03
2.559547670553742882e-01 2.218849488015836414e+03
2.811768418164965477e-01 1.996655496300257255e+03
3.088843286001189403e-01 1.793241713810571127e+03
3.393221427425128778e-01 1.633669237159853083e+03
3.727593338166072523e-01 1.480401870147613636e+03
4.094914638472018087e-01 1.346411698466782809e+03
4.498432198782237879e-01 1.231428534409892109e+03
4.941712839853393824e-01 1.129600472793035806e+03
5.428674861028858212e-01 1.038195110775668127e+03
5.963622675339625978e-01 9.596763854378082215e+02
6.551284857587630350e-01 8.877343683273625174e+02
7.196855941730535555e-01 8.274147388743682541e+02
7.906042337028588163e-01 7.713088652866296115e+02
8.685112768820903995e-01 7.215267599088613224e+02
9.540953689793428838e-01 6.764689873013994657e+02
1.048113015153642191e+00 0.000000000000000000e+00
