1.048113066601954503e-02 1.502794923689594143e+05
1.151395323963562076e-02 0.000000000000000000e+00
1.264855132798976302e-02 1.769701147615314985e+05
1.389495400641860279e-02 2.090574574710266897e+05
1.526417862678452857e-02 3.878031867000413476e+05
1.676832820337198493e-02 0.000000000000000000e+00
1.842069839530119726e-02 1.438359400278456451e+05
2.023589503111089191e-02 2.015335351451302704e+05
2.222996321434766651e-02 2.340535388397554925e+05
2.442052915136719640e-02 2.133305740475316416e+05
2.682695595500901239e-02 1.566666484736288548e+05
2.947051480134291537e-02 1.867279567260512267e+05
3.237457295239669353e-02 1.162237918804571382e+05
3.556480030685772731e-02 1.178261165058056067e+05
3.906939630451649464e-02 8.046945255035057198e+04
4.291933919013282694e-02 1.080953325531545852e+05
4.714865984004791566e-02 1.032250890458481881e+05
5.179474257198286163e-02 9.483707884692095104e+04
5.689865559697841746e-02 8.503492391449771821e+04
6.250551403444545850e-02 7.511978588633413892e+04
6.866487869913283359e-02 6.170001328997540986e+04
7.543119418501802176e-02 5.131674643328890670e+04
8.286427011848424007e-02 4.257630057510105689e+04
9.102980983473445142e-02 3.938070467851792637e+04
9.999999115058272325e-02 3.586281680343821063e+04
1.098541043672585787e-01 3.110076425673289486e+04
1.206792531427361148e-01 2.629598665464697115e+04
1.325711244288214907e-01 2.315274814837746817e+04
1.456348342787200378e-01 2.069818998585265945e+04
1.599858570014452974e-01 1.823445395755452046e+04
1.757510458761641914e-01 1.576387876896998205e+04
1.930697544488981787e-01 1.405863232091758982e+04
2.120950683230800604e-01 1.250162420463183662e+04
2.329951583321586417e-01 1.118071507651973297e+04
2.559547670553742882e-01 9.910432170228727045e+03
2.811768418164965477e-01 8.906806795093363689e+03
3.088843286001189403e-01 8.087403283979365369e+03
3.393221427425128778e-01 7.358927432933716773e+03
3.727593338166072523e-01 6.633746612509554325e+03
4.094914638472018087e-01 6.077829817530759101e+03
4.498432198782237879e-01 5.600122329479192558e+03
4.941712839853393824e-01 5.191059686139846235e+03
5.428674861028858212e-01 4.780135299441901225e+03
5.963622675339625978e-01 4.463366446788587382e+03
6.551284857587630350e-01 4.141702945276834726e+03
7.196855941730535555e-01 3.860692056777411381e+03
7.906042337028588163e-01 3.599954444600883107e+03
8.685112768820903995e-01 3.372658911957638338e+03
9.540953689793428838e-01 3.159795836513263566e+03
1.048113015153642191e+00 0.000000000000000000e+00
