1.048113066601954503e-02 1.876673042580554466e+04
1.151395323963562076e-02 0.000000000000000000e+00
1.264855132798976302e-02 4.842263528256864447e+03
1.389495400641860279e-02 2.289712142890788891e+04
1.526417862678452857e-02 2.133285852773353690e+04
1.676832820337198493e-02 0.000000000000000000e+00
1.842069839530119726e-02 1.590479289429269193e+04
2.023589503111089191e-02 1.419508227828477720e+04
2.222996321434766651e-02 3.067499384691566593e+04
2.442052915136719640e-02 3.138352106449526764e+04
2.682695595500901239e-02 2.394686294267440462e+04
2.947051480134291537e-02 2.569293461145070978e+04
3.237457295239669353e-02 1.871755595051097771e+04
3.556480030685772731e-02 2.617095892391365123e+04
3.906939630451649464e-02 2.565846120348774275e+04
4.291933919013282694e-02 2.319381430683371582e+04
4.714865984004791566e-02 2.501525771323990557e+04
5.179474257198286163e-02 2.301685319871634056e+04
5.689865559697841746e-02 2.172070121589663177e+04
6.250551403444545850e-02 2.109932120050308731e+04
6.866487869913283359e-02 2.068949078300151450e+04
7.543119418501802176e-02 2.108579215533910610e+04
8.286427011848424007e-02 1.974327258813177468e+04
9.102980983473445142e-02 1.791308828078031001e+04
9.999999115058272325e-02 1.597094078959464241e+04
1.098541043672585787e-01 1.543175007739314242e+04
1.206792531427361148e-01 1.394812083879900092e+04
1.325711244288214907e-01 1.350819821457774742e+04
1.456348342787200378e-01 1.236096673415819168e+04
1.599858570014452974e-01 1.122280062162172180e+04
1.757510458761641914e-01 1.017273269981336853e+04
1.930697544488981787e-01 9.612277978129293842e+03
2.120950683230800604e-01 8.802419744097078365e+03
2.329951583321586417e-01 8.012032254232661217e+03
2.559547670553742882e-01 7.475935239859691137e+03
2.811768418164965477e-01 6.874893280266745933e+03
3.088843286001189403e-01 6.397687110308656884e+03
3.393221427425128778e-01 5.977868635426966648e+03
3.727593338166072523e-01 5.588352319642353905e+03
4.094914638472018087e-01 5.223003175841096891e+03
4.498432198782237879e-01 4.945397956874194278e+03
4.941712839853393824e-01 4.680781594847543602e+03
5.428674861028858212e-01 4.430643135943289053e+03
5.963622675339625978e-01 4.214202431790445189e+03
6.551284857587630350e-01 4.023994912166049289e+03
7.196855941730535555e-01 3.836541527379654781e+03
7.906042337028588163e-01 3.680697172202671936e+03
8.685112768820903995e-01 3.519913138424647514e+03
9.540953689793428838e-01 3.371127365702665429e+03
1.048113015153642191e+00 0.000000000000000000e+00
