1.048113066601954503e-02 1.107367040179404896e+06
1.151395323963562076e-02 0.000000000000000000e+00
1.264855132798976302e-02 7.394112133081348147e+05
1.389495400641860279e-02 5.194272329993266612e+05
1.526417862678452857e-02 6.793018810969325714e+05
1.676832820337198493e-02 0.000000000000000000e+00
1.842069839530119726e-02 4.171314076374980505e+05
2.023589503111089191e-02 3.484846313363201916e+05
2.222996321434766651e-02 2.511204161679730751e+05
2.442052915136719640e-02 1.875849076165523147e+05
2.682695595500901239e-02 2.044129334360319190e+05
2.947051480134291537e-02 2.281741317173671268e+05
3.237457295239669353e-02 1.516425185767183139e+05
3.556480030685772731e-02 1.133334376780661114e+05
3.906939630451649464e-02 1.135751248292907403e+05
4.291933919013282694e-02 1.106017060625661688e+05
4.714865984004791566e-02 1.057401961883946642e+05
5.179474257198286163e-02 1.143319366997715260e+05
5.689865559697841746e-02 9.967897054485102126e+04
6.250551403444545850e-02 8.237365259425941622e+04
6.866487869913283359e-02 5.729112215732822369e+04
7.543119418501802176e-02 4.515218484819015430e+04
8.286427011848424007e-02 4.069346844367350423e+04
9.102980983473445142e-02 3.938029301675218449e+04
9.999999115058272325e-02 3.696751734021595621e+04
1.098541043672585787e-01 3.251833297546719041e+04
1.206792531427361148e-01 2.555019753796905570e+04
1.325711244288214907e-01 2.238380819069336940e+04
1.456348342787200378e-01 2.075740573857991330e+04
1.599858570014452974e-01 1.845594805966432614e+04
1.757510458761641914e-01 1.591826935697120098e+04
1.930697544488981787e-01 1.410986499548837674e+04
2.120950683230800604e-01 1.265444783090284909e+04
2.329951583321586417e-01 1.146953125128921238e+04
2.559547670553742882e-01 1.032445767409143082e+04
2.811768418164965477e-01 9.262510443840226799e+03
3.088843286001189403e-01 8.345332792780689488e+03
3.393221427425128778e-01 7.652995286895290519e+03
3.727593338166072523e-01 6.969672548788517815e+03
4.094914638472018087e-01 6.432652919905419367e+03
4.498432198782237879e-01 5.948894007355659596e+03
4.941712839853393824e-01 5.465824280570755946e+03
5.428674861028858212e-01 5.050783602548441195e+03
5.963622675339625978e-01 4.701458244261670188e+03
6.551284857587630350e-01 4.379830114140413571e+03
7.196855941730535555e-01 4.065519007360237083e+03
7.906042337028588163e-01 3.783685476381624539e+03
8.685112768820903995e-01 3.519970346939899173e+03
9.540953689793428838e-01 3.272585785931327337e+03
1.048113015153642191e+00 0.000000000000000000e+00
