1.048113066601954503e-02 8.718770942113169440e+03
1.151395323963562076e-02 0.000000000000000000e+00
1.264855132798976302e-02 1.158866142153842520e+04
1.389495400641860279e-02 9.748815368007233701e+03
1.526417862678452857e-02 9.257207797000666687e+03
1.676832820337198493e-02 0.000000000000000000e+00
1.842069839530119726e-02 1.135521051397530573e+04
2.023589503111089191e-02 9.978484684776167342e+03
2.222996321434766651e-02 9.067255345898247469e+03
2.442052915136719640e-02 1.319518303711409499e+04
2.682695595500901239e-02 1.209901463629711725e+04
2.947051480134291537e-02 1.255510824273082653e+04
3.237457295239669353e-02 1.270274662773709497e+04
3.556480030685772731e-02 1.177417068893567739e+04
3.906939630451649464e-02 1.165560092628343045e+04
4.291933919013282694e-02 1.334715941902426130e+04
4.714865984004791566e-02 1.193165097539878843e+04
5.179474257198286163e-02 1.110076157639012490e+04
5.689865559697841746e-02 1.011021139642847993e+04
6.250551403444545850e-02 1.000323898093755815e+04
6.866487869913283359e-02 9.913454908719968444e+03
7.543119418501802176e-02 9.277238144717079194e+03
8.286427011848424007e-02 8.737540962666018459e+03
9.102980983473445142e-02 7.892589126865996150e+03
9.999999115058272325e-02 7.357351437534491197e+03
1.098541043672585787e-01 6.526703809871612066e+03
1.206792531427361148e-01 6.101456938842243289e+03
1.325711244288214907e-01 5.674517334587500955e+03
1.456348342787200378e-01 5.142399245242248981e+03
1.599858570014452974e-01 4.568234006334359947e+03
1.757510458761641914e-01 4.099372283551399050e+03
1.930697544488981787e-01 3.777937369832127843e+03
2.120950683230800604e-01 3.398431918764094917e+03
2.329951583321586417e-01 3.070326697196706846e+03
2.559547670553742882e-01 2.751009440703863220e+03
2.811768418164965477e-01 2.523096615765757178e+03
3.088843286001189403e-01 2.263506922492467311e+03
3.393221427425128778e-01 2.069964641789982579e+03
3.727593338166072523e-01 1.882290258450553893e+03
4.094914638472018087e-01 1.721647661399615117e+03
4.498432198782237879e-01 1.585057574363946514e+03
4.941712839853393824e-01 1.465855413080180824e+03
5.428674861028858212e-01 1.363787600436920911e+03
5.963622675339625978e-01 1.268594136518462165e+03
6.551284857587630350e-01 1.184587444014820676e+03
7.196855941730535555e-01 1.106196958164902981e+03
7.906042337028588163e-01 1.039832799818307421e+03
8.685112768820903995e-01 9.769591672315714277e+02
9.540953689793428838e-01 9.213998506327708355e+02
1.048113015153642191e+00 0.000000000000000000e+00
