1.048113066601954503e-02 1.492044631093312637e+05
1.151395323963562076e-02 0.000000000000000000e+00
1.264855132798976302e-02 1.759588701222286618e+05
1.389495400641860279e-02 1.448184493818311894e+05
1.526417862678452857e-02 1.911925472906336072e+05
1.676832820337198493e-02 0.000000000000000000e+00
1.842069839530119726e-02 1.475155159612626594e+05
2.023589503111089191e-02 1.775014177871302818e+05
2.222996321434766651e-02 1.587719115406522760e+05
2.442052915136719640e-02 1.589747747822627716e+05
2.682695595500901239e-02 1.289271138240022410e+05
2.947051480134291537e-02 1.250457302080322552e+05
3.237457295239669353e-02 9.500799807054520352e+04
3.556480030685772731e-02 8.599445937579736346e+04
3.906939630451649464e-02 8.235351078311471792e+04
4.291933919013282694e-02 8.225769392823397357e+04
4.714865984004791566e-02 7.123900929644869757e+04
5.179474257198286163e-02 6.839837722955567006e+04
5.689865559697841746e-02 6.916123932508021244e+04
6.250551403444545850e-02 6.025116403261106461e+04
6.866487869913283359e-02 5.449429245377486222e+04
7.543119418501802176e-02 4.541334215425039292e+04
8.286427011848424007e-02 3.859953644517513021e+04
9.102980983473445142e-02 3.586683925216784701e+04
9.999999115058272325e-02 3.185435326218764749e+04
1.098541043672585787e-01 2.899208391570244567e+04
1.206792531427361148e-01 2.609187628059994313e+04
1.325711244288214907e-01 2.218439197307285940e+04
1.456348342787200378e-01 1.988714885347561358e+04
1.599858570014452974e-01 1.825127150076910038e+04
1.757510458761641914e-01 1.627249561506396276e+04
1.930697544488981787e-01 1.442781519806419055e+04
2.120950683230800604e-01 1.321196533463562082e+04
2.329951583321586417e-01 1.178168787004073965e+04
2.559547670553742882e-01 1.080585850760390167e+04
2.811768418164965477e-01 9.867567697731597946e+03
3.088843286001189403e-01 8.966025160639030219e+03
3.393221427425128778e-01 8.284576781114596088e+03
3.727593338166072523e-01 7.643703261086358907e+03
4.094914638472018087e-01 7.113391733879940148e+03
4.498432198782237879e-01 6.616608695748789614e+03
4.941712839853393824e-01 6.197529355434444369e+03
5.428674861028858212e-01 5.792154469609249645e+03
5.963622675339625978e-01 5.458870263387986597e+03
6.551284857587630350e-01 5.116215302419263026e+03
7.196855941730535555e-01 4.828878286602717708e+03
7.906042337028588163e-01 4.546257536622231783e+03
8.685112768820903995e-01 4.293072139420193707e+03
9.540953689793428838e-01 4.048297981550686018e+03
1.048113015153642191e+00 0.000000000000000000e+00
