1.048113066601954503e-02 6.469209547723082360e+05
1.151395323963562076e-02 0.000000000000000000e+00
1.264855132798976302e-02 5.003130839337072684e+05
1.389495400641860279e-02 5.603858662566472776e+05
1.526417862678452857e-02 4.100499513508297387e+05
1.676832820337198493e-02 0.000000000000000000e+00
1.842069839530119726e-02 3.048542510507184197e+05
2.023589503111089191e-02 3.192745864163711667e+05
2.222996321434766651e-02 2.524995417852073442e+05
2.442052915136719640e-02 2.203433015828511270e+05
2.682695595500901239e-02 1.549359863888809923e+05
2.947051480134291537e-02 1.151434309826912795e+05
3.237457295239669353e-02 9.513534658109294833e+04
3.556480030685772731e-02 8.644382445439610456e+04
3.906939630451649464e-02 6.600317734876919712e+04
4.291933919013282694e-02 6.048414505996579828e+04
4.714865984004791566e-02 5.449627501206460875e+04
5.179474257198286163e-02 5.266729737811046652e+04
5.689865559697841746e-02 5.260177563906647265e+04
6.250551403444545850e-02 4.922570922000323480e+04
6.866487869913283359e-02 4.260649934806292003e+04
7.543119418501802176e-02 3.254554844245284039e+04
8.286427011848424007e-02 2.501402677630505059e+04
9.102980983473445142e-02 2.065553472692467039e+04
9.999999115058272325e-02 1.875824177497774508e+04
1.098541043672585787e-01 1.808510366585808879e+04
1.206792531427361148e-01 1.582361100733005878e+04
1.325711244288214907e-01 1.299664921415539538e+04
1.456348342787200378e-01 1.090507049643690334e+04
1.599858570014452974e-01 9.654569031566930789e+03
1.757510458761641914e-01 8.436242927257133488e+03
1.930697544488981787e-01 7.527855578911358862e+03
2.120950683230800604e-01 6.756022087528246630e+03
2.329951583321586417e-01 5.857515165610064287e+03
2.559547670553742882e-01 5.244666516733099343e+03
2.811768418164965477e-01 4.687343280675592723e+03
3.088843286001189403e-01 4.211185725988524609e+03
3.393221427425128778e-01 3.777426713386832944e+03
3.727593338166072523e-01 3.418184933443044429e+03
4.094914638472018087e-01 3.102681113463374459e+03
4.498432198782237879e-01 2.828485792190850589e+03
4.941712839853393824e-01 2.593165264809420478e+03
5.428674861028858212e-01 2.377520935281936090e+03
5.963622675339625978e-01 2.173962824873067802e+03
6.551284857587630350e-01 1.996895491031451456e+03
7.196855941730535555e-01 1.824044257524354180e+03
7.906042337028588163e-01 1.665030556348260006e+03
8.685112768820903995e-01 1.526766629135144285e+03
9.540953689793428838e-01 1.393500481606051835e+03
1.048113015153642191e+00 0.000000000000000000e+00
