1.048113066601954503e-02 6.258728323944992007e+04
1.151395323963562076e-02 0.000000000000000000e+00
1.264855132798976302e-02 5.694102269794260792e+04
1.389495400641860279e-02 5.964605727857926831e+04
1.526417862678452857e-02 1.164440253151924262e+05
1.676832820337198493e-02 0.000000000000000000e+00
1.842069839530119726e-02 7.752145240325735358e+04
2.023589503111089191e-02 6.853382480673346436e+04
2.222996321434766651e-02 8.794654869813844562e+04
2.442052915136719640e-02 1.200527389825280843e+05
2.682695595500901239e-02 8.012103239090445277e+04
2.947051480134291537e-02 6.863117047036912118e+04
3.237457295239669353e-02 5.425449909227945318e+04
3.556480030685772731e-02 5.416090987109489652e+04
3.906939630451649464e-02 5.547267347597832122e+04
4.291933919013282694e-02 5.589282813391972013e+04
4.714865984004791566e-02 4.525851445824602706e+04
5.179474257198286163e-02 4.130672775280618953e+04
5.689865559697841746e-02 3.704571786790078477e+04
6.250551403444545850e-02 3.732203564162233670e+04
6.866487869913283359e-02 3.219263033111842378e+04
7.543119418501802176e-02 3.205764245501701589e+04
8.286427011848424007e-02 2.652263672140971539e+04
9.102980983473445142e-02 2.306438229889930881e+04
9.999999115058272325e-02 2.046878257463345290e+04
1.098541043672585787e-01 1.801290287833911862e+04
1.206792531427361148e-01 1.641948833338928671e+04
1.325711244288214907e-01 1.460059879193648703e+04
1.456348342787200378e-01 1.310976856833537386e+04
1.599858570014452974e-01 1.183432604984998943e+04
1.757510458761641914e-01 1.057220669589264253e+04
1.930697544488981787e-01 9.586378889884468663e+03
2.120950683230800604e-01 8.653387466034981117e+03
2.329951583321586417e-01 7.728279357849081862e+03
2.559547670553742882e-01 7.168902575676323977e+03
2.811768418164965477e-01 6.480086867529702431e+03
3.088843286001189403e-01 5.946755725878140765e+03
3.393221427425128778e-01 5.514138245864643068e+03
3.727593338166072523e-01 5.070345704508034942e+03
4.094914638472018087e-01 4.721455036147751343e+03
4.498432198782237879e-01 4.426594985457051735e+03
4.941712839853393824e-01 4.122563316608919195e+03
5.428674861028858212e-01 3.855897270140120781e+03
5.963622675339625978e-01 3.615828547609613452e+03
6.551284857587630350e-01 3.374855396224448668e+03
7.196855941730535555e-01 3.163872486658886373e+03
7.906042337028588163e-01 2.962903402061402176e+03
8.685112768820903995e-01 2.753818694854711794e+03
9.540953689793428838e-01 2.564794547109615451e+03
1.048113015153642191e+00 0.000000000000000000e+00
