1.048113066601954503e-02 3.895874352709255618e+04
1.151395323963562076e-02 0.000000000000000000e+00
1.264855132798976302e-02 2.373604193262243643e+04
1.389495400641860279e-02 5.116202655160619179e+04
1.526417862678452857e-02 8.612490818725063582e+04
1.676832820337198493e-02 0.000000000000000000e+00
1.842069839530119726e-02 5.031289968027979194e+04
2.023589503111089191e-02 5.306457633125950815e+04
2.222996321434766651e-02 5.438465245305365534e+04
2.442052915136719640e-02 6.166267154287337326e+04
2.682695595500901239e-02 5.657431988943910983e+04
2.947051480134291537e-02 6.784933945887479058e+04
3.237457295239669353e-02 5.010859913964165025e+04
3.556480030685772731e-02 5.218910122389130993e+04
3.906939630451649464e-02 4.649671452354644862e+04
4.291933919013282694e-02 3.662764811246928002e+04
4.714865984004791566e-02 4.237754540510919469e+04
5.179474257198286163e-02 4.022627597208719817e+04
5.689865559697841746e-02 3.558152337013962824e+04
6.250551403444545850e-02 3.357262916072582448e+04
6.866487869913283359e-02 3.121130057817137276e+04
7.543119418501802176e-02 2.906273420552189782e+04
8.286427011848424007e-02 2.523213970283302115e+04
9.102980983473445142e-02 2.239055242854061362e+04
9.999999115058272325e-02 1.920087219346678830e+04
1.098541043672585787e-01 1.743203311101150393e+04
1.206792531427361148e-01 1.609806173821708035e+04
1.325711244288214907e-01 1.506460166223299893e+04
1.456348342787200378e-01 1.341592922234688376e+04
1.599858570014452974e-01 1.127836612029909520e+04
1.757510458761641914e-01 1.017386553806264783e+04
1.930697544488981787e-01 9.350841705716291472e+03
2.120950683230800604e-01 8.306230141745998480e+03
2.329951583321586417e-01 7.278234122374306935e+03
2.559547670553742882e-01 6.612703225847967587e+03
2.811768418164965477e-01 5.949457098056915129e+03
3.088843286001189403e-01 5.380701405419398725e+03
3.393221427425128778e-01 4.880470985494956949e+03
3.727593338166072523e-01 4.457444575210427502e+03
4.094914638472018087e-01 4.060812949167639090e+03
4.498432198782237879e-01 3.731247844936886395e+03
4.941712839853393824e-01 3.441318210609683774e+03
5.428674861028858212e-01 3.186725664126123320e+03
5.963622675339625978e-01 2.964179521546740943e+03
6.551284857587630350e-01 2.764124522558046010e+03
7.196855941730535555e-01 2.586244284100017467e+03
7.906042337028588163e-01 2.424979007607712447e+03
8.685112768820903995e-01 2.279087121897852739e+03
9.540953689793428838e-01 2.147181714784718679e+03
1.048113015153642191e+00 0.000000000000000000e+00
