1.048113066601954503e-02 5.302060840048985847e+04
1.151395323963562076e-02 0.000000000000000000e+00
1.264855132798976302e-02 8.886849061360702035e+04
1.389495400641860279e-02 3.708998705681206775e+04
1.526417862678452857e-02 3.106564474150157184e+04
1.676832820337198493e-02 0.000000000000000000e+00
1.842069839530119726e-02 4.610900727171009930e+04
2.023589503111089191e-02 3.626737577000298916e+04
2.222996321434766651e-02 2.723210100277175661e+04
2.442052915136719640e-02 3.997792788321753324e+04
2.682695595500901239e-02 2.674445567459881568e+04
2.947051480134291537e-02 3.135860404628920878e+04
3.237457295239669353e-02 2.979070656592032901e+04
3.556480030685772731e-02 2.785876781177722660e+04
3.906939630451649464e-02 2.374169043902245539e+04
4.291933919013282694e-02 2.640549976977996994e+04
4.714865984004791566e-02 2.388325922074739356e+04
5.179474257198286163e-02 2.305172333136724046e+04
5.689865559697841746e-02 2.005698541011314228e+04
6.250551403444545850e-02 1.718765676254478967e+04
6.866487869913283359e-02 1.811901454735644438e+04
7.543119418501802176e-02 1.708894451541382296e+04
8.286427011848424007e-02 1.426692116147245542e+04
9.102980983473445142e-02 1.306745685874144874e+04
9.999999115058272325e-02 1.162115621225638461e+04
1.098541043672585787e-01 1.020229160138871521e+04
1.206792531427361148e-01 9.003097797755144711e+03
1.325711244288214907e-01 8.145992456735253654e+03
1.456348342787200378e-01 7.298987150818531518e+03
1.599858570014452974e-01 6.314827229754660948e+03
1.757510458761641914e-01 5.736859537767046277e+03
1.930697544488981787e-01 5.091593369710548359e+03
2.120950683230800604e-01 4.616164250370694390e+03
2.329951583321586417e-01 4.062125998474535663e+03
2.559547670553742882e-01 3.659259055187248578e+03
2.811768418164965477e-01 3.316295995439154467e+03
3.088843286001189403e-01 2.991174129170718516e+03
3.393221427425128778e-01 2.709446834952607333e+03
3.727593338166072523e-01 2.448665026713743828e+03
4.094914638472018087e-01 2.256688962146173253e+03
4.498432198782237879e-01 2.055810784469930240e+03
4.941712839853393824e-01 1.895070832690017369e+03
5.428674861028858212e-01 1.754251868262118933e+03
5.963622675339625978e-01 1.624645927107128728e+03
6.551284857587630350e-01 1.507478272490167910e+03
7.196855941730535555e-01 1.402735913446625545e+03
7.906042337028588163e-01 1.306776589551798224e+03
8.685112768820903995e-01 1.218171086269477655e+03
9.540953689793428838e-01 1.135563701821568429e+03
1.048113015153642191e+00 0.000000000000000000e+00
