1.048113066601954503e-02 5.557105478682815738e+04
1.151395323963562076e-02 0.000000000000000000e+00
1.264855132798976302e-02 7.658926440310392354e+04
1.389495400641860279e-02 5.633432177521318954e+04
1.526417862678452857e-02 8.097858207122667227e+04
1.676832820337198493e-02 0.000000000000000000e+00
1.842069839530119726e-02 3.926130564638579381e+04
2.023589503111089191e-02 5.118113764731131232e+04
2.222996321434766651e-02 3.511629380414589104e+04
2.442052915136719640e-02 6.759912452715920517e+04
2.682695595500901239e-02 4.577098554961531772e+04
2.947051480134291537e-02 4.330461005234309414e+04
3.237457295239669353e-02 3.472712497976461600e+04
3.556480030685772731e-02 3.658886319569956686e+04
3.906939630451649464e-02 2.720264855069086843e+04
4.291933919013282694e-02 3.031763246527867159e+04
4.714865984004791566e-02 2.609120001774153206e+04
5.179474257198286163e-02 2.419548752123905433e+04
5.689865559697841746e-02 1.997243406424004934e+04
6.250551403444545850e-02 1.940896860534865118e+04
6.866487869913283359e-02 1.778860017956196316e+04
7.543119418501802176e-02 1.707662675672528712e+04
8.286427011848424007e-02 1.479292158728869617e+04
9.102980983473445142e-02 1.335189189659235672e+04
9.999999115058272325e-02 1.169872581150302722e+04
1.098541043672585787e-01 9.693742448470922682e+03
1.206792531427361148e-01 8.308431568331516246e+03
1.325711244288214907e-01 7.813928488031334382e+03
1.456348342787200378e-01 6.973246237581261084e+03
1.599858570014452974e-01 6.052418409052851530e+03
1.757510458761641914e-01 5.164356696746406669e+03
1.930697544488981787e-01 4.554566173285355035e+03
2.120950683230800604e-01 4.127605578500722004e+03
2.329951583321586417e-01 3.632041339202064137e+03
2.559547670553742882e-01 3.240141982341038783e+03
2.811768418164965477e-01 2.887134549657016578e+03
3.088843286001189403e-01 2.578419491739506157e+03
3.393221427425128778e-01 2.314522724401086180e+03
3.727593338166072523e-01 2.090321446297082730e+03
4.094914638472018087e-01 1.883547766075874961e+03
4.498432198782237879e-01 1.719495200325244241e+03
4.941712839853393824e-01 1.563208907098028476e+03
5.428674861028858212e-01 1.429484345866464992e+03
5.963622675339625978e-01 1.312880808594898554e+03
6.551284857587630350e-01 1.211566080059039223e+03
7.196855941730535555e-01 1.118671671592419216e+03
7.906042337028588163e-01 1.035615807476553755e+03
8.685112768820903995e-01 9.622062204825012941e+02
9.540953689793428838e-01 8.938781885979260551e+02
1.048113015153642191e+00 0.000000000000000000e+00
