1.048113066601954503e-02 9.185743302465564921e+04
1.151395323963562076e-02 0.000000000000000000e+00
1.264855132798976302e-02 5.979373331146279816e+04
1.389495400641860279e-02 1.283617314232697245e+05
1.526417862678452857e-02 1.282282749859773321e+05
1.676832820337198493e-02 0.000000000000000000e+00
1.842069839530119726e-02 1.559336546230968670e+05
2.023589503111089191e-02 1.404150040252156032e+05
2.222996321434766651e-02 9.819668664528022055e+04
2.442052915136719640e-02 9.955644111049291678e+04
2.682695595500901239e-02 6.898022210428072140e+04
2.947051480134291537e-02 5.152352187661606877e+04
3.237457295239669353e-02 4.837918929814843432e+04
3.556480030685772731e-02 5.220161010078404070e+04
3.906939630451649464e-02 4.396216826364737062e+04
4.291933919013282694e-02 4.016288439203338930e+04
4.714865984004791566e-02 3.988537127568570577e+04
5.179474257198286163e-02 3.880001501556784933e+04
5.689865559697841746e-02 3.558510354598002596e+04
6.250551403444545850e-02 3.164238638355725197e+04
6.866487869913283359e-02 2.425579232529562069e+04
7.543119418501802176e-02 1.757011593238214118e+04
8.286427011848424007e-02 1.472222701471220898e+04
9.102980983473445142e-02 1.407477617533941884e+04
9.999999115058272325e-02 1.443554976520804303e+04
1.098541043672585787e-01 1.254805764586073747e+04
1.206792531427361148e-01 9.523811356562602668e+03
1.325711244288214907e-01 8.264820734688624725e+03
1.456348342787200378e-01 7.682443118995760415e+03
1.599858570014452974e-01 6.804464416662062831e+03
1.757510458761641914e-01 5.842230243341496134e+03
1.930697544488981787e-01 5.111418893775687138e+03
2.120950683230800604e-01 4.530057114651566735e+03
2.329951583321586417e-01 3.906373206627677064e+03
2.559547670553742882e-01 3.541670567051925900e+03
2.811768418164965477e-01 3.111057094344480902e+03
3.088843286001189403e-01 2.772540794730186008e+03
3.393221427425128778e-01 2.497019492621759127e+03
3.727593338166072523e-01 2.242894521402189639e+03
4.094914638472018087e-01 2.023945227412924169e+03
4.498432198782237879e-01 1.843970192099531687e+03
4.941712839853393824e-01 1.676932844391489198e+03
5.428674861028858212e-01 1.539888513497669919e+03
5.963622675339625978e-01 1.413300863458186768e+03
6.551284857587630350e-01 1.303163962349452959e+03
7.196855941730535555e-01 1.206561567327666353e+03
7.906042337028588163e-01 1.119078803020403711e+03
8.685112768820903995e-01 1.040072049131187669e+03
9.540953689793428838e-01 9.699510975191909665e+02
1.048113015153642191e+00 0.000000000000000000e+00
