1.048113066601954503e-02 6.422226171152137249e+04
1.151395323963562076e-02 0.000000000000000000e+00
1.264855132798976302e-02 4.729504789244860149e+04
1.389495400641860279e-02 4.581873619433418207e+04
1.526417862678452857e-02 3.564912226213730901e+04
1.676832820337198493e-02 0.000000000000000000e+00
1.842069839530119726e-02 4.977917277826703503e+04
2.023589503111089191e-02 3.605545374874401750e+04
2.222996321434766651e-02 3.847847269606179179e+04
2.442052915136719640e-02 3.932851495907812932e+04
2.682695595500901239e-02 3.868225607489499089e+04
2.947051480134291537e-02 3.252444311065690272e+04
3.237457295239669353e-02 4.171244112893060083e+04
3.556480030685772731e-02 3.970180548047489719e+04
3.906939630451649464e-02 3.157099195843866255e+04
4.291933919013282694e-02 2.953207751644402015e+04
4.714865984004791566e-02 2.991473657264008216e+04
5.179474257198286163e-02 2.897056361131258018e+04
5.689865559697841746e-02 2.649781969938140901e+04
6.250551403444545850e-02 2.383509717076022207e+04
6.866487869913283359e-02 2.249852316210944991e+04
7.543119418501802176e-02 2.016736541883067184e+04
8.286427011848424007e-02 1.874639504550371203e+04
9.102980983473445142e-02 1.792788464998580821e+04
9.999999115058272325e-02 1.523219517353057199e+04
1.098541043672585787e-01 1.378678782326236797e+04
1.206792531427361148e-01 1.248998101654664788e+04
1.325711244288214907e-01 1.128233666455038474e+04
1.456348342787200378e-01 1.040663474740878883e+04
1.599858570014452974e-01 9.120589977585683300e+03
1.757510458761641914e-01 8.331691776190973542e+03
1.930697544488981787e-01 7.444642275562922805e+03
2.120950683230800604e-01 6.835070518689168239e+03
2.329951583321586417e-01 6.103284472606665076e+03
2.559547670553742882e-01 5.644063762663832676e+03
2.811768418164965477e-01 5.100075808967628291e+03
3.088843286001189403e-01 4.688576019498333153e+03
3.393221427425128778e-01 4.316725569614000051e+03
3.727593338166072523e-01 3.984984439165059939e+03
4.094914638472018087e-01 3.688507795838052516e+03
4.498432198782237879e-01 3.438194448457484214e+03
4.941712839853393824e-01 3.221622788018803021e+03
5.428674861028858212e-01 3.014292396521460887e+03
5.963622675339625978e-01 2.819745114808999915e+03
6.551284857587630350e-01 2.649776982827227130e+03
7.196855941730535555e-01 2.485084550757954275e+03
7.906042337028588163e-01 2.338506613382110118e+03
8.685112768820903995e-01 2.190176228274297500e+03
9.540953689793428838e-01 2.053131637806398430e+03
1.048113015153642191e+00 0.000000000000000000e+00
