1.048113066601954503e-02 7.656274160458319238e+04
1.151395323963562076e-02 0.000000000000000000e+00
1.264855132798976302e-02 2.065828669456883217e+05
1.389495400641860279e-02 2.098222388781311456e+05
1.526417862678452857e-02 1.121404226583872951e+05
1.676832820337198493e-02 0.000000000000000000e+00
1.842069839530119726e-02 1.401224156338020985e+05
2.023589503111089191e-02 9.319279236359325296e+04
2.222996321434766651e-02 1.120887149016859330e+05
2.442052915136719640e-02 9.067107892217913468e+04
2.682695595500901239e-02 8.258725374928508245e+04
2.947051480134291537e-02 1.008921944229755609e+05
3.237457295239669353e-02 5.566768302853707428e+04
3.556480030685772731e-02 4.886936175082580303e+04
3.906939630451649464e-02 4.667654456211756769e+04
4.291933919013282694e-02 4.434694148682829109e+04
4.714865984004791566e-02 4.472478381134947267e+04
5.179474257198286163e-02 3.480067983038649982e+04
5.689865559697841746e-02 3.737356594758793653e+04
6.250551403444545850e-02 3.725617207418326871e+04
6.866487869913283359e-02 3.309964979581916123e+04
7.543119418501802176e-02 2.648190778894320829e+04
8.286427011848424007e-02 1.983186013606586857e+04
9.102980983473445142e-02 1.725505781733411641e+04
9.999999115058272325e-02 1.550452256929136092e+04
1.098541043672585787e-01 1.505917148762561919e+04
1.206792531427361148e-01 1.361250460110988570e+04
1.325711244288214907e-01 1.118072366727589724e+04
1.456348342787200378e-01 9.665394112484495054e+03
1.599858570014452974e-01 8.815783219870521862e+03
1.757510458761641914e-01 7.947729370332193866e+03
1.930697544488981787e-01 6.915348615761936344e+03
2.120950683230800604e-01 6.209908904028265169e+03
2.329951583321586417e-01 5.552973117270457806e+03
2.559547670553742882e-01 5.022772849825560115e+03
2.811768418164965477e-01 4.505284854958197684e+03
3.088843286001189403e-01 4.074688427358682475e+03
3.393221427425128778e-01 3.771561262922263722e+03
3.727593338166072523e-01 3.416439382447029402e+03
4.094914638472018087e-01 3.139226615351280088e+03
4.498432198782237879e-01 2.900391059489344116e+03
4.941712839853393824e-01 2.689834375111324789e+03
5.428674861028858212e-01 2.492432444309354196e+03
5.963622675339625978e-01 2.313951197219874757e+03
6.551284857587630350e-01 2.157728245546031303e+03
7.196855941730535555e-01 2.009698137367119443e+03
7.906042337028588163e-01 1.874394498496663118e+03
8.685112768820903995e-01 1.749101628852055001e+03
9.540953689793428838e-01 1.634560737288254813e+03
1.048113015153642191e+00 0.000000000000000000e+00
