1.048113066601954503e-02 2.194091301369063149e+05
1.151395323963562076e-02 0.000000000000000000e+00
1.264855132798976302e-02 2.746510318755949847e+05
1.389495400641860279e-02 3.590616781279008137e+05
1.526417862678452857e-02 3.095632075754457619e+05
1.676832820337198493e-02 0.000000000000000000e+00
1.842069839530119726e-02 3.159492054320551106e+05
2.023589503111089191e-02 2.262626159201760020e+05
2.222996321434766651e-02 2.415035485846997472e+05
2.442052915136719640e-02 1.566025987421861209e+05
2.682695595500901239e-02 1.838084652911055018e+05
2.947051480134291537e-02 1.983128255241581355e+05
3.237457295239669353e-02 1.378750794510599517e+05
3.556480030685772731e-02 9.468007801499335619e+04
3.906939630451649464e-02 9.905649394547275733e+04
4.291933919013282694e-02 9.392453433526339359e+04
4.714865984004791566e-02 7.933863848545779183e+04
5.179474257198286163e-02 6.875749732600859716e+04
5.689865559697841746e-02 7.166626128931599669e+04
6.250551403444545850e-02 6.507578877453006135e+04
6.866487869913283359e-02 6.065342743506621628e+04
7.543119418501802176e-02 4.761376305426063482e+04
8.286427011848424007e-02 3.832128156628843863e+04
9.102980983473445142e-02 3.188818349295413282e+04
9.999999115058272325e-02 2.836729153932278496e+04
1.098541043672585787e-01 2.470378363115683896e+04
1.206792531427361148e-01 2.330590886835825950e+04
1.325711244288214907e-01 2.070595942912919418e+04
1.456348342787200378e-01 1.733472421969787320e+04
1.599858570014452974e-01 1.505489700620493568e+04
1.757510458761641914e-01 1.360005580866768469e+04
1.930697544488981787e-01 1.216375424745109012e+04
2.120950683230800604e-01 1.069437625751047926e+04
2.329951583321586417e-01 9.586442755077323454e+03
2.559547670553742882e-01 8.677433629980425394e+03
2.811768418164965477e-01 7.718922688141336948e+03
3.088843286001189403e-01 6.955435325978585752e+03
3.393221427425128778e-01 6.361281277905728530e+03
3.727593338166072523e-01 5.823451895992129721e+03
4.094914638472018087e-01 5.333089424607468573e+03
4.498432198782237879e-01 4.903567884746162235e+03
4.941712839853393824e-01 4.508816155462813185e+03
5.428674861028858212e-01 4.174476363547899382e+03
5.963622675339625978e-01 3.882741792812596941e+03
6.551284857587630350e-01 3.611578486654970220e+03
7.196855941730535555e-01 3.371429138132974003e+03
7.906042337028588163e-01 3.138085175756458739e+03
8.685112768820903995e-01 2.924194782598660822e+03
9.540953689793428838e-01 2.721708538114473413e+03
1.048113015153642191e+00 0.000000000000000000e+00
