1.048113066601954503e-02 2.418549630460856715e+05
1.151395323963562076e-02 0.000000000000000000e+00
1.264855132798976302e-02 2.965105314637432457e+05
1.389495400641860279e-02 1.686858641622086870e+05
1.526417862678452857e-02 1.169997251629045932e+05
1.676832820337198493e-02 0.000000000000000000e+00
1.842069839530119726e-02 1.494065024826676527e+05
2.023589503111089191e-02 2.306753655191469006e+05
2.222996321434766651e-02 1.378340389914082480e+05
2.442052915136719640e-02 1.655925879917544371e+05
2.682695595500901239e-02 1.446360848114563269e+05
2.947051480134291537e-02 1.303755462929490459e+05
3.237457295239669353e-02 1.342109376479814528e+05
3.556480030685772731e-02 1.244393847853791376e+05
3.906939630451649464e-02 1.026683706830671872e+05
4.291933919013282694e-02 9.061167125207179924e+04
4.714865984004791566e-02 8.170390774377624621e+04
5.179474257198286163e-02 8.448309708085027523e+04
5.689865559697841746e-02 7.741452337226607779e+04
6.250551403444545850e-02 7.354656849659697036e+04
6.866487869913283359e-02 6.156811212539116241e+04
7.543119418501802176e-02 5.430485261825862835e+04
8.286427011848424007e-02 4.455172154892911931e+04
9.102980983473445142e-02 3.950689832707938331e+04
9.999999115058272325e-02 3.539345417580711364e+04
1.098541043672585787e-01 3.313296282941854588e+04
1.206792531427361148e-01 2.965982108772743231e+04
1.325711244288214907e-01 2.525468538688772242e+04
1.456348342787200378e-01 2.257549065578844966e+04
1.599858570014452974e-01 1.987774253685338408e+04
1.757510458761641914e-01 1.750563831310834939e+04
1.930697544488981787e-01 1.558467038871379918e+04
2.120950683230800604e-01 1.426266060389847189e+04
2.329951583321586417e-01 1.264349768359455629e+04
2.559547670553742882e-01 1.139586287153273588e+04
2.811768418164965477e-01 1.031463709209916669e+04
3.088843286001189403e-01 9.399259059616808372e+03
3.393221427425128778e-01 8.592802727517571839e+03
3.727593338166072523e-01 7.863803213731784126e+03
4.094914638472018087e-01 7.232974619296490346e+03
4.498432198782237879e-01 6.693427250146851293e+03
4.941712839853393824e-01 6.229748130156952357e+03
5.428674861028858212e-01 5.798614769440217060e+03
5.963622675339625978e-01 5.425495373552432284e+03
6.551284857587630350e-01 5.078300367944157188e+03
7.196855941730535555e-01 4.760004438144755113e+03
7.906042337028588163e-01 4.474155625262616013e+03
8.685112768820903995e-01 4.205865245488999790e+03
9.540953689793428838e-01 3.960279197560198554e+03
1.048113015153642191e+00 0.000000000000000000e+00
