1.048113066601954503e-02 3.394333485654817196e+04
1.151395323963562076e-02 0.000000000000000000e+00
1.264855132798976302e-02 2.818251959787286614e+04
1.389495400641860279e-02 2.437260923086083494e+04
1.526417862678452857e-02 2.857140461193517331e+04
1.676832820337198493e-02 0.000000000000000000e+00
1.842069839530119726e-02 3.230267731371877016e+04
2.023589503111089191e-02 2.874668170659831230e+04
2.222996321434766651e-02 3.299971434899065935e+04
2.442052915136719640e-02 4.687577877967280801e+04
2.682695595500901239e-02 3.488151395816845616e+04
2.947051480134291537e-02 2.945035772248014109e+04
3.237457295239669353e-02 4.085167188143172825e+04
3.556480030685772731e-02 3.231155211328627047e+04
3.906939630451649464e-02 3.707348811399452097e+04
4.291933919013282694e-02 3.661537760697409976e+04
4.714865984004791566e-02 3.015364149150772573e+04
5.179474257198286163e-02 2.768691402641253080e+04
5.689865559697841746e-02 2.859550536178511538e+04
6.250551403444545850e-02 2.884844950131849328e+04
6.866487869913283359e-02 2.928726591854814615e+04
7.543119418501802176e-02 2.732647922026064771e+04
8.286427011848424007e-02 2.448860060874133342e+04
9.102980983473445142e-02 2.325241110426348678e+04
9.999999115058272325e-02 2.157159509555143813e+04
1.098541043672585787e-01 1.862741257512564334e+04
1.206792531427361148e-01 1.753506383678624843e+04
1.325711244288214907e-01 1.629464458928790191e+04
1.456348342787200378e-01 1.531281333889106099e+04
1.599858570014452974e-01 1.396974939096010348e+04
1.757510458761641914e-01 1.223450434602960740e+04
1.930697544488981787e-01 1.142713518256063253e+04
2.120950683230800604e-01 1.053675357502454790e+04
2.329951583321586417e-01 9.600714363597007832e+03
2.559547670553742882e-01 8.764260525482928642e+03
2.811768418164965477e-01 8.095174653145214506e+03
3.088843286001189403e-01 7.538232208486440868e+03
3.393221427425128778e-01 6.961201023581757909e+03
3.727593338166072523e-01 6.476668269994695947e+03
4.094914638472018087e-01 6.075013557365940869e+03
4.498432198782237879e-01 5.710906281775269235e+03
4.941712839853393824e-01 5.402893372010015810e+03
5.428674861028858212e-01 5.112156741852457344e+03
5.963622675339625978e-01 4.834112756711399015e+03
6.551284857587630350e-01 4.609891315022447998e+03
7.196855941730535555e-01 4.387076471518348626e+03
7.906042337028588163e-01 4.190221632650856009e+03
8.685112768820903995e-01 4.006598673678021441e+03
9.540953689793428838e-01 3.830457899075548994e+03
1.048113015153642191e+00 0.000000000000000000e+00
