1.048113066601954503e-02 3.665479424271207245e+04
1.151395323963562076e-02 0.000000000000000000e+00
1.264855132798976302e-02 1.528735623841229972e+04
1.389495400641860279e-02 2.201584146145680643e+04
1.526417862678452857e-02 2.645691713503278879e+04
1.676832820337198493e-02 0.000000000000000000e+00
1.842069839530119726e-02 3.429566570823347138e+04
2.023589503111089191e-02 3.728015077811956871e+04
2.222996321434766651e-02 4.168648597445632186e+04
2.442052915136719640e-02 4.960350687309032946e+04
2.682695595500901239e-02 4.700727177414958715e+04
2.947051480134291537e-02 4.081749029239673837e+04
3.237457295239669353e-02 3.910919459554237255e+04
3.556480030685772731e-02 3.733181604291242547e+04
3.906939630451649464e-02 3.466396720989987080e+04
4.291933919013282694e-02 3.359523659607396257e+04
4.714865984004791566e-02 3.067197142423627156e+04
5.179474257198286163e-02 3.114729616065664231e+04
5.689865559697841746e-02 3.024485143563279780e+04
6.250551403444545850e-02 3.178177633930829325e+04
6.866487869913283359e-02 2.718855409620332648e+04
7.543119418501802176e-02 2.539942982175287398e+04
8.286427011848424007e-02 2.315329674705252546e+04
9.102980983473445142e-02 2.131777176789082660e+04
9.999999115058272325e-02 1.921306508171809764e+04
1.098541043672585787e-01 1.762071492220638902e+04
1.206792531427361148e-01 1.560042922373544388e+04
1.325711244288214907e-01 1.444361340232042858e+04
1.456348342787200378e-01 1.354915509442965413e+04
1.599858570014452974e-01 1.220321406213584487e+04
1.757510458761641914e-01 1.084029211106381263e+04
1.930697544488981787e-01 1.002152850138374197e+04
2.120950683230800604e-01 9.190114378287385989e+03
2.329951583321586417e-01 8.322054680182423908e+03
2.559547670553742882e-01 7.613213523631435237e+03
2.811768418164965477e-01 7.055044754862428817e+03
3.088843286001189403e-01 6.447347421905336887e+03
3.393221427425128778e-01 6.000201161846426658e+03
3.727593338166072523e-01 5.570174029816163966e+03
4.094914638472018087e-01 5.219842813386245325e+03
4.498432198782237879e-01 4.882531779349739736e+03
4.941712839853393824e-01 4.578979358477854475e+03
5.428674861028858212e-01 4.321071777199091230e+03
5.963622675339625978e-01 4.080436875125659753e+03
6.551284857587630350e-01 3.867665004552214668e+03
7.196855941730535555e-01 3.655407256497315757e+03
7.906042337028588163e-01 3.457787745483532944e+03
8.685112768820903995e-01 3.267500152660923959e+03
9.540953689793428838e-01 3.081264303883178400e+03
1.048113015153642191e+00 0.000000000000000000e+00
