1.048113066601954503e-02 1.140491025606706244e+05
1.151395323963562076e-02 0.000000000000000000e+00
1.264855132798976302e-02 1.337400508590126701e+05
1.389495400641860279e-02 2.999042519072967116e+05
1.526417862678452857e-02 2.088962809610467521e+05
1.676832820337198493e-02 0.000000000000000000e+00
1.842069839530119726e-02 2.036122290591976489e+05
2.023589503111089191e-02 2.672412425732154516e+05
2.222996321434766651e-02 2.678367036733717541e+05
2.442052915136719640e-02 2.793946850806634757e+05
2.682695595500901239e-02 1.611674154742935207e+05
2.947051480134291537e-02 1.668257738380150113e+05
3.237457295239669353e-02 1.608787371414179215e+05
3.556480030685772731e-02 1.132689403113480075e+05
3.906939630451649464e-02 1.069702610243479285e+05
4.291933919013282694e-02 9.263633886397739116e+04
4.714865984004791566e-02 9.427861146162213117e+04
5.179474257198286163e-02 9.363457729158461734e+04
5.689865559697841746e-02 7.923612083247143892e+04
6.250551403444545850e-02 7.853943181775149424e+04
6.866487869913283359e-02 7.296353193531365832e+04
7.543119418501802176e-02 6.393117724201037345e+04
8.286427011848424007e-02 5.284058016726750793e+04
9.102980983473445142e-02 4.702461761005387234e+04
9.999999115058272325e-02 4.063457283556812763e+04
1.098541043672585787e-01 3.688717078361535823e+04
1.206792531427361148e-01 3.548581940954120364e+04
1.325711244288214907e-01 3.071125964435634160e+04
1.456348342787200378e-01 2.758186961317246460e+04
1.599858570014452974e-01 2.475420278035564843e+04
1.757510458761641914e-01 2.216763707138300015e+04
1.930697544488981787e-01 2.036676398054302263e+04
2.120950683230800604e-01 1.841001725449889636e+04
2.329951583321586417e-01 1.683947749653857682e+04
2.559547670553742882e-01 1.551083804083552968e+04
2.811768418164965477e-01 1.431592905717021858e+04
3.088843286001189403e-01 1.319089374599548682e+04
3.393221427425128778e-01 1.232054553118455806e+04
3.727593338166072523e-01 1.139889077043582438e+04
4.094914638472018087e-01 1.065084504016636129e+04
4.498432198782237879e-01 1.001077877763458491e+04
4.941712839853393824e-01 9.433460950426673662e+03
5.428674861028858212e-01 8.919810548492336238e+03
5.963622675339625978e-01 8.401610214343909320e+03
6.551284857587630350e-01 7.953880351592593797e+03
7.196855941730535555e-01 7.494467858220255039e+03
7.906042337028588163e-01 7.052054847645053997e+03
8.685112768820903995e-01 6.637942065552948407e+03
9.540953689793428838e-01 6.234939637448618669e+03
1.048113015153642191e+00 0.000000000000000000e+00
