1.048113066601954503e-02 5.778814239933841236e+03
1.151395323963562076e-02 0.000000000000000000e+00
1.264855132798976302e-02 1.328127413514524596e+04
1.389495400641860279e-02 1.940930577658491165e+04
1.526417862678452857e-02 1.861548508310860052e+04
1.676832820337198493e-02 0.000000000000000000e+00
1.842069839530119726e-02 2.567246362460131422e+04
2.023589503111089191e-02 1.698365668916108916e+04
2.222996321434766651e-02 2.048727845960213017e+04
2.442052915136719640e-02 2.190548710583935463e+04
2.682695595500901239e-02 1.673191153728223435e+04
2.947051480134291537e-02 1.938233645340129078e+04
3.237457295239669353e-02 2.062093205036272775e+04
3.556480030685772731e-02 1.935633256490291387e+04
3.906939630451649464e-02 1.686387342760257525e+04
4.291933919013282694e-02 1.592782312311671740e+04
4.714865984004791566e-02 1.571137392769598591e+04
5.179474257198286163e-02 1.577148188405936344e+04
5.689865559697841746e-02 1.278191315321713228e+04
6.250551403444545850e-02 1.324224884907937121e+04
6.866487869913283359e-02 1.299283938877883156e+04
7.543119418501802176e-02 1.256712056249132002e+04
8.286427011848424007e-02 1.188854048115199475e+04
9.102980983473445142e-02 1.055970098711380342e+04
9.999999115058272325e-02 9.420029026436779532e+03
1.098541043672585787e-01 8.828321206173510291e+03
1.206792531427361148e-01 7.809774191317533223e+03
1.325711244288214907e-01 7.257061453051518583e+03
1.456348342787200378e-01 6.717122393458009356e+03
1.599858570014452974e-01 5.972720716414502022e+03
1.757510458761641914e-01 5.369484270645865763e+03
1.930697544488981787e-01 4.811908989547128840e+03
2.120950683230800604e-01 4.436063302963104434e+03
2.329951583321586417e-01 4.024769929290594973e+03
2.559547670553742882e-01 3.604326487585886753e+03
2.811768418164965477e-01 3.302369509415611901e+03
3.088843286001189403e-01 2.997196373817255335e+03
3.393221427425128778e-01 2.748585849790851171e+03
3.727593338166072523e-01 2.510799698563116181e+03
4.094914638472018087e-01 2.326846877253718503e+03
4.498432198782237879e-01 2.157171986811393708e+03
4.941712839853393824e-01 2.005048379923801576e+03
5.428674861028858212e-01 1.864398291904321013e+03
5.963622675339625978e-01 1.743698567857964917e+03
6.551284857587630350e-01 1.633814776523049204e+03
7.196855941730535555e-01 1.536803192301734271e+03
7.906042337028588163e-01 1.446645516003208741e+03
8.685112768820903995e-01 1.361991125620732646e+03
9.540953689793428838e-01 1.286764147131800655e+03
1.048113015153642191e+00 0.000000000000000000e+00
