1.048113066601954503e-02 7.803312265719557763e+04
1.151395323963562076e-02 0.000000000000000000e+00
1.264855132798976302e-02 4.854652334235121089e+04
1.389495400641860279e-02 9.881695050004261429e+04
1.526417862678452857e-02 1.035802632489401294e+05
1.676832820337198493e-02 0.000000000000000000e+00
1.842069839530119726e-02 1.181588096927420993e+05
2.023589503111089191e-02 9.707705269370602036e+04
2.222996321434766651e-02 6.419742182268829492e+04
2.442052915136719640e-02 9.352978621028931229e+04
2.682695595500901239e-02 1.072521822107506159e+05
2.947051480134291537e-02 1.198560379149710061e+05
3.237457295239669353e-02 9.577031580430317263e+04
3.556480030685772731e-02 8.591329942166976980e+04
3.906939630451649464e-02 7.178561188645345101e+04
4.291933919013282694e-02 7.556307803366996814e+04
4.714865984004791566e-02 6.398724250321802538e+04
5.179474257198286163e-02 6.047615745977409824e+04
5.689865559697841746e-02 6.347136063532004482e+04
6.250551403444545850e-02 5.726115762592181272e+04
6.866487869913283359e-02 5.652045806210383307e+04
7.543119418501802176e-02 4.698581608398621029e+04
8.286427011848424007e-02 4.397027055911465141e+04
9.102980983473445142e-02 3.976270626482174703e+04
9.999999115058272325e-02 3.257520661170348467e+04
1.098541043672585787e-01 2.968187985985622436e+04
1.206792531427361148e-01 2.833756351116653605e+04
1.325711244288214907e-01 2.625186395191168776e+04
1.456348342787200378e-01 2.289916816548447241e+04
1.599858570014452974e-01 2.015174710242660149e+04
1.757510458761641914e-01 1.857095691939915196e+04
1.930697544488981787e-01 1.721150093441085846e+04
2.120950683230800604e-01 1.558197455987955072e+04
2.329951583321586417e-01 1.421198463762941719e+04
2.559547670553742882e-01 1.316685649532236494e+04
2.811768418164965477e-01 1.218966042490278778e+04
3.088843286001189403e-01 1.128258950576090137e+04
3.393221427425128778e-01 1.043411765576937432e+04
3.727593338166072523e-01 9.734059128986938958e+03
4.094914638472018087e-01 9.164582709994298057e+03
4.498432198782237879e-01 8.629694575827459630e+03
4.941712839853393824e-01 8.139466440179940037e+03
5.428674861028858212e-01 7.720492308564962514e+03
5.963622675339625978e-01 7.292971849646493865e+03
6.551284857587630350e-01 6.926196575835017939e+03
7.196855941730535555e-01 6.583510068461378978e+03
7.906042337028588163e-01 6.240926651620161465e+03
8.685112768820903995e-01 5.902044479351619884e+03
9.540953689793428838e-01 5.591339369407650338e+03
1.048113015153642191e+00 0.000000000000000000e+00
