1.048113066601954503e-02 7.463544808618162060e+05
1.151395323963562076e-02 0.000000000000000000e+00
1.264855132798976302e-02 5.769448133688215166e+05
1.389495400641860279e-02 6.470017747306091478e+05
1.526417862678452857e-02 4.741121275679017999e+05
1.676832820337198493e-02 0.000000000000000000e+00
1.842069839530119726e-02 3.519642120188445551e+05
2.023589503111089191e-02 3.686934212433540961e+05
2.222996321434766651e-02 2.923557434854745516e+05
2.442052915136719640e-02 2.549319257701990427e+05
2.682695595500901239e-02 1.792039062018652330e+05
2.947051480134291537e-02 1.332902849593651481e+05
3.237457295239669353e-02 1.101688711940876092e+05
3.556480030685772731e-02 1.000121075134730490e+05
3.906939630451649464e-02 7.645815871003778011e+04
4.291933919013282694e-02 7.012834577334111964e+04
4.714865984004791566e-02 6.320107346242399217e+04
5.179474257198286163e-02 6.101277640386596613e+04
5.689865559697841746e-02 6.102598211190350412e+04
6.250551403444545850e-02 5.717337349178913428e+04
6.866487869913283359e-02 4.954062064789408760e+04
7.543119418501802176e-02 3.788863612352528435e+04
8.286427011848424007e-02 2.916196088235792195e+04
9.102980983473445142e-02 2.410683680457830633e+04
9.999999115058272325e-02 2.190334407587819805e+04
1.098541043672585787e-01 2.113074763492776401e+04
1.206792531427361148e-01 1.851494434932986405e+04
1.325711244288214907e-01 1.523937160198101083e+04
1.456348342787200378e-01 1.280337862344833775e+04
1.599858570014452974e-01 1.134868072525646858e+04
1.757510458761641914e-01 9.931121390540643915e+03
1.930697544488981787e-01 8.878509608256739739e+03
2.120950683230800604e-01 7.980137136653595007e+03
2.329951583321586417e-01 6.930757016763508545e+03
2.559547670553742882e-01 6.215372210168430684e+03
2.811768418164965477e-01 5.564861718904200643e+03
3.088843286001189403e-01 5.008564189082045232e+03
3.393221427425128778e-01 4.500919349917798172e+03
3.727593338166072523e-01 4.079921407108995481e+03
4.094914638472018087e-01 3.709981990240495179e+03
4.498432198782237879e-01 3.388241680755107154e+03
4.941712839853393824e-01 3.112077061121293809e+03
5.428674861028858212e-01 2.858223489196190712e+03
5.963622675339625978e-01 2.618088444284524030e+03
6.551284857587630350e-01 2.409101207543607870e+03
7.196855941730535555e-01 2.204455302088160806e+03
7.906042337028588163e-01 2.015779866401725030e+03
8.685112768820903995e-01 1.851734237385736606e+03
9.540953689793428838e-01 1.693181783531067595e+03
1.048113015153642191e+00 0.000000000000000000e+00
