1.048113066601954503e-02 2.769924498636571225e+05
1.151395323963562076e-02 0.000000000000000000e+00
1.264855132798976302e-02 2.492649654225225095e+05
1.389495400641860279e-02 3.178599248304821085e+05
1.526417862678452857e-02 2.907609797005871660e+05
1.676832820337198493e-02 0.000000000000000000e+00
1.842069839530119726e-02 2.431744191631312715e+05
2.023589503111089191e-02 2.666756010341572110e+05
2.222996321434766651e-02 2.900385424913060851e+05
2.442052915136719640e-02 2.596781970495205023e+05
2.682695595500901239e-02 2.481423945841251116e+05
2.947051480134291537e-02 1.910802964966873697e+05
3.237457295239669353e-02 1.861830533313431661e+05
3.556480030685772731e-02 1.696417391452281154e+05
3.906939630451649464e-02 1.525622756603631715e+05
4.291933919013282694e-02 1.427526060384136217e+05
4.714865984004791566e-02 1.273226180385811895e+05
5.179474257198286163e-02 1.214136304466844595e+05
5.689865559697841746e-02 1.020642069406375958e+05
6.250551403444545850e-02 9.978020454465970397e+04
6.866487869913283359e-02 8.878621493509330321e+04
7.543119418501802176e-02 8.529387788300556713e+04
8.286427011848424007e-02 6.999662817018466012e+04
9.102980983473445142e-02 6.064069534892075171e+04
9.999999115058272325e-02 5.344614651504199719e+04
1.098541043672585787e-01 4.723562762437306083e+04
1.206792531427361148e-01 4.502574581937606854e+04
1.325711244288214907e-01 4.049894259721761773e+04
1.456348342787200378e-01 3.563413809367509384e+04
1.599858570014452974e-01 3.169120097343649104e+04
1.757510458761641914e-01 2.871962079991688370e+04
1.930697544488981787e-01 2.662167597472162743e+04
2.120950683230800604e-01 2.405302516538229247e+04
2.329951583321586417e-01 2.185050256978232937e+04
2.559547670553742882e-01 1.988955342140432185e+04
2.811768418164965477e-01 1.833373126215004595e+04
3.088843286001189403e-01 1.695211507557087316e+04
3.393221427425128778e-01 1.576988627049727438e+04
3.727593338166072523e-01 1.466786879626146037e+04
4.094914638472018087e-01 1.375353135855423898e+04
4.498432198782237879e-01 1.287909737287766256e+04
4.941712839853393824e-01 1.210002234379366382e+04
5.428674861028858212e-01 1.140544613966291945e+04
5.963622675339625978e-01 1.076662157028976071e+04
6.551284857587630350e-01 1.013052082298820642e+04
7.196855941730535555e-01 9.572610726024109681e+03
7.906042337028588163e-01 9.027074335551893455e+03
8.685112768820903995e-01 8.475951929135611863e+03
9.540953689793428838e-01 7.952994613456389743e+03
1.048113015153642191e+00 0.000000000000000000e+00
