1.048113066601954503e-02 2.534471599235590838e+04
1.151395323963562076e-02 0.000000000000000000e+00
1.264855132798976302e-02 8.055770917610264405e+03
1.389495400641860279e-02 1.472754666626497783e+04
1.526417862678452857e-02 1.528911538890486008e+04
1.676832820337198493e-02 0.000000000000000000e+00
1.842069839530119726e-02 9.622698182316189559e+03
2.023589503111089191e-02 1.326038455570536462e+04
2.222996321434766651e-02 1.297499074372604809e+04
2.442052915136719640e-02 1.888759040957945399e+04
2.682695595500901239e-02 1.367596422608172179e+04
2.947051480134291537e-02 1.664317651867207678e+04
3.237457295239669353e-02 1.665852726633237762e+04
3.556480030685772731e-02 1.648373864528414560e+04
3.906939630451649464e-02 1.469588987583806920e+04
4.291933919013282694e-02 1.288845538209286860e+04
4.714865984004791566e-02 1.322221618914106512e+04
5.179474257198286163e-02 1.174123381361539941e+04
5.689865559697841746e-02 1.147903683195376834e+04
6.250551403444545850e-02 1.076599683218579230e+04
6.866487869913283359e-02 1.099907934363683307e+04
7.543119418501802176e-02 9.433746187019012723e+03
8.286427011848424007e-02 9.810849251984667717e+03
9.102980983473445142e-02 8.815636530561703694e+03
9.999999115058272325e-02 7.890266847556822540e+03
1.098541043672585787e-01 6.438994041736099462e+03
1.206792531427361148e-01 6.038876684315346210e+03
1.325711244288214907e-01 5.551954823897409369e+03
1.456348342787200378e-01 5.199075419210805194e+03
1.599858570014452974e-01 4.576303084068521457e+03
1.757510458761641914e-01 4.051325485937731173e+03
1.930697544488981787e-01 3.636011523754411883e+03
2.120950683230800604e-01 3.314406905797926811e+03
2.329951583321586417e-01 2.966416068100550092e+03
2.559547670553742882e-01 2.663358950957864636e+03
2.811768418164965477e-01 2.399207328671403502e+03
3.088843286001189403e-01 2.170381795590196816e+03
3.393221427425128778e-01 1.964396369224541559e+03
3.727593338166072523e-01 1.775049899527418575e+03
4.094914638472018087e-01 1.625924472997213115e+03
4.498432198782237879e-01 1.492474048229114260e+03
4.941712839853393824e-01 1.369823172757160137e+03
5.428674861028858212e-01 1.262379841131577678e+03
5.963622675339625978e-01 1.176285810297781609e+03
6.551284857587630350e-01 1.090445761447675523e+03
7.196855941730535555e-01 1.016086016858333323e+03
7.906042337028588163e-01 9.467558220684466050e+02
8.685112768820903995e-01 8.907319646969523319e+02
9.540953689793428838e-01 8.341792654614527009e+02
1.048113015153642191e+00 0.000000000000000000e+00
