1.048113066601954503e-02 1.545786033456301957e+05
1.151395323963562076e-02 0.000000000000000000e+00
1.264855132798976302e-02 1.812067819666312425e+05
1.389495400641860279e-02 4.059648335364374216e+05
1.526417862678452857e-02 2.826526410545851686e+05
1.676832820337198493e-02 0.000000000000000000e+00
1.842069839530119726e-02 2.756181254001951893e+05
2.023589503111089191e-02 3.623595298880667542e+05
2.222996321434766651e-02 3.631166253666581470e+05
2.442052915136719640e-02 3.787468766350288643e+05
2.682695595500901239e-02 2.181896866809562780e+05
2.947051480134291537e-02 2.259115093004997179e+05
3.237457295239669353e-02 2.182487432662790525e+05
3.556480030685772731e-02 1.536160981938371551e+05
3.906939630451649464e-02 1.453032984828124172e+05
4.291933919013282694e-02 1.258104809627423383e+05
4.714865984004791566e-02 1.282064094532975287e+05
5.179474257198286163e-02 1.274626000589020987e+05
5.689865559697841746e-02 1.079159741016805056e+05
6.250551403444545850e-02 1.070738845452612877e+05
6.866487869913283359e-02 9.953399043485535367e+04
7.543119418501802176e-02 8.732961895891472523e+04
8.286427011848424007e-02 7.232633963283678167e+04
9.102980983473445142e-02 6.449877707867314894e+04
9.999999115058272325e-02 5.581515722522493161e+04
1.098541043672585787e-01 5.071530024723290990e+04
1.206792531427361148e-01 4.888669290270598140e+04
1.325711244288214907e-01 4.241753823127504438e+04
1.456348342787200378e-01 3.819234123413084308e+04
1.599858570014452974e-01 3.436369558639167371e+04
1.757510458761641914e-01 3.082595544525573496e+04
1.930697544488981787e-01 2.840399505969932216e+04
2.120950683230800604e-01 2.573840673722505744e+04
2.329951583321586417e-01 2.360985770782208056e+04
2.559547670553742882e-01 2.180681562270346330e+04
2.811768418164965477e-01 2.018025493061108136e+04
3.088843286001189403e-01 1.864814538292977522e+04
3.393221427425128778e-01 1.746139978488062479e+04
3.727593338166072523e-01 1.619760448382703180e+04
4.094914638472018087e-01 1.517521014250040753e+04
4.498432198782237879e-01 1.430164827040519594e+04
4.941712839853393824e-01 1.351222592531236842e+04
5.428674861028858212e-01 1.280952638507354277e+04
5.963622675339625978e-01 1.209727919595571075e+04
6.551284857587630350e-01 1.148315702666348625e+04
7.196855941730535555e-01 1.084815794365376860e+04
7.906042337028588163e-01 1.023499474536724301e+04
8.685112768820903995e-01 9.660469534718871728e+03
9.540953689793428838e-01 9.099382753376634355e+03
1.048113015153642191e+00 0.000000000000000000e+00
