1.048113066601954503e-02 1.536660553324271168e+05
1.151395323963562076e-02 0.000000000000000000e+00
1.264855132798976302e-02 2.848415909934807569e+05
1.389495400641860279e-02 1.800120072014820762e+05
1.526417862678452857e-02 2.289476824785600766e+05
1.676832820337198493e-02 0.000000000000000000e+00
1.842069839530119726e-02 2.063535449289894023e+05
2.023589503111089191e-02 1.922628037904661032e+05
2.222996321434766651e-02 1.971689971434479812e+05
2.442052915136719640e-02 1.555382968339128420e+05
2.682695595500901239e-02 1.653984582870172453e+05
2.947051480134291537e-02 1.726849821620525036e+05
3.237457295239669353e-02 1.306264895660274487e+05
3.556480030685772731e-02 1.411344759852942370e+05
3.906939630451649464e-02 1.204052730652331666e+05
4.291933919013282694e-02 1.175657033300212352e+05
4.714865984004791566e-02 1.132658034410798573e+05
5.179474257198286163e-02 9.554739703272757470e+04
5.689865559697841746e-02 9.031938173600635491e+04
6.250551403444545850e-02 7.961693906195687305e+04
6.866487869913283359e-02 7.445823694525702740e+04
7.543119418501802176e-02 6.757685887231578818e+04
8.286427011848424007e-02 5.843841103576807654e+04
9.102980983473445142e-02 5.002909996278998733e+04
9.999999115058272325e-02 4.303760742879843019e+04
1.098541043672585787e-01 3.940539617783607537e+04
1.206792531427361148e-01 3.466134510805764148e+04
1.325711244288214907e-01 3.277046653526367299e+04
1.456348342787200378e-01 2.900942014848711551e+04
1.599858570014452974e-01 2.521430460062013663e+04
1.757510458761641914e-01 2.311654661834052968e+04
1.930697544488981787e-01 2.088138631683809945e+04
2.120950683230800604e-01 1.877797280363752361e+04
2.329951583321586417e-01 1.710151647850397421e+04
2.559547670553742882e-01 1.587544885401410284e+04
2.811768418164965477e-01 1.447277294286919096e+04
3.088843286001189403e-01 1.328587464572797944e+04
3.393221427425128778e-01 1.234049373017742982e+04
3.727593338166072523e-01 1.149137737074379038e+04
4.094914638472018087e-01 1.074870120221385150e+04
4.498432198782237879e-01 1.002996615169556026e+04
4.941712839853393824e-01 9.400559448977328429e+03
5.428674861028858212e-01 8.829440503042880664e+03
5.963622675339625978e-01 8.321784860641429987e+03
6.551284857587630350e-01 7.825736961115922895e+03
7.196855941730535555e-01 7.346393237889613374e+03
7.906042337028588163e-01 6.909533670713933134e+03
8.685112768820903995e-01 6.475413494553437886e+03
9.540953689793428838e-01 6.064080677846809522e+03
1.048113015153642191e+00 0.000000000000000000e+00
