1.048113066601954503e-02 6.364255183715592284e+04
1.151395323963562076e-02 0.000000000000000000e+00
1.264855132798976302e-02 8.762632846702168172e+04
1.389495400641860279e-02 6.445796879433801223e+04
1.526417862678452857e-02 9.268660769024831825e+04
1.676832820337198493e-02 0.000000000000000000e+00
1.842069839530119726e-02 4.493791718312125158e+04
2.023589503111089191e-02 5.862927345581630652e+04
2.222996321434766651e-02 4.018565832604290335e+04
2.442052915136719640e-02 7.736899049544334412e+04
2.682695595500901239e-02 5.240333977537973988e+04
2.947051480134291537e-02 4.954993450164821843e+04
3.237457295239669353e-02 3.976369788914002129e+04
3.556480030685772731e-02 4.189969606388565444e+04
3.906939630451649464e-02 3.115366952598002899e+04
4.291933919013282694e-02 3.472018283793733281e+04
4.714865984004791566e-02 2.987446178427784616e+04
5.179474257198286163e-02 2.772705914684037634e+04
5.689865559697841746e-02 2.289509401296050783e+04
6.250551403444545850e-02 2.225645691659497243e+04
6.866487869913283359e-02 2.040294963092555918e+04
7.543119418501802176e-02 1.959716555716859875e+04
8.286427011848424007e-02 1.698876294619236069e+04
9.102980983473445142e-02 1.533721917399666381e+04
9.999999115058272325e-02 1.344845365655887690e+04
1.098541043672585787e-01 1.115358390951253205e+04
1.206792531427361148e-01 9.564310043709310776e+03
1.325711244288214907e-01 9.003251167433052615e+03
1.456348342787200378e-01 8.041634088896598769e+03
1.599858570014452974e-01 6.986988211945988041e+03
1.757510458761641914e-01 5.968657073612945169e+03
1.930697544488981787e-01 5.270170727914406598e+03
2.120950683230800604e-01 4.781883967669611593e+03
2.329951583321586417e-01 4.213563101945208473e+03
2.559547670553742882e-01 3.764352266062369381e+03
2.811768418164965477e-01 3.359334597663118075e+03
3.088843286001189403e-01 3.004801566744212323e+03
3.393221427425128778e-01 2.701757558644319943e+03
3.727593338166072523e-01 2.444079016863524885e+03
4.094914638472018087e-01 2.205987169335865929e+03
4.498432198782237879e-01 2.017398038340980520e+03
4.941712839853393824e-01 1.837231554053493255e+03
5.428674861028858212e-01 1.683028735387716097e+03
5.963622675339625978e-01 1.548485462485642302e+03
6.551284857587630350e-01 1.431530906350888245e+03
7.196855941730535555e-01 1.324144202494013371e+03
7.906042337028588163e-01 1.228019655214152863e+03
8.685112768820903995e-01 1.143065849336704787e+03
9.540953689793428838e-01 1.063833795473285818e+03
1.048113015153642191e+00 0.000000000000000000e+00
