1.048113066601954503e-02 9.598092861569029628e+04
1.151395323963562076e-02 0.000000000000000000e+00
1.264855132798976302e-02 5.977188891271383909e+04
1.389495400641860279e-02 1.215645047556455829e+05
1.526417862678452857e-02 1.273894161854926788e+05
1.676832820337198493e-02 0.000000000000000000e+00
1.842069839530119726e-02 1.454412594363678072e+05
2.023589503111089191e-02 1.194934413262662420e+05
2.222996321434766651e-02 7.892459071586269420e+04
2.442052915136719640e-02 1.151039760748096451e+05
2.682695595500901239e-02 1.321081863552163995e+05
2.947051480134291537e-02 1.476019577657208429e+05
3.237457295239669353e-02 1.179485359370908409e+05
3.556480030685772731e-02 1.058916418036858522e+05
3.906939630451649464e-02 8.845250139520554512e+04
4.291933919013282694e-02 9.319961097242517280e+04
4.714865984004791566e-02 7.894975039342597302e+04
5.179474257198286163e-02 7.459635029935513739e+04
5.689865559697841746e-02 7.837829405564848275e+04
6.250551403444545850e-02 7.074221681325057580e+04
6.866487869913283359e-02 6.983353773882941459e+04
7.543119418501802176e-02 5.810864659880027466e+04
8.286427011848424007e-02 5.441816336000549200e+04
9.102980983473445142e-02 4.927621541944005003e+04
9.999999115058272325e-02 4.041909282162818999e+04
1.098541043672585787e-01 3.686938550133053650e+04
1.206792531427361148e-01 3.524071417952863703e+04
1.325711244288214907e-01 3.267752501917772679e+04
1.456348342787200378e-01 2.855429601817627190e+04
1.599858570014452974e-01 2.517413664536868600e+04
1.757510458761641914e-01 2.323991860660305974e+04
1.930697544488981787e-01 2.157721340250967478e+04
2.120950683230800604e-01 1.957089195150451633e+04
2.329951583321586417e-01 1.788482052251408459e+04
2.559547670553742882e-01 1.660129140217071472e+04
2.811768418164965477e-01 1.540208933155190425e+04
3.088843286001189403e-01 1.428264081627278938e+04
3.393221427425128778e-01 1.323678597319002984e+04
3.727593338166072523e-01 1.237346574707050968e+04
4.094914638472018087e-01 1.167234209498469863e+04
4.498432198782237879e-01 1.101327098231651325e+04
4.941712839853393824e-01 1.040849111206194721e+04
5.428674861028858212e-01 9.892119359873420763e+03
5.963622675339625978e-01 9.362704787881666562e+03
6.551284857587630350e-01 8.909507852080816519e+03
7.196855941730535555e-01 8.485353798686195660e+03
7.906042337028588163e-01 8.060145388686002661e+03
8.685112768820903995e-01 7.637949555073699230e+03
9.540953689793428838e-01 7.250970467831160931e+03
1.048113015153642191e+00 0.000000000000000000e+00
