1.048113066601954503e-02 1.354965809791767504e+06
1.151395323963562076e-02 0.000000000000000000e+00
1.264855132798976302e-02 8.160607940656226128e+05
1.389495400641860279e-02 7.864454486351434607e+05
1.526417862678452857e-02 1.587100805123968050e+06
1.676832820337198493e-02 0.000000000000000000e+00
1.842069839530119726e-02 6.536660684874912258e+05
2.023589503111089191e-02 7.449441830217584502e+05
2.222996321434766651e-02 3.754767584689139621e+05
2.442052915136719640e-02 4.137093699187565362e+05
2.682695595500901239e-02 4.238314400078105973e+05
2.947051480134291537e-02 4.000618310394687578e+05
3.237457295239669353e-02 2.227024810980758921e+05
3.556480030685772731e-02 2.336191480846383201e+05
3.906939630451649464e-02 1.605588076107300876e+05
4.291933919013282694e-02 1.857843668522623484e+05
4.714865984004791566e-02 1.441238607412821730e+05
5.179474257198286163e-02 1.493325582161009952e+05
5.689865559697841746e-02 1.349615536407059117e+05
6.250551403444545850e-02 1.229389667134502379e+05
6.866487869913283359e-02 9.827637457336879743e+04
7.543119418501802176e-02 8.123842135017653345e+04
8.286427011848424007e-02 6.478651813119388680e+04
9.102980983473445142e-02 5.745413573746249313e+04
9.999999115058272325e-02 5.129481972475834482e+04
1.098541043672585787e-01 4.575493706122867297e+04
1.206792531427361148e-01 4.041905520250825066e+04
1.325711244288214907e-01 3.386721747939249326e+04
1.456348342787200378e-01 2.984231192263722915e+04
1.599858570014452974e-01 2.654250228535536371e+04
1.757510458761641914e-01 2.335665577258853591e+04
1.930697544488981787e-01 2.060901977231439014e+04
2.120950683230800604e-01 1.812946680114209448e+04
2.329951583321586417e-01 1.613087272663007752e+04
2.559547670553742882e-01 1.437938046426820983e+04
2.811768418164965477e-01 1.312026972368637871e+04
3.088843286001189403e-01 1.175932055947674235e+04
3.393221427425128778e-01 1.064188931781322572e+04
3.727593338166072523e-01 9.649689108420792763e+03
4.094914638472018087e-01 8.849870143691156045e+03
4.498432198782237879e-01 8.138788801707574748e+03
4.941712839853393824e-01 7.499342462003271066e+03
5.428674861028858212e-01 6.905971067290296560e+03
5.963622675339625978e-01 6.395964282163246935e+03
6.551284857587630350e-01 5.911962932261698370e+03
7.196855941730535555e-01 5.514212742688678190e+03
7.906042337028588163e-01 5.106910312948073624e+03
8.685112768820903995e-01 4.742014366600148605e+03
9.540953689793428838e-01 4.412595137762715240e+03
1.048113015153642191e+00 0.000000000000000000e+00
