1.048113066601954503e-02 1.253260710195079213e+06
1.151395323963562076e-02 0.000000000000000000e+00
1.264855132798976302e-02 7.479990596517394297e+05
1.389495400641860279e-02 1.274563886023098370e+06
1.526417862678452857e-02 8.717505914541445673e+05
1.676832820337198493e-02 0.000000000000000000e+00
1.842069839530119726e-02 7.319964079353706911e+05
2.023589503111089191e-02 1.026318678645701497e+06
2.222996321434766651e-02 5.818512876924051670e+05
2.442052915136719640e-02 4.159844042572063627e+05
2.682695595500901239e-02 3.216194023777642869e+05
2.947051480134291537e-02 2.431695127665456093e+05
3.237457295239669353e-02 1.379402313185850508e+05
3.556480030685772731e-02 1.187057087004349305e+05
3.906939630451649464e-02 1.043221747825399798e+05
4.291933919013282694e-02 9.741159273405083513e+04
4.714865984004791566e-02 9.547911703032712103e+04
5.179474257198286163e-02 1.077442055374033516e+05
5.689865559697841746e-02 1.165796191141323070e+05
6.250551403444545850e-02 1.304599255924688332e+05
6.866487869913283359e-02 1.004601377673374373e+05
7.543119418501802176e-02 7.688608023674783180e+04
8.286427011848424007e-02 5.623803552471662988e+04
9.102980983473445142e-02 4.664263997552986257e+04
9.999999115058272325e-02 4.417272773913386482e+04
1.098541043672585787e-01 4.444255922042999737e+04
1.206792531427361148e-01 3.882049194447037735e+04
1.325711244288214907e-01 3.256684018273239053e+04
1.456348342787200378e-01 2.867146214896162201e+04
1.599858570014452974e-01 2.555793083964857942e+04
1.757510458761641914e-01 2.299094232687489784e+04
1.930697544488981787e-01 2.102316050836051363e+04
2.120950683230800604e-01 1.881884445213455911e+04
2.329951583321586417e-01 1.697871492601324644e+04
2.559547670553742882e-01 1.554784522769357136e+04
2.811768418164965477e-01 1.418696105708344658e+04
3.088843286001189403e-01 1.313098244575948047e+04
3.393221427425128778e-01 1.206504215521553124e+04
3.727593338166072523e-01 1.120580104146312078e+04
4.094914638472018087e-01 1.050593971920322292e+04
4.498432198782237879e-01 9.752830944223149345e+03
4.941712839853393824e-01 9.145527683234238793e+03
5.428674861028858212e-01 8.493324119966135186e+03
5.963622675339625978e-01 7.945303391561174976e+03
6.551284857587630350e-01 7.434458735462257209e+03
7.196855941730535555e-01 6.936895018544480081e+03
7.906042337028588163e-01 6.479636894253480932e+03
8.685112768820903995e-01 6.025237820872143857e+03
9.540953689793428838e-01 5.586004121595726247e+03
1.048113015153642191e+00 0.000000000000000000e+00
