1.048113066601954503e-02 6.531045043242438696e+05
1.151395323963562076e-02 0.000000000000000000e+00
1.264855132798976302e-02 6.221053201427608728e+05
1.389495400641860279e-02 6.808216800126484595e+05
1.526417862678452857e-02 1.843995530989356921e+05
1.676832820337198493e-02 0.000000000000000000e+00
1.842069839530119726e-02 2.842966576746090432e+05
2.023589503111089191e-02 3.672818046324952738e+05
2.222996321434766651e-02 2.973073179946477176e+05
2.442052915136719640e-02 2.770574881170690060e+05
2.682695595500901239e-02 1.865374709727197769e+05
2.947051480134291537e-02 1.707644552888839389e+05
3.237457295239669353e-02 8.963300927915374632e+04
3.556480030685772731e-02 8.552315439690787753e+04
3.906939630451649464e-02 7.182874140720508876e+04
4.291933919013282694e-02 4.907000955523451557e+04
4.714865984004791566e-02 4.659406409218435874e+04
5.179474257198286163e-02 4.199908048395598598e+04
5.689865559697841746e-02 4.354831192289307364e+04
6.250551403444545850e-02 4.001540564049681416e+04
6.866487869913283359e-02 3.789267718455023714e+04
7.543119418501802176e-02 3.342548199395407573e+04
8.286427011848424007e-02 2.778807828754581715e+04
9.102980983473445142e-02 2.104200514780246522e+04
9.999999115058272325e-02 1.617730882015314455e+04
1.098541043672585787e-01 1.456886409055425247e+04
1.206792531427361148e-01 1.342612772273801966e+04
1.325711244288214907e-01 1.183219201605952730e+04
1.456348342787200378e-01 1.020613300548027655e+04
1.599858570014452974e-01 8.585797131437670032e+03
1.757510458761641914e-01 7.584925105447184251e+03
1.930697544488981787e-01 6.727779869355441406e+03
2.120950683230800604e-01 5.817830472976743295e+03
2.329951583321586417e-01 5.085188720912997269e+03
2.559547670553742882e-01 4.531920163599441366e+03
2.811768418164965477e-01 4.043800409191103427e+03
3.088843286001189403e-01 3.574099903367304250e+03
3.393221427425128778e-01 3.235905465028168692e+03
3.727593338166072523e-01 2.878715477779056982e+03
4.094914638472018087e-01 2.596278435456784337e+03
4.498432198782237879e-01 2.374179653288239933e+03
4.941712839853393824e-01 2.144544810939144554e+03
5.428674861028858212e-01 1.947777175592201729e+03
5.963622675339625978e-01 1.781387977283103737e+03
6.551284857587630350e-01 1.631554518614378367e+03
7.196855941730535555e-01 1.490877566525286738e+03
7.906042337028588163e-01 1.357779491662962755e+03
8.685112768820903995e-01 1.238113664768496392e+03
9.540953689793428838e-01 1.126430736532782703e+03
1.048113015153642191e+00 0.000000000000000000e+00
