1.048113066601954503e-02 4.718917634290133719e+04
1.151395323963562076e-02 0.000000000000000000e+00
1.264855132798976302e-02 7.833611224866360135e+04
1.389495400641860279e-02 7.121975681051153515e+04
1.526417862678452857e-02 3.823808522821548831e+04
1.676832820337198493e-02 0.000000000000000000e+00
1.842069839530119726e-02 3.997322019409901986e+04
2.023589503111089191e-02 5.523477851970944175e+04
2.222996321434766651e-02 4.844970399617116345e+04
2.442052915136719640e-02 6.115128035104306764e+04
2.682695595500901239e-02 5.769907555038236751e+04
2.947051480134291537e-02 4.076890217955954722e+04
3.237457295239669353e-02 4.625035955409707094e+04
3.556480030685772731e-02 5.169711947772150597e+04
3.906939630451649464e-02 3.856216558481668471e+04
4.291933919013282694e-02 3.943688592271028028e+04
4.714865984004791566e-02 3.526370576905090275e+04
5.179474257198286163e-02 2.674165134684004806e+04
5.689865559697841746e-02 2.738411991391345509e+04
6.250551403444545850e-02 2.767908512898884146e+04
6.866487869913283359e-02 2.456511290805523458e+04
7.543119418501802176e-02 2.222377375353478055e+04
8.286427011848424007e-02 2.133405262783299622e+04
9.102980983473445142e-02 1.806710802321017400e+04
9.999999115058272325e-02 1.630849103091404140e+04
1.098541043672585787e-01 1.370990636139465823e+04
1.206792531427361148e-01 1.248632930426281382e+04
1.325711244288214907e-01 1.119309067023302487e+04
1.456348342787200378e-01 1.059796272869057248e+04
1.599858570014452974e-01 9.293219100101638105e+03
1.757510458761641914e-01 8.217673350538290833e+03
1.930697544488981787e-01 7.349457961202411752e+03
2.120950683230800604e-01 6.622733663346841240e+03
2.329951583321586417e-01 5.959826340031781001e+03
2.559547670553742882e-01 5.352879692431677540e+03
2.811768418164965477e-01 4.800516713919166250e+03
3.088843286001189403e-01 4.376419528353231726e+03
3.393221427425128778e-01 3.993489646337377053e+03
3.727593338166072523e-01 3.634575104660472334e+03
4.094914638472018087e-01 3.356088371475908843e+03
4.498432198782237879e-01 3.100544751031410669e+03
4.941712839853393824e-01 2.865491849217210529e+03
5.428674861028858212e-01 2.655215917586241176e+03
5.963622675339625978e-01 2.478486813029057885e+03
6.551284857587630350e-01 2.308326226657075495e+03
7.196855941730535555e-01 2.156947329422198891e+03
7.906042337028588163e-01 2.023108868206952138e+03
8.685112768820903995e-01 1.894420231409434564e+03
9.540953689793428838e-01 1.773388954398073110e+03
1.048113015153642191e+00 0.000000000000000000e+00
