1.048113066601954503e-02 1.671860032160369447e+05
1.151395323963562076e-02 0.000000000000000000e+00
1.264855132798976302e-02 1.086483128394853848e+05
1.389495400641860279e-02 2.330198912169301475e+05
1.526417862678452857e-02 2.329271798146959627e+05
1.676832820337198493e-02 0.000000000000000000e+00
1.842069839530119726e-02 2.830739499031614396e+05
2.023589503111089191e-02 2.548222986457226216e+05
2.222996321434766651e-02 1.790973637176069315e+05
2.442052915136719640e-02 1.808271069998827297e+05
2.682695595500901239e-02 1.256066723247176560e+05
2.947051480134291537e-02 9.387263190948832198e+04
3.237457295239669353e-02 8.825626782007186557e+04
3.556480030685772731e-02 9.530259079308388755e+04
3.906939630451649464e-02 8.036960095832917432e+04
4.291933919013282694e-02 7.334346554084168747e+04
4.714865984004791566e-02 7.277329337679209129e+04
5.179474257198286163e-02 7.095786936895619147e+04
5.689865559697841746e-02 6.521700472179760982e+04
6.250551403444545850e-02 5.803782107132110104e+04
6.866487869913283359e-02 4.463175205567698868e+04
7.543119418501802176e-02 3.238319336805495550e+04
8.286427011848424007e-02 2.718367590868040861e+04
9.102980983473445142e-02 2.605343288221245894e+04
9.999999115058272325e-02 2.677306216263648821e+04
1.098541043672585787e-01 2.333656524912157329e+04
1.206792531427361148e-01 1.780910636760072884e+04
1.325711244288214907e-01 1.551970461809003973e+04
1.456348342787200378e-01 1.445740449725867256e+04
1.599858570014452974e-01 1.286812438442485472e+04
1.757510458761641914e-01 1.110409909099682227e+04
1.930697544488981787e-01 9.759542466528520890e+03
2.120950683230800604e-01 8.689154401316603980e+03
2.329951583321586417e-01 7.532776227197431581e+03
2.559547670553742882e-01 6.864525310862881270e+03
2.811768418164965477e-01 6.065465626579447417e+03
3.088843286001189403e-01 5.436914671104981608e+03
3.393221427425128778e-01 4.927561388059520141e+03
3.727593338166072523e-01 4.452558213591254571e+03
4.094914638472018087e-01 4.042171113985154989e+03
4.498432198782237879e-01 3.705575351426385623e+03
4.941712839853393824e-01 3.391615992895214731e+03
5.428674861028858212e-01 3.133840843240599497e+03
5.963622675339625978e-01 2.894264313405266876e+03
6.551284857587630350e-01 2.685066657119674346e+03
7.196855941730535555e-01 2.501830892528298136e+03
7.906042337028588163e-01 2.334680967742005123e+03
8.685112768820903995e-01 2.183430211015018813e+03
9.540953689793428838e-01 2.049270344600038698e+03
1.048113015153642191e+00 0.000000000000000000e+00
