1.048113066601954503e-02 4.586502030527556781e+05
1.151395323963562076e-02 0.000000000000000000e+00
1.264855132798976302e-02 2.330774821783514926e+05
1.389495400641860279e-02 2.248853646758951945e+05
1.526417862678452857e-02 3.595387155832385179e+05
1.676832820337198493e-02 0.000000000000000000e+00
1.842069839530119726e-02 3.170233552275142865e+05
2.023589503111089191e-02 2.476929698905226542e+05
2.222996321434766651e-02 1.598984097034955048e+05
2.442052915136719640e-02 2.116573973917038529e+05
2.682695595500901239e-02 1.774522748684266699e+05
2.947051480134291537e-02 1.403151913429339183e+05
3.237457295239669353e-02 1.211396301783361123e+05
3.556480030685772731e-02 1.090532023603775015e+05
3.906939630451649464e-02 1.054725045526557224e+05
4.291933919013282694e-02 1.043267292822542513e+05
4.714865984004791566e-02 8.635625780945405131e+04
5.179474257198286163e-02 8.255745546047159587e+04
5.689865559697841746e-02 7.971611936121989856e+04
6.250551403444545850e-02 7.822352044111015857e+04
6.866487869913283359e-02 6.284903184022483765e+04
7.543119418501802176e-02 4.815033311264179065e+04
8.286427011848424007e-02 3.991292830273729487e+04
9.102980983473445142e-02 3.607739081283602718e+04
9.999999115058272325e-02 3.636449305021440523e+04
1.098541043672585787e-01 3.312416935161588481e+04
1.206792531427361148e-01 2.732381821421415225e+04
1.325711244288214907e-01 2.320527819131951037e+04
1.456348342787200378e-01 2.162759975068751737e+04
1.599858570014452974e-01 2.014358571465024579e+04
1.757510458761641914e-01 1.771948715688650191e+04
1.930697544488981787e-01 1.599574028005533364e+04
2.120950683230800604e-01 1.429512530154781780e+04
2.329951583321586417e-01 1.298715900152988252e+04
2.559547670553742882e-01 1.176818482726361071e+04
2.811768418164965477e-01 1.077675104382799509e+04
3.088843286001189403e-01 9.942106259587708337e+03
3.393221427425128778e-01 9.131253478224709397e+03
3.727593338166072523e-01 8.475350089716852381e+03
4.094914638472018087e-01 7.926925022384863951e+03
4.498432198782237879e-01 7.363224422504124959e+03
4.941712839853393824e-01 6.899339470868500939e+03
5.428674861028858212e-01 6.477448802908911603e+03
5.963622675339625978e-01 6.087550080796914699e+03
6.551284857587630350e-01 5.746269662463044369e+03
7.196855941730535555e-01 5.409788571092378334e+03
7.906042337028588163e-01 5.086809424072727779e+03
8.685112768820903995e-01 4.787093058301225028e+03
9.540953689793428838e-01 4.511494710402870624e+03
1.048113015153642191e+00 0.000000000000000000e+00
