1.048113066601954503e-02 3.211889232473141237e+04
1.151395323963562076e-02 0.000000000000000000e+00
1.264855132798976302e-02 4.531638901349141088e+04
1.389495400641860279e-02 5.592499600922733225e+04
1.526417862678452857e-02 2.847319291154483653e+04
1.676832820337198493e-02 0.000000000000000000e+00
1.842069839530119726e-02 3.205057432879721455e+04
2.023589503111089191e-02 3.174781959710238152e+04
2.222996321434766651e-02 5.125982504684906598e+04
2.442052915136719640e-02 3.544789332753614872e+04
2.682695595500901239e-02 3.972747782699398522e+04
2.947051480134291537e-02 3.344530553835791216e+04
3.237457295239669353e-02 3.297277397699910944e+04
3.556480030685772731e-02 2.740443966771072883e+04
3.906939630451649464e-02 2.824865916033324902e+04
4.291933919013282694e-02 2.238966371146691381e+04
4.714865984004791566e-02 2.130163999189780952e+04
5.179474257198286163e-02 2.055864026749177356e+04
5.689865559697841746e-02 1.843191389558812807e+04
6.250551403444545850e-02 1.624279010475035648e+04
6.866487869913283359e-02 1.600706578722694576e+04
7.543119418501802176e-02 1.394408141453500502e+04
8.286427011848424007e-02 1.168539369462706236e+04
9.102980983473445142e-02 1.037597250392074966e+04
9.999999115058272325e-02 9.488096153255159152e+03
1.098541043672585787e-01 8.286403715213251417e+03
1.206792531427361148e-01 7.490552485726287159e+03
1.325711244288214907e-01 6.656455168294804025e+03
1.456348342787200378e-01 5.595165488160732821e+03
1.599858570014452974e-01 4.956263003224121348e+03
1.757510458761641914e-01 4.433826742765200834e+03
1.930697544488981787e-01 3.965224133021874877e+03
2.120950683230800604e-01 3.389414800039659440e+03
2.329951583321586417e-01 3.003939383615311272e+03
2.559547670553742882e-01 2.659481737083530788e+03
2.811768418164965477e-01 2.372432074536516211e+03
3.088843286001189403e-01 2.097888460663113619e+03
3.393221427425128778e-01 1.871734464750311645e+03
3.727593338166072523e-01 1.670078686408211297e+03
4.094914638472018087e-01 1.499445631114062508e+03
4.498432198782237879e-01 1.359193239519761391e+03
4.941712839853393824e-01 1.226833458012064057e+03
5.428674861028858212e-01 1.115685043033085549e+03
5.963622675339625978e-01 1.018090359760387059e+03
6.551284857587630350e-01 9.315837553287999526e+02
7.196855941730535555e-01 8.568171947001335411e+02
7.906042337028588163e-01 7.896157714758828661e+02
8.685112768820903995e-01 7.300896525028485939e+02
9.540953689793428838e-01 6.781324358723679779e+02
1.048113015153642191e+00 0.000000000000000000e+00
