1.048113066601954503e-02 9.383142097055767954e+04
1.151395323963562076e-02 0.000000000000000000e+00
1.264855132798976302e-02 8.567149049243333866e+04
1.389495400641860279e-02 8.961941402666186332e+04
1.526417862678452857e-02 1.746951925143478729e+05
1.676832820337198493e-02 0.000000000000000000e+00
1.842069839530119726e-02 1.162837877926577639e+05
2.023589503111089191e-02 1.027671042877056461e+05
2.222996321434766651e-02 1.322219337503036368e+05
2.442052915136719640e-02 1.801871521209882922e+05
2.682695595500901239e-02 1.202649132348519342e+05
2.947051480134291537e-02 1.032780807422606449e+05
3.237457295239669353e-02 8.175424251006031409e+04
3.556480030685772731e-02 8.151693082109269744e+04
3.906939630451649464e-02 8.367457871674104535e+04
4.291933919013282694e-02 8.427140089571973658e+04
4.714865984004791566e-02 6.826397356538860186e+04
5.179474257198286163e-02 6.248047257820234518e+04
5.689865559697841746e-02 5.611937918106065626e+04
6.250551403444545850e-02 5.668415535506063316e+04
6.866487869913283359e-02 4.894793647278794379e+04
7.543119418501802176e-02 4.885182211721480417e+04
8.286427011848424007e-02 4.047576114592360682e+04
9.102980983473445142e-02 3.529428814947077626e+04
9.999999115058272325e-02 3.144669525119699392e+04
1.098541043672585787e-01 2.775840075470486772e+04
1.206792531427361148e-01 2.536649512402193432e+04
1.325711244288214907e-01 2.265823251605121550e+04
1.456348342787200378e-01 2.042766286049240807e+04
1.599858570014452974e-01 1.853427952918063238e+04
1.757510458761641914e-01 1.663313428379150355e+04
1.930697544488981787e-01 1.516122652818725692e+04
2.120950683230800604e-01 1.375271541406936194e+04
2.329951583321586417e-01 1.234691354432785192e+04
2.559547670553742882e-01 1.151499632670957180e+04
2.811768418164965477e-01 1.046396594285464380e+04
3.088843286001189403e-01 9.654711188450608461e+03
3.393221427425128778e-01 9.003309165878563363e+03
3.727593338166072523e-01 8.325673374940195572e+03
4.094914638472018087e-01 7.796082905337802913e+03
4.498432198782237879e-01 7.350847009915099989e+03
4.941712839853393824e-01 6.883772626721978668e+03
5.428674861028858212e-01 6.474747315028576850e+03
5.963622675339625978e-01 6.106421892592241420e+03
6.551284857587630350e-01 5.731830331879600635e+03
7.196855941730535555e-01 5.404633270630816696e+03
7.906042337028588163e-01 5.091022543093296008e+03
8.685112768820903995e-01 4.759608134289237569e+03
9.540953689793428838e-01 4.459827941058467331e+03
1.048113015153642191e+00 0.000000000000000000e+00
