1.048113066601954503e-02 7.883104719668695179e+04
1.151395323963562076e-02 0.000000000000000000e+00
1.264855132798976302e-02 9.324459863186154689e+04
1.389495400641860279e-02 7.652640330428945890e+04
1.526417862678452857e-02 1.011133393244676117e+05
1.676832820337198493e-02 0.000000000000000000e+00
1.842069839530119726e-02 7.791052324809430866e+04
2.023589503111089191e-02 9.359820714514536667e+04
2.222996321434766651e-02 8.387468437836479279e+04
2.442052915136719640e-02 8.396378188288076490e+04
2.682695595500901239e-02 6.813040546553090098e+04
2.947051480134291537e-02 6.611455953522356867e+04
3.237457295239669353e-02 4.997680956376638642e+04
3.556480030685772731e-02 4.525928719405608717e+04
3.906939630451649464e-02 4.336381903651505127e+04
4.291933919013282694e-02 4.327793095342211018e+04
4.714865984004791566e-02 3.734559136411589134e+04
5.179474257198286163e-02 3.579029686939044041e+04
5.689865559697841746e-02 3.624414448524839099e+04
6.250551403444545850e-02 3.144928521595045095e+04
6.866487869913283359e-02 2.839000052752944976e+04
7.543119418501802176e-02 2.358392926633260140e+04
8.286427011848424007e-02 1.996464153520167383e+04
9.102980983473445142e-02 1.850416550806400483e+04
9.999999115058272325e-02 1.637606990908368971e+04
1.098541043672585787e-01 1.483218154157467143e+04
1.206792531427361148e-01 1.329038708913322989e+04
1.325711244288214907e-01 1.125499961865886144e+04
1.456348342787200378e-01 1.002563242277378595e+04
1.599858570014452974e-01 9.142130148423028004e+03
1.757510458761641914e-01 8.102220438122074484e+03
1.930697544488981787e-01 7.134443996746623270e+03
2.120950683230800604e-01 6.484745030909050911e+03
2.329951583321586417e-01 5.741196025959762665e+03
2.559547670553742882e-01 5.228595083573839474e+03
2.811768418164965477e-01 4.738743473168479795e+03
3.088843286001189403e-01 4.275151996151691492e+03
3.393221427425128778e-01 3.918435068551480981e+03
3.727593338166072523e-01 3.586555569456520061e+03
4.094914638472018087e-01 3.312860875038890754e+03
4.498432198782237879e-01 3.057272957052320180e+03
4.941712839853393824e-01 2.841925438937217677e+03
5.428674861028858212e-01 2.635797320943732302e+03
5.963622675339625978e-01 2.465130729278589115e+03
6.551284857587630350e-01 2.292970957735675256e+03
7.196855941730535555e-01 2.147798082200255521e+03
7.906042337028588163e-01 2.006470574802031933e+03
8.685112768820903995e-01 1.880038561190763176e+03
9.540953689793428838e-01 1.758628521246601849e+03
1.048113015153642191e+00 0.000000000000000000e+00
