1.048113066601954503e-02 2.707196586223086342e+04
1.151395323963562076e-02 0.000000000000000000e+00
1.264855132798976302e-02 8.119151718859242101e+04
1.389495400641860279e-02 2.933020509399840375e+04
1.526417862678452857e-02 6.327760765185041964e+04
1.676832820337198493e-02 0.000000000000000000e+00
1.842069839530119726e-02 5.821875339145436010e+04
2.023589503111089191e-02 6.218608293799169769e+04
2.222996321434766651e-02 5.238371715445992595e+04
2.442052915136719640e-02 8.461362603766861139e+04
2.682695595500901239e-02 5.888421581544350192e+04
2.947051480134291537e-02 4.725870844726272480e+04
3.237457295239669353e-02 3.765642187563321204e+04
3.556480030685772731e-02 4.762032411949243397e+04
3.906939630451649464e-02 5.076851773741705983e+04
4.291933919013282694e-02 3.765909527955854719e+04
4.714865984004791566e-02 3.390209795708873571e+04
5.179474257198286163e-02 3.440483559927347960e+04
5.689865559697841746e-02 3.272959083744673626e+04
6.250551403444545850e-02 3.058319742375299393e+04
6.866487869913283359e-02 2.901628891369371559e+04
7.543119418501802176e-02 2.609020437754770683e+04
8.286427011848424007e-02 2.391125217885006714e+04
9.102980983473445142e-02 2.202523810173049424e+04
9.999999115058272325e-02 1.891214468415910233e+04
1.098541043672585787e-01 1.629348378341236821e+04
1.206792531427361148e-01 1.441443376160028492e+04
1.325711244288214907e-01 1.307501811384591747e+04
1.456348342787200378e-01 1.236740239358138388e+04
1.599858570014452974e-01 1.099358555528302531e+04
1.757510458761641914e-01 9.453452019322223350e+03
1.930697544488981787e-01 8.697078868891358070e+03
2.120950683230800604e-01 7.939636314527401737e+03
2.329951583321586417e-01 7.195819447658455829e+03
2.559547670553742882e-01 6.527586033586884696e+03
2.811768418164965477e-01 5.915595061542562689e+03
3.088843286001189403e-01 5.435596744274620505e+03
3.393221427425128778e-01 4.979722903908363151e+03
3.727593338166072523e-01 4.563551679765178960e+03
4.094914638472018087e-01 4.255907849405315574e+03
4.498432198782237879e-01 3.936134674306123543e+03
4.941712839853393824e-01 3.683332360472445544e+03
5.428674861028858212e-01 3.452266301295066114e+03
5.963622675339625978e-01 3.226795352886931141e+03
6.551284857587630350e-01 3.045937949692101483e+03
7.196855941730535555e-01 2.870587534205480097e+03
7.906042337028588163e-01 2.700043218147265179e+03
8.685112768820903995e-01 2.555752511453191346e+03
9.540953689793428838e-01 2.412425836925131989e+03
1.048113015153642191e+00 0.000000000000000000e+00
