1.048113066601954503e-02 1.390175356487369572e+04
1.151395323963562076e-02 0.000000000000000000e+00
1.264855132798976302e-02 1.934389950432703699e+04
1.389495400641860279e-02 1.496088920271847201e+04
1.526417862678452857e-02 3.178692581725006676e+03
1.676832820337198493e-02 0.000000000000000000e+00
1.842069839530119726e-02 1.064508555840678309e+04
2.023589503111089191e-02 1.519169492601824822e+04
2.222996321434766651e-02 1.645604348027224478e+04
2.442052915136719640e-02 1.199939347298698158e+04
2.682695595500901239e-02 1.277027981228838144e+04
2.947051480134291537e-02 1.598846667913218698e+04
3.237457295239669353e-02 1.558510634146625307e+04
3.556480030685772731e-02 1.453235497350533115e+04
3.906939630451649464e-02 1.446779992847211724e+04
4.291933919013282694e-02 1.407660626939895519e+04
4.714865984004791566e-02 1.265122724788808773e+04
5.179474257198286163e-02 1.343079962936452102e+04
5.689865559697841746e-02 1.162573300875024506e+04
6.250551403444545850e-02 1.138968870827192404e+04
6.866487869913283359e-02 1.052151746067622844e+04
7.543119418501802176e-02 9.865692091241118760e+03
8.286427011848424007e-02 8.998908425234432798e+03
9.102980983473445142e-02 8.144159249424747941e+03
9.999999115058272325e-02 7.425338481789227444e+03
1.098541043672585787e-01 6.812450991850751961e+03
1.206792531427361148e-01 6.368005500735040187e+03
1.325711244288214907e-01 5.821678838958547203e+03
1.456348342787200378e-01 5.167248160671395453e+03
1.599858570014452974e-01 4.544832525327531584e+03
1.757510458761641914e-01 4.152901352407143349e+03
1.930697544488981787e-01 3.712963718941237858e+03
2.120950683230800604e-01 3.303624567853270037e+03
2.329951583321586417e-01 2.943246144533550705e+03
2.559547670553742882e-01 2.676419809245657234e+03
2.811768418164965477e-01 2.415582956415945773e+03
3.088843286001189403e-01 2.168534682203714056e+03
3.393221427425128778e-01 1.954387145967037895e+03
3.727593338166072523e-01 1.771317933504554276e+03
4.094914638472018087e-01 1.612108100366687040e+03
4.498432198782237879e-01 1.479388977126408008e+03
4.941712839853393824e-01 1.359442251808046649e+03
5.428674861028858212e-01 1.250535579539351602e+03
5.963622675339625978e-01 1.158687477735064476e+03
6.551284857587630350e-01 1.072024133858659525e+03
7.196855941730535555e-01 9.982434103436057740e+02
7.906042337028588163e-01 9.333631825557839647e+02
8.685112768820903995e-01 8.727618855276514296e+02
9.540953689793428838e-01 8.173385323736571308e+02
1.048113015153642191e+00 0.000000000000000000e+00
