1.048113066601954503e-02 1.114734518739776686e+06
1.151395323963562076e-02 0.000000000000000000e+00
1.264855132798976302e-02 6.658054510778947733e+05
1.389495400641860279e-02 1.132317244066523155e+06
1.526417862678452857e-02 7.745427120048431680e+05
1.676832820337198493e-02 0.000000000000000000e+00
1.842069839530119726e-02 6.495574054631181061e+05
2.023589503111089191e-02 9.113514606843013316e+05
2.222996321434766651e-02 5.158826864951419411e+05
2.442052915136719640e-02 3.686146874657839653e+05
2.682695595500901239e-02 2.852082792835363653e+05
2.947051480134291537e-02 2.156420999527522072e+05
3.237457295239669353e-02 1.223355505829709437e+05
3.556480030685772731e-02 1.052107640116949624e+05
3.906939630451649464e-02 9.235119461092111305e+04
4.291933919013282694e-02 8.631460404939492582e+04
4.714865984004791566e-02 8.456364001052573440e+04
5.179474257198286163e-02 9.545289205401127401e+04
5.689865559697841746e-02 1.032299096284774423e+05
6.250551403444545850e-02 1.154406285411446588e+05
6.866487869913283359e-02 8.877149821867805440e+04
7.543119418501802176e-02 6.785843240809111740e+04
8.286427011848424007e-02 4.956992265147190483e+04
9.102980983473445142e-02 4.107477500604913803e+04
9.999999115058272325e-02 3.889311923536585527e+04
1.098541043672585787e-01 3.911937738001923572e+04
1.206792531427361148e-01 3.414227088851790904e+04
1.325711244288214907e-01 2.860102629734575021e+04
1.456348342787200378e-01 2.515239495702676504e+04
1.599858570014452974e-01 2.239923461699254040e+04
1.757510458761641914e-01 2.012837833446211152e+04
1.930697544488981787e-01 1.838417751381501148e+04
2.120950683230800604e-01 1.643924256990008871e+04
2.329951583321586417e-01 1.481338214112179594e+04
2.559547670553742882e-01 1.355078998063103427e+04
2.811768418164965477e-01 1.234938956725349999e+04
3.088843286001189403e-01 1.141648728810372813e+04
3.393221427425128778e-01 1.047859857394313258e+04
3.727593338166072523e-01 9.720419463065072705e+03
4.094914638472018087e-01 9.102574766790150534e+03
4.498432198782237879e-01 8.440555787125022107e+03
4.941712839853393824e-01 7.905605876152121709e+03
5.428674861028858212e-01 7.333928177742576736e+03
5.963622675339625978e-01 6.852843815913544859e+03
6.551284857587630350e-01 6.404834488038459313e+03
7.196855941730535555e-01 5.969302339992718771e+03
7.906042337028588163e-01 5.569231827029924716e+03
8.685112768820903995e-01 5.172481316764458825e+03
9.540953689793428838e-01 4.789602332410599956e+03
1.048113015153642191e+00 0.000000000000000000e+00
