1.048113066601954503e-02 1.380838916958722111e+05
1.151395323963562076e-02 0.000000000000000000e+00
1.264855132798976302e-02 2.561910309180509648e+05
1.389495400641860279e-02 1.618525169604457915e+05
1.526417862678452857e-02 2.057907978583155782e+05
1.676832820337198493e-02 0.000000000000000000e+00
1.842069839530119726e-02 1.854437266966658644e+05
2.023589503111089191e-02 1.728880046262678807e+05
2.222996321434766651e-02 1.772936711320887553e+05
2.442052915136719640e-02 1.397979794794199406e+05
2.682695595500901239e-02 1.487159373589918250e+05
2.947051480134291537e-02 1.551622410733720753e+05
3.237457295239669353e-02 1.173908461213857081e+05
3.556480030685772731e-02 1.268123901391245745e+05
3.906939630451649464e-02 1.081822229473840853e+05
4.291933919013282694e-02 1.056171701080963685e+05
4.714865984004791566e-02 1.017221850224963855e+05
5.179474257198286163e-02 8.579122873431861808e+04
5.689865559697841746e-02 8.109049298381584231e+04
6.250551403444545850e-02 7.143041901126885205e+04
6.866487869913283359e-02 6.679114087940158788e+04
7.543119418501802176e-02 6.058296339036950667e+04
8.286427011848424007e-02 5.236411307251197286e+04
9.102980983473445142e-02 4.480632676382934005e+04
9.999999115058272325e-02 3.851373943236560444e+04
1.098541043672585787e-01 3.523790352240968787e+04
1.206792531427361148e-01 3.097566469603189762e+04
1.325711244288214907e-01 2.926498814444339587e+04
1.456348342787200378e-01 2.588194099556918809e+04
1.599858570014452974e-01 2.247653100550612362e+04
1.757510458761641914e-01 2.058970728564823366e+04
1.930697544488981787e-01 1.857919512420478350e+04
2.120950683230800604e-01 1.669270348013932380e+04
2.329951583321586417e-01 1.518721334735390701e+04
2.559547670553742882e-01 1.408370065170907401e+04
2.811768418164965477e-01 1.282735578202219403e+04
3.088843286001189403e-01 1.176351739854603147e+04
3.393221427425128778e-01 1.091584437314399474e+04
3.727593338166072523e-01 1.015414631866122909e+04
4.094914638472018087e-01 9.488217531055926884e+03
4.498432198782237879e-01 8.845261545067178304e+03
4.941712839853393824e-01 8.281730424482469971e+03
5.428674861028858212e-01 7.770983454077694660e+03
5.963622675339625978e-01 7.317062779475351817e+03
6.551284857587630350e-01 6.874037519376358432e+03
7.196855941730535555e-01 6.446714729427639213e+03
7.906042337028588163e-01 6.057221178540125038e+03
8.685112768820903995e-01 5.670807708133139386e+03
9.540953689793428838e-01 5.305057829135128486e+03
1.048113015153642191e+00 0.000000000000000000e+00
