1.048113066601954503e-02 6.383953939705184166e+04
1.151395323963562076e-02 0.000000000000000000e+00
1.264855132798976302e-02 5.610925991437527409e+04
1.389495400641860279e-02 6.888640872374243918e+04
1.526417862678452857e-02 5.402669680850575969e+04
1.676832820337198493e-02 0.000000000000000000e+00
1.842069839530119726e-02 8.332922566818140331e+04
2.023589503111089191e-02 9.475212078170997847e+04
2.222996321434766651e-02 6.759880029330292018e+04
2.442052915136719640e-02 7.690391378722280206e+04
2.682695595500901239e-02 9.182126625082851388e+04
2.947051480134291537e-02 7.829783478977724735e+04
3.237457295239669353e-02 7.775452447078067053e+04
3.556480030685772731e-02 7.474434063541018986e+04
3.906939630451649464e-02 6.374281121096474089e+04
4.291933919013282694e-02 6.229911481062696839e+04
4.714865984004791566e-02 5.490675588118074666e+04
5.179474257198286163e-02 4.817060319754423108e+04
5.689865559697841746e-02 4.564525760260626703e+04
6.250551403444545850e-02 4.330013594152305450e+04
6.866487869913283359e-02 4.058275208119177114e+04
7.543119418501802176e-02 3.983921670542444190e+04
8.286427011848424007e-02 3.798203735262303962e+04
9.102980983473445142e-02 3.266723780122249445e+04
9.999999115058272325e-02 2.849591159236781459e+04
1.098541043672585787e-01 2.469252759130519553e+04
1.206792531427361148e-01 2.250883283652099635e+04
1.325711244288214907e-01 2.079429343925375360e+04
1.456348342787200378e-01 1.859584419265403631e+04
1.599858570014452974e-01 1.711561880264564388e+04
1.757510458761641914e-01 1.511760832662511530e+04
1.930697544488981787e-01 1.369225322863842302e+04
2.120950683230800604e-01 1.243958054796205761e+04
2.329951583321586417e-01 1.133920010168737645e+04
2.559547670553742882e-01 1.025518062610421111e+04
2.811768418164965477e-01 9.509248018069942191e+03
3.088843286001189403e-01 8.682979010147048029e+03
3.393221427425128778e-01 8.104078147234002245e+03
3.727593338166072523e-01 7.496053130725829760e+03
4.094914638472018087e-01 6.966615235364533874e+03
4.498432198782237879e-01 6.534745216694342162e+03
4.941712839853393824e-01 6.135915213981756096e+03
5.428674861028858212e-01 5.785234910435956408e+03
5.963622675339625978e-01 5.454057005239935279e+03
6.551284857587630350e-01 5.151185044514239053e+03
7.196855941730535555e-01 4.857206617536505291e+03
7.906042337028588163e-01 4.594040513715749512e+03
8.685112768820903995e-01 4.316017931950221282e+03
9.540953689793428838e-01 4.062282614502728393e+03
1.048113015153642191e+00 0.000000000000000000e+00
