1.048113066601954503e-02 1.641354571374763036e+06
1.151395323963562076e-02 0.000000000000000000e+00
1.264855132798976302e-02 1.266260477140530478e+06
1.389495400641860279e-02 1.427587379918121733e+06
1.526417862678452857e-02 1.052763314211809076e+06
1.676832820337198493e-02 0.000000000000000000e+00
1.842069839530119726e-02 7.765645798643091694e+05
2.023589503111089191e-02 8.142942825949341059e+05
2.222996321434766651e-02 6.531914854464071104e+05
2.442052915136719640e-02 5.677669639733524527e+05
2.682695595500901239e-02 3.985906551676220261e+05
2.947051480134291537e-02 2.975794362766748527e+05
3.237457295239669353e-02 2.463582761803120957e+05
3.556480030685772731e-02 2.227699086990253418e+05
3.906939630451649464e-02 1.712443785223221639e+05
4.291933919013282694e-02 1.576967436808983621e+05
4.714865984004791566e-02 1.422764963052859530e+05
5.179474257198286163e-02 1.367026162627784652e+05
5.689865559697841746e-02 1.376072890531504236e+05
6.250551403444545850e-02 1.295477777601051494e+05
6.866487869913283359e-02 1.128002339171017957e+05
7.543119418501802176e-02 8.673568802607870020e+04
8.286427011848424007e-02 6.717568281603227661e+04
9.102980983473445142e-02 5.579358756714032643e+04
9.999999115058272325e-02 5.080811594070181309e+04
1.098541043672585787e-01 4.914583439034402545e+04
1.206792531427361148e-01 4.332850532770346035e+04
1.325711244288214907e-01 3.598549001481692540e+04
1.456348342787200378e-01 3.040245248858585546e+04
1.599858570014452974e-01 2.708373862936868682e+04
1.757510458761641914e-01 2.384733768810126639e+04
1.930697544488981787e-01 2.148831357404480877e+04
2.120950683230800604e-01 1.943381656823194862e+04
2.329951583321586417e-01 1.699912697376177675e+04
2.559547670553742882e-01 1.534271278305318992e+04
2.811768418164965477e-01 1.383757862850679157e+04
3.088843286001189403e-01 1.254544736360320894e+04
3.393221427425128778e-01 1.135757191517458887e+04
3.727593338166072523e-01 1.036677217414531515e+04
4.094914638472018087e-01 9.494262746784330375e+03
4.498432198782237879e-01 8.733290053143926343e+03
4.941712839853393824e-01 8.079903472981276536e+03
5.428674861028858212e-01 7.471345242813055847e+03
5.963622675339625978e-01 6.890636629029739197e+03
6.551284857587630350e-01 6.384438609098208872e+03
7.196855941730535555e-01 5.882318086091740042e+03
7.906042337028588163e-01 5.415272439161022703e+03
8.685112768820903995e-01 5.009574502806920464e+03
9.540953689793428838e-01 4.613170457604877811e+03
1.048113015153642191e+00 0.000000000000000000e+00
