1.048113066601954503e-02 9.786838189673921443e+04
1.151395323963562076e-02 0.000000000000000000e+00
1.264855132798976302e-02 2.749990285912740001e+04
1.389495400641860279e-02 1.336437939081535733e+05
1.526417862678452857e-02 1.192153736702837487e+05
1.676832820337198493e-02 0.000000000000000000e+00
1.842069839530119726e-02 1.019220293702528870e+05
2.023589503111089191e-02 1.757706910778598103e+05
2.222996321434766651e-02 1.685342476430131937e+05
2.442052915136719640e-02 1.257722278248585790e+05
2.682695595500901239e-02 1.172440519964160339e+05
2.947051480134291537e-02 1.139643705950931762e+05
3.237457295239669353e-02 9.591734863116277847e+04
3.556480030685772731e-02 7.926852819661138346e+04
3.906939630451649464e-02 9.709807424185838317e+04
4.291933919013282694e-02 8.702410675245168386e+04
4.714865984004791566e-02 7.215718079573410796e+04
5.179474257198286163e-02 7.869626749114274571e+04
5.689865559697841746e-02 5.922440442765217449e+04
6.250551403444545850e-02 6.642467449874711747e+04
6.866487869913283359e-02 6.287464182499302842e+04
7.543119418501802176e-02 5.824165708756838285e+04
8.286427011848424007e-02 5.054843251225221320e+04
9.102980983473445142e-02 4.197381049144027202e+04
9.999999115058272325e-02 4.005070530818236875e+04
1.098541043672585787e-01 3.538634901425406861e+04
1.206792531427361148e-01 3.325360346045530605e+04
1.325711244288214907e-01 3.046368958094953996e+04
1.456348342787200378e-01 2.790737878488335991e+04
1.599858570014452974e-01 2.434385403095791844e+04
1.757510458761641914e-01 2.253597720106054476e+04
1.930697544488981787e-01 2.058669534373607894e+04
2.120950683230800604e-01 1.922580149046590668e+04
2.329951583321586417e-01 1.759756166505166766e+04
2.559547670553742882e-01 1.614321926692616762e+04
2.811768418164965477e-01 1.496252867666371458e+04
3.088843286001189403e-01 1.393047339677689524e+04
3.393221427425128778e-01 1.307755707037593675e+04
3.727593338166072523e-01 1.221930764455746612e+04
4.094914638472018087e-01 1.151547700390410319e+04
4.498432198782237879e-01 1.089872065882580864e+04
4.941712839853393824e-01 1.031098389331146063e+04
5.428674861028858212e-01 9.813901989244968718e+03
5.963622675339625978e-01 9.347372366266889003e+03
6.551284857587630350e-01 8.901718215190667252e+03
7.196855941730535555e-01 8.488683006380590086e+03
7.906042337028588163e-01 8.086023790091158844e+03
8.685112768820903995e-01 7.709416980723042798e+03
9.540953689793428838e-01 7.353896404150234957e+03
1.048113015153642191e+00 0.000000000000000000e+00
