1.048113066601954503e-02 3.507260255229667528e+05
1.151395323963562076e-02 0.000000000000000000e+00
1.264855132798976302e-02 1.070258713075170672e+05
1.389495400641860279e-02 1.310080712010994030e+05
1.526417862678452857e-02 1.518726459906532546e+05
1.676832820337198493e-02 0.000000000000000000e+00
1.842069839530119726e-02 1.810386188537089911e+05
2.023589503111089191e-02 1.259188980583698576e+05
2.222996321434766651e-02 1.758641676113672729e+05
2.442052915136719640e-02 1.559612652253356646e+05
2.682695595500901239e-02 1.631158015299873077e+05
2.947051480134291537e-02 1.108197882581314771e+05
3.237457295239669353e-02 1.329437415943167871e+05
3.556480030685772731e-02 1.010959322911261843e+05
3.906939630451649464e-02 8.525015777883317787e+04
4.291933919013282694e-02 8.739566310942839482e+04
4.714865984004791566e-02 6.819354232330567902e+04
5.179474257198286163e-02 6.742532175375711813e+04
5.689865559697841746e-02 5.965138637392560486e+04
6.250551403444545850e-02 5.262315403298728052e+04
6.866487869913283359e-02 5.106859385180851677e+04
7.543119418501802176e-02 4.648277877680116217e+04
8.286427011848424007e-02 4.211113493615065818e+04
9.102980983473445142e-02 3.588030884917234653e+04
9.999999115058272325e-02 3.204806923894249849e+04
1.098541043672585787e-01 2.726845261592361931e+04
1.206792531427361148e-01 2.401481348369455372e+04
1.325711244288214907e-01 2.170535966793923944e+04
1.456348342787200378e-01 2.023501023769521271e+04
1.599858570014452974e-01 1.722902742723578558e+04
1.757510458761641914e-01 1.565760946041594252e+04
1.930697544488981787e-01 1.439108065356503721e+04
2.120950683230800604e-01 1.290569633310773497e+04
2.329951583321586417e-01 1.165039732891049425e+04
2.559547670553742882e-01 1.068334408777491262e+04
2.811768418164965477e-01 9.761382994610785317e+03
3.088843286001189403e-01 8.946351747763801541e+03
3.393221427425128778e-01 8.251179503208242750e+03
3.727593338166072523e-01 7.623950082535116962e+03
4.094914638472018087e-01 7.078847325167915187e+03
4.498432198782237879e-01 6.601781822191105675e+03
4.941712839853393824e-01 6.119363586878185743e+03
5.428674861028858212e-01 5.732932174638679498e+03
5.963622675339625978e-01 5.389241319439726794e+03
6.551284857587630350e-01 5.035621157522555222e+03
7.196855941730535555e-01 4.720024534888774724e+03
7.906042337028588163e-01 4.420864103365715891e+03
8.685112768820903995e-01 4.133366485031313459e+03
9.540953689793428838e-01 3.851857683759108113e+03
1.048113015153642191e+00 0.000000000000000000e+00
