1.048113066601954503e-02 5.572922477121140109e+05
1.151395323963562076e-02 0.000000000000000000e+00
1.264855132798976302e-02 3.384998878575022100e+05
1.389495400641860279e-02 3.256944949336759164e+05
1.526417862678452857e-02 6.567089622606007615e+05
1.676832820337198493e-02 0.000000000000000000e+00
1.842069839530119726e-02 2.688350749260762241e+05
2.023589503111089191e-02 3.081443851659056963e+05
2.222996321434766651e-02 1.540974932987415814e+05
2.442052915136719640e-02 1.702325057071283227e+05
2.682695595500901239e-02 1.736729575828196248e+05
2.947051480134291537e-02 1.634862936576541979e+05
3.237457295239669353e-02 9.119844616550765932e+04
3.556480030685772731e-02 9.540557913229457336e+04
3.906939630451649464e-02 6.577131492670389707e+04
4.291933919013282694e-02 7.581562232081375259e+04
4.714865984004791566e-02 5.875175005205446359e+04
5.179474257198286163e-02 6.060234376139011874e+04
5.689865559697841746e-02 5.473316829558466998e+04
6.250551403444545850e-02 4.981176407651479531e+04
6.866487869913283359e-02 3.956713213048440957e+04
7.543119418501802176e-02 3.250708435438466040e+04
8.286427011848424007e-02 2.575543301264422189e+04
9.102980983473445142e-02 2.279088403301251674e+04
9.999999115058272325e-02 2.023924044119973041e+04
1.098541043672585787e-01 1.799037638983549914e+04
1.206792531427361148e-01 1.580024254728783126e+04
1.325711244288214907e-01 1.314043584913950144e+04
1.456348342787200378e-01 1.149573052791403461e+04
1.599858570014452974e-01 1.016134451399158024e+04
1.757510458761641914e-01 8.883418543535379285e+03
1.930697544488981787e-01 7.783366455069106451e+03
2.120950683230800604e-01 6.792761474602391900e+03
2.329951583321586417e-01 6.004016722794842281e+03
2.559547670553742882e-01 5.310091047130564220e+03
2.811768418164965477e-01 4.805603109999491608e+03
3.088843286001189403e-01 4.272329745736403311e+03
3.393221427425128778e-01 3.838346501000258286e+03
3.727593338166072523e-01 3.451814467266346583e+03
4.094914638472018087e-01 3.141564318763771098e+03
4.498432198782237879e-01 2.865234887740880822e+03
4.941712839853393824e-01 2.619488792462715537e+03
5.428674861028858212e-01 2.393144258427357272e+03
5.963622675339625978e-01 2.199351083101010772e+03
6.551284857587630350e-01 2.017205241085616308e+03
7.196855941730535555e-01 1.866861032652859194e+03
7.906042337028588163e-01 1.715485934100122449e+03
8.685112768820903995e-01 1.580434272329456917e+03
9.540953689793428838e-01 1.458931348201129822e+03
1.048113015153642191e+00 0.000000000000000000e+00
