1.048113066601954503e-02 2.054097087482018396e+05
1.151395323963562076e-02 0.000000000000000000e+00
1.264855132798976302e-02 3.799030800915214932e+05
1.389495400641860279e-02 2.402830950237258803e+05
1.526417862678452857e-02 3.058253714027816313e+05
1.676832820337198493e-02 0.000000000000000000e+00
1.842069839530119726e-02 2.757842073465358699e+05
2.023589503111089191e-02 2.565617141602068441e+05
2.222996321434766651e-02 2.631307904149231035e+05
2.442052915136719640e-02 2.077984315220729331e+05
2.682695595500901239e-02 2.207685829580171267e+05
2.947051480134291537e-02 2.308789026690047467e+05
3.237457295239669353e-02 1.745770635067994008e+05
3.556480030685772731e-02 1.887007626441574539e+05
3.906939630451649464e-02 1.610027526981612900e+05
4.291933919013282694e-02 1.572559044153142022e+05
4.714865984004791566e-02 1.516226225559965533e+05
5.179474257198286163e-02 1.279726158975238795e+05
5.689865559697841746e-02 1.209951746264362009e+05
6.250551403444545850e-02 1.068463318177150795e+05
6.866487869913283359e-02 9.996455265019575018e+04
7.543119418501802176e-02 9.085659445418075484e+04
8.286427011848424007e-02 7.866758835067486507e+04
9.102980983473445142e-02 6.743107104602949403e+04
9.999999115058272325e-02 5.812300870515585848e+04
1.098541043672585787e-01 5.331155478173776646e+04
1.206792531427361148e-01 4.696729931576343370e+04
1.325711244288214907e-01 4.448266947924387932e+04
1.456348342787200378e-01 3.946792418210789037e+04
1.599858570014452974e-01 3.437707586677634390e+04
1.757510458761641914e-01 3.157959770120870598e+04
1.930697544488981787e-01 2.859957875269194483e+04
2.120950683230800604e-01 2.577462048082362890e+04
2.329951583321586417e-01 2.353026753962111979e+04
2.559547670553742882e-01 2.189814733997950316e+04
2.811768418164965477e-01 2.000818925654114719e+04
3.088843286001189403e-01 1.841183123801230249e+04
3.393221427425128778e-01 1.714150519894291938e+04
3.727593338166072523e-01 1.600186490420609698e+04
4.094914638472018087e-01 1.500405876124537463e+04
4.498432198782237879e-01 1.403281309144070110e+04
4.941712839853393824e-01 1.318415348455057938e+04
5.428674861028858212e-01 1.241187942060579007e+04
5.963622675339625978e-01 1.172521023141303522e+04
6.551284857587630350e-01 1.105234506046039314e+04
7.196855941730535555e-01 1.039922483118376840e+04
7.906042337028588163e-01 9.804224765057293553e+03
8.685112768820903995e-01 9.210594957864175740e+03
9.540953689793428838e-01 8.646742197975923773e+03
1.048113015153642191e+00 0.000000000000000000e+00
