1.048113066601954503e-02 1.312422385931142162e+04
1.151395323963562076e-02 0.000000000000000000e+00
1.264855132798976302e-02 1.746156813378349761e+04
1.389495400641860279e-02 1.470108950300412471e+04
1.526417862678452857e-02 1.394744943352173141e+04
1.676832820337198493e-02 0.000000000000000000e+00
1.842069839530119726e-02 1.710995320896432168e+04
2.023589503111089191e-02 1.504525658632534760e+04
2.222996321434766651e-02 1.367572303850423123e+04
2.442052915136719640e-02 1.989791239479202341e+04
2.682695595500901239e-02 1.824249524066021695e+04
2.947051480134291537e-02 1.892970390700738790e+04
3.237457295239669353e-02 1.916505868683569133e+04
3.556480030685772731e-02 1.778337925541545701e+04
3.906939630451649464e-02 1.759843634935909358e+04
4.291933919013282694e-02 2.013919880618729076e+04
4.714865984004791566e-02 1.802428446533992246e+04
5.179474257198286163e-02 1.677894736578752054e+04
5.689865559697841746e-02 1.529133024381052383e+04
6.250551403444545850e-02 1.514216727284104854e+04
6.866487869913283359e-02 1.500947281967132221e+04
7.543119418501802176e-02 1.405695250524024596e+04
8.286427011848424007e-02 1.325548887363440735e+04
9.102980983473445142e-02 1.199622912407649346e+04
9.999999115058272325e-02 1.119870489442268445e+04
1.098541043672585787e-01 9.949921486158211337e+03
1.206792531427361148e-01 9.317750618931031568e+03
1.325711244288214907e-01 8.688801615773314552e+03
1.456348342787200378e-01 7.894317728781972619e+03
1.599858570014452974e-01 7.033652795178948509e+03
1.757510458761641914e-01 6.330071587984918551e+03
1.930697544488981787e-01 5.856295665237625144e+03
2.120950683230800604e-01 5.286599500757411988e+03
2.329951583321586417e-01 4.796157164382852898e+03
2.559547670553742882e-01 4.317525970757797040e+03
2.811768418164965477e-01 3.980010278158320943e+03
3.088843286001189403e-01 3.587238166456349973e+03
3.393221427425128778e-01 3.298234852973295801e+03
3.727593338166072523e-01 3.016344235020929773e+03
4.094914638472018087e-01 2.774758064199150340e+03
4.498432198782237879e-01 2.569981977924083822e+03
4.941712839853393824e-01 2.391084288020589156e+03
5.428674861028858212e-01 2.238282520243616545e+03
5.963622675339625978e-01 2.095212575299804030e+03
6.551284857587630350e-01 1.968837054125259783e+03
7.196855941730535555e-01 1.850241516185487399e+03
7.906042337028588163e-01 1.750287548767456656e+03
8.685112768820903995e-01 1.655112608288132378e+03
9.540953689793428838e-01 1.571005019812412229e+03
1.048113015153642191e+00 0.000000000000000000e+00
