1.048113066601954503e-02 5.235049727665640239e+04
1.151395323963562076e-02 0.000000000000000000e+00
1.264855132798976302e-02 4.005727677768564172e+04
1.389495400641860279e-02 1.004888946352475905e+05
1.526417862678452857e-02 5.115176379727268068e+04
1.676832820337198493e-02 0.000000000000000000e+00
1.842069839530119726e-02 4.261810906883062125e+04
2.023589503111089191e-02 7.183394388088361302e+04
2.222996321434766651e-02 5.424018498326168628e+04
2.442052915136719640e-02 5.362537064736460161e+04
2.682695595500901239e-02 5.359162117488728836e+04
2.947051480134291537e-02 6.797079232538156793e+04
3.237457295239669353e-02 5.192903579985863325e+04
3.556480030685772731e-02 5.102923671993763128e+04
3.906939630451649464e-02 4.224659015796883614e+04
4.291933919013282694e-02 5.378036064168598386e+04
4.714865984004791566e-02 4.318646946766224573e+04
5.179474257198286163e-02 3.646706453084312670e+04
5.689865559697841746e-02 3.520561836612110346e+04
6.250551403444545850e-02 3.407495465138337750e+04
6.866487869913283359e-02 3.313369338174975564e+04
7.543119418501802176e-02 3.082647015977647607e+04
8.286427011848424007e-02 2.888509777913315702e+04
9.102980983473445142e-02 2.467300682221664465e+04
9.999999115058272325e-02 2.203360621588626600e+04
1.098541043672585787e-01 1.900843318930285022e+04
1.206792531427361148e-01 1.785018919651087344e+04
1.325711244288214907e-01 1.627706096465910559e+04
1.456348342787200378e-01 1.481643832681500498e+04
1.599858570014452974e-01 1.348849782695105750e+04
1.757510458761641914e-01 1.191612644659716534e+04
1.930697544488981787e-01 1.063723919426374596e+04
2.120950683230800604e-01 9.779285238484111687e+03
2.329951583321586417e-01 8.842604844025907369e+03
2.559547670553742882e-01 8.154620661517325061e+03
2.811768418164965477e-01 7.434544929134252016e+03
3.088843286001189403e-01 6.835440771435292845e+03
3.393221427425128778e-01 6.285392567136022990e+03
3.727593338166072523e-01 5.792345632739328721e+03
4.094914638472018087e-01 5.418310377732033885e+03
4.498432198782237879e-01 5.046441802881640797e+03
4.941712839853393824e-01 4.714601768171232834e+03
5.428674861028858212e-01 4.421129368619490378e+03
5.963622675339625978e-01 4.168516064102242126e+03
6.551284857587630350e-01 3.936140106044783352e+03
7.196855941730535555e-01 3.713046536395930161e+03
7.906042337028588163e-01 3.507360914410295209e+03
8.685112768820903995e-01 3.315963861130439000e+03
9.540953689793428838e-01 3.126324339191033687e+03
1.048113015153642191e+00 0.000000000000000000e+00
