1.048113066601954503e-02 1.083563360931931529e+06
1.151395323963562076e-02 0.000000000000000000e+00
1.264855132798976302e-02 4.942267894475802314e+05
1.389495400641860279e-02 6.647494210088818800e+05
1.526417862678452857e-02 6.728183303604852408e+05
1.676832820337198493e-02 0.000000000000000000e+00
1.842069839530119726e-02 5.028826783493618714e+05
2.023589503111089191e-02 3.231508986700693495e+05
2.222996321434766651e-02 2.356283133807461418e+05
2.442052915136719640e-02 2.908914534709175350e+05
2.682695595500901239e-02 3.001131152066040668e+05
2.947051480134291537e-02 1.800063620396932238e+05
3.237457295239669353e-02 1.538748456729524478e+05
3.556480030685772731e-02 1.409220963566885330e+05
3.906939630451649464e-02 1.086779054736498219e+05
4.291933919013282694e-02 1.119027245753183379e+05
4.714865984004791566e-02 1.002190160513984447e+05
5.179474257198286163e-02 9.591423185711560654e+04
5.689865559697841746e-02 9.131979049466564902e+04
6.250551403444545850e-02 8.232560322330851341e+04
6.866487869913283359e-02 7.007409015947714215e+04
7.543119418501802176e-02 5.455147128829891153e+04
8.286427011848424007e-02 4.482248460624789004e+04
9.102980983473445142e-02 3.597760006381750281e+04
9.999999115058272325e-02 3.332765302525943844e+04
1.098541043672585787e-01 2.932431168411375984e+04
1.206792531427361148e-01 2.607709643921336828e+04
1.325711244288214907e-01 2.182837288086584522e+04
1.456348342787200378e-01 1.836985415566952724e+04
1.599858570014452974e-01 1.620781986934544693e+04
1.757510458761641914e-01 1.424091781768161309e+04
1.930697544488981787e-01 1.224529072802465816e+04
2.120950683230800604e-01 1.088245612717217591e+04
2.329951583321586417e-01 9.462888175236774259e+03
2.559547670553742882e-01 8.396141393002206314e+03
2.811768418164965477e-01 7.436104171759159726e+03
3.088843286001189403e-01 6.564317203788325969e+03
3.393221427425128778e-01 5.847711792797808812e+03
3.727593338166072523e-01 5.257019410433900703e+03
4.094914638472018087e-01 4.741179744123760429e+03
4.498432198782237879e-01 4.281169459073776125e+03
4.941712839853393824e-01 3.894127011254232912e+03
5.428674861028858212e-01 3.544726063952582081e+03
5.963622675339625978e-01 3.231056643066856395e+03
6.551284857587630350e-01 2.959608435355691654e+03
7.196855941730535555e-01 2.719805927047561454e+03
7.906042337028588163e-01 2.514506353334738833e+03
8.685112768820903995e-01 2.321570141397172847e+03
9.540953689793428838e-01 2.139944560129948059e+03
1.048113015153642191e+00 0.000000000000000000e+00
