1.048113066601954503e-02 7.005923542074765464e+03
1.151395323963562076e-02 0.000000000000000000e+00
1.264855132798976302e-02 1.853829370076035048e+04
1.389495400641860279e-02 1.835907121426852973e+04
1.526417862678452857e-02 1.958602215959242312e+04
1.676832820337198493e-02 0.000000000000000000e+00
1.842069839530119726e-02 2.253354840563123071e+04
2.023589503111089191e-02 2.287793356778022280e+04
2.222996321434766651e-02 1.272777800362387097e+04
2.442052915136719640e-02 2.724456261648710279e+04
2.682695595500901239e-02 1.976103341644419561e+04
2.947051480134291537e-02 1.595271581323459395e+04
3.237457295239669353e-02 2.158886537793040043e+04
3.556480030685772731e-02 2.415566970275613494e+04
3.906939630451649464e-02 2.021047143741354375e+04
4.291933919013282694e-02 1.887347316296142526e+04
4.714865984004791566e-02 1.760601687512679200e+04
5.179474257198286163e-02 1.803041071822134472e+04
5.689865559697841746e-02 1.627700760425562112e+04
6.250551403444545850e-02 1.567662858768256410e+04
6.866487869913283359e-02 1.520546316993084110e+04
7.543119418501802176e-02 1.435581624791928698e+04
8.286427011848424007e-02 1.307187632947339080e+04
9.102980983473445142e-02 1.114302176063332081e+04
9.999999115058272325e-02 1.052929245557436479e+04
1.098541043672585787e-01 9.736940876023967576e+03
1.206792531427361148e-01 8.995757359915029156e+03
1.325711244288214907e-01 8.272415131380732419e+03
1.456348342787200378e-01 7.344190275388232294e+03
1.599858570014452974e-01 6.610934442132986078e+03
1.757510458761641914e-01 5.900044254227075726e+03
1.930697544488981787e-01 5.363793551482340263e+03
2.120950683230800604e-01 4.770287826177317584e+03
2.329951583321586417e-01 4.254460972953052078e+03
2.559547670553742882e-01 3.897778487952960404e+03
2.811768418164965477e-01 3.513107257900273453e+03
3.088843286001189403e-01 3.181444678585102338e+03
3.393221427425128778e-01 2.897296427396204308e+03
3.727593338166072523e-01 2.645055393940934664e+03
4.094914638472018087e-01 2.435314198562733964e+03
4.498432198782237879e-01 2.241973174558354458e+03
4.941712839853393824e-01 2.070432480308205868e+03
5.428674861028858212e-01 1.918536186929115502e+03
5.963622675339625978e-01 1.782370157484316223e+03
6.551284857587630350e-01 1.667775615936746135e+03
7.196855941730535555e-01 1.562669099504760879e+03
7.906042337028588163e-01 1.469601648640604708e+03
8.685112768820903995e-01 1.387352078269126196e+03
9.540953689793428838e-01 1.312244171833368455e+03
1.048113015153642191e+00 0.000000000000000000e+00
