1.048113066601954503e-02 1.354129604196700529e+04
1.151395323963562076e-02 0.000000000000000000e+00
1.264855132798976302e-02 3.106236269379295845e+04
1.389495400641860279e-02 4.551242298296312219e+04
1.526417862678452857e-02 4.363043446482771833e+04
1.676832820337198493e-02 0.000000000000000000e+00
1.842069839530119726e-02 6.024804767024901230e+04
2.023589503111089191e-02 3.977265248369699111e+04
2.222996321434766651e-02 4.806029695635901589e+04
2.442052915136719640e-02 5.138257930129276065e+04
2.682695595500901239e-02 3.924157789734911057e+04
2.947051480134291537e-02 4.550106678491563798e+04
3.237457295239669353e-02 4.838423670721636154e+04
3.556480030685772731e-02 4.539835250703017664e+04
3.906939630451649464e-02 3.960074851243568264e+04
4.291933919013282694e-02 3.749865862192423083e+04
4.714865984004791566e-02 3.702596196706489718e+04
5.179474257198286163e-02 3.716124187126723700e+04
5.689865559697841746e-02 3.014898852700029238e+04
6.250551403444545850e-02 3.132601468859765737e+04
6.866487869913283359e-02 3.076245370257379545e+04
7.543119418501802176e-02 2.987069134372720146e+04
8.286427011848424007e-02 2.831900348895505886e+04
9.102980983473445142e-02 2.522912074232775922e+04
9.999999115058272325e-02 2.255025250583341403e+04
1.098541043672585787e-01 2.122099277650960357e+04
1.206792531427361148e-01 1.886453476816123293e+04
1.325711244288214907e-01 1.762368351332731254e+04
1.456348342787200378e-01 1.640287337948776985e+04
1.599858570014452974e-01 1.466703984768072769e+04
1.757510458761641914e-01 1.328686890033542659e+04
1.930697544488981787e-01 1.198870614466450206e+04
2.120950683230800604e-01 1.114679786171567685e+04
2.329951583321586417e-01 1.020339372979079235e+04
2.559547670553742882e-01 9.222055719621248500e+03
2.811768418164965477e-01 8.534954185152273567e+03
3.088843286001189403e-01 7.820918851804315636e+03
3.393221427425128778e-01 7.248171314883087689e+03
3.727593338166072523e-01 6.688686787530867150e+03
4.094914638472018087e-01 6.268188113515480836e+03
4.498432198782237879e-01 5.873860769744043864e+03
4.941712839853393824e-01 5.519749173135971432e+03
5.428674861028858212e-01 5.191382736224732071e+03
5.963622675339625978e-01 4.909637074273186954e+03
6.551284857587630350e-01 4.652220836240157951e+03
7.196855941730535555e-01 4.425576997975400445e+03
7.906042337028588163e-01 4.212846689801467619e+03
8.685112768820903995e-01 4.012105529317352648e+03
9.540953689793428838e-01 3.834509202340269439e+03
1.048113015153642191e+00 0.000000000000000000e+00
