1.048113066601954503e-02 1.373851181799904152e+05
1.151395323963562076e-02 0.000000000000000000e+00
1.264855132798976302e-02 4.804989251628072816e+04
1.389495400641860279e-02 3.497466467773036857e+04
1.526417862678452857e-02 6.912600673107037437e+04
1.676832820337198493e-02 0.000000000000000000e+00
1.842069839530119726e-02 5.308275697676539130e+04
2.023589503111089191e-02 5.967563539131281141e+04
2.222996321434766651e-02 9.015585436098329956e+04
2.442052915136719640e-02 7.210774818926704756e+04
2.682695595500901239e-02 6.066998304535763600e+04
2.947051480134291537e-02 6.191283558523072861e+04
3.237457295239669353e-02 4.506734751196179423e+04
3.556480030685772731e-02 3.395723025002100621e+04
3.906939630451649464e-02 3.992136231021933054e+04
4.291933919013282694e-02 3.338712744601521263e+04
4.714865984004791566e-02 3.338956843869443401e+04
5.179474257198286163e-02 3.001656108658609446e+04
5.689865559697841746e-02 2.702574193597746125e+04
6.250551403444545850e-02 2.421178434961008315e+04
6.866487869913283359e-02 2.235854720015347266e+04
7.543119418501802176e-02 2.146135253051637847e+04
8.286427011848424007e-02 1.979680138994371373e+04
9.102980983473445142e-02 1.742337608730086504e+04
9.999999115058272325e-02 1.482246442944150658e+04
1.098541043672585787e-01 1.160514010284707547e+04
1.206792531427361148e-01 1.105731667393837233e+04
1.325711244288214907e-01 9.999208566308818263e+03
1.456348342787200378e-01 9.205748922561619111e+03
1.599858570014452974e-01 8.016577090089828744e+03
1.757510458761641914e-01 7.052994353135905840e+03
1.930697544488981787e-01 6.226418375444840422e+03
2.120950683230800604e-01 5.613461136402785996e+03
2.329951583321586417e-01 4.985517700312657325e+03
2.559547670553742882e-01 4.532693506995882672e+03
2.811768418164965477e-01 4.107117661090577712e+03
3.088843286001189403e-01 3.711798047902670078e+03
3.393221427425128778e-01 3.389194939223686561e+03
3.727593338166072523e-01 3.074141759863622156e+03
4.094914638472018087e-01 2.841378143185849694e+03
4.498432198782237879e-01 2.610083823643396045e+03
4.941712839853393824e-01 2.415085035797457294e+03
5.428674861028858212e-01 2.232928164773724347e+03
5.963622675339625978e-01 2.080740747695466325e+03
6.551284857587630350e-01 1.941102024717337372e+03
7.196855941730535555e-01 1.809719623514147315e+03
7.906042337028588163e-01 1.687093393651697397e+03
8.685112768820903995e-01 1.574181663160959943e+03
9.540953689793428838e-01 1.467819245896463372e+03
1.048113015153642191e+00 0.000000000000000000e+00
