1.048113066601954503e-02 7.016962671113730175e+04
1.151395323963562076e-02 0.000000000000000000e+00
1.264855132798976302e-02 1.176264955297585839e+05
1.389495400641860279e-02 4.912765398247752455e+04
1.526417862678452857e-02 4.117743343163419195e+04
1.676832820337198493e-02 0.000000000000000000e+00
1.842069839530119726e-02 6.108769733768166770e+04
2.023589503111089191e-02 4.804316917790999287e+04
2.222996321434766651e-02 3.607452916436364467e+04
2.442052915136719640e-02 5.296764392028383008e+04
2.682695595500901239e-02 3.546005536297097569e+04
2.947051480134291537e-02 4.156946920946364116e+04
3.237457295239669353e-02 3.949663663670390088e+04
3.556480030685772731e-02 3.692853530520845379e+04
3.906939630451649464e-02 3.148570795665058540e+04
4.291933919013282694e-02 3.502434251386614051e+04
4.714865984004791566e-02 3.169155872861122043e+04
5.179474257198286163e-02 3.059179588114751459e+04
5.689865559697841746e-02 2.663924460166238714e+04
6.250551403444545850e-02 2.286204673868148529e+04
6.866487869913283359e-02 2.411289030859278137e+04
7.543119418501802176e-02 2.276251925525245315e+04
8.286427011848424007e-02 1.902262801436222071e+04
9.102980983473445142e-02 1.743846221208183488e+04
9.999999115058272325e-02 1.554176165272955222e+04
1.098541043672585787e-01 1.366352906516369330e+04
1.206792531427361148e-01 1.207872192978938619e+04
1.325711244288214907e-01 1.094941540903081841e+04
1.456348342787200378e-01 9.836470641166146379e+03
1.599858570014452974e-01 8.530781684301491623e+03
1.757510458761641914e-01 7.769918539215341298e+03
1.930697544488981787e-01 6.917552324966171000e+03
2.120950683230800604e-01 6.289317179601047428e+03
2.329951583321586417e-01 5.553783929905630430e+03
2.559547670553742882e-01 5.019666183980680216e+03
2.811768418164965477e-01 4.566356775781996475e+03
3.088843286001189403e-01 4.133292088303562196e+03
3.393221427425128778e-01 3.758779814875023476e+03
3.727593338166072523e-01 3.410166092373801348e+03
4.094914638472018087e-01 3.155613374777339232e+03
4.498432198782237879e-01 2.886289223480158853e+03
4.941712839853393824e-01 2.671266150879391716e+03
5.428674861028858212e-01 2.483073463029669256e+03
5.963622675339625978e-01 2.309340703244629822e+03
6.551284857587630350e-01 2.151614937194382492e+03
7.196855941730535555e-01 2.010456814277372814e+03
7.906042337028588163e-01 1.880800820594837205e+03
8.685112768820903995e-01 1.760741078831946652e+03
9.540953689793428838e-01 1.648385431175684516e+03
1.048113015153642191e+00 0.000000000000000000e+00
