1.048113066601954503e-02 2.854434455469118984e+04
1.151395323963562076e-02 0.000000000000000000e+00
1.264855132798976302e-02 6.982330844255720149e+04
1.389495400641860279e-02 5.626045878000804805e+04
1.526417862678452857e-02 5.152264017778464768e+04
1.676832820337198493e-02 0.000000000000000000e+00
1.842069839530119726e-02 5.331952214943149011e+04
2.023589503111089191e-02 7.251679792605637340e+04
2.222996321434766651e-02 4.543117474138208490e+04
2.442052915136719640e-02 7.344255437874612107e+04
2.682695595500901239e-02 7.809089735619378916e+04
2.947051480134291537e-02 8.278860939461785892e+04
3.237457295239669353e-02 6.410402678030046809e+04
3.556480030685772731e-02 5.818534549805826100e+04
3.906939630451649464e-02 5.929311172062902187e+04
4.291933919013282694e-02 5.816485976904233394e+04
4.714865984004791566e-02 5.298398627428826876e+04
5.179474257198286163e-02 5.287211403213847370e+04
5.689865559697841746e-02 4.763079715202940861e+04
6.250551403444545850e-02 4.838914334178483114e+04
6.866487869913283359e-02 4.359145833593559655e+04
7.543119418501802176e-02 4.153919233080324921e+04
8.286427011848424007e-02 3.678684833923335100e+04
9.102980983473445142e-02 3.339710060619131400e+04
9.999999115058272325e-02 2.913529826574593608e+04
1.098541043672585787e-01 2.741247735139306315e+04
1.206792531427361148e-01 2.487150839015142265e+04
1.325711244288214907e-01 2.282751679988699470e+04
1.456348342787200378e-01 2.076622034535316561e+04
1.599858570014452974e-01 1.848426490903738886e+04
1.757510458761641914e-01 1.676495122857259776e+04
1.930697544488981787e-01 1.538797687317649070e+04
2.120950683230800604e-01 1.402056606969722998e+04
2.329951583321586417e-01 1.283019342730623976e+04
2.559547670553742882e-01 1.173771405555955062e+04
2.811768418164965477e-01 1.079711483849040269e+04
3.088843286001189403e-01 9.967498441798514250e+03
3.393221427425128778e-01 9.194934557720163866e+03
3.727593338166072523e-01 8.504743602931717760e+03
4.094914638472018087e-01 7.963872394903934037e+03
4.498432198782237879e-01 7.469996925778137665e+03
4.941712839853393824e-01 7.001759625657847209e+03
5.428674861028858212e-01 6.605506087237306929e+03
5.963622675339625978e-01 6.255390848044678933e+03
6.551284857587630350e-01 5.943506846203868918e+03
7.196855941730535555e-01 5.628961813995743796e+03
7.906042337028588163e-01 5.373934853519396711e+03
8.685112768820903995e-01 5.094957274389636041e+03
9.540953689793428838e-01 4.848481101897930785e+03
1.048113015153642191e+00 0.000000000000000000e+00
