1.048113066601954503e-02 2.246167675446472640e+04
1.151395323963562076e-02 0.000000000000000000e+00
1.264855132798976302e-02 2.991569406809602879e+04
1.389495400641860279e-02 2.520734357982654910e+04
1.526417862678452857e-02 2.389327570577752340e+04
1.676832820337198493e-02 0.000000000000000000e+00
1.842069839530119726e-02 2.931366848525214300e+04
2.023589503111089191e-02 2.579383704684478653e+04
2.222996321434766651e-02 2.345373582299304326e+04
2.442052915136719640e-02 3.411782229574293888e+04
2.682695595500901239e-02 3.127523981121729230e+04
2.947051480134291537e-02 3.245257709551176231e+04
3.237457295239669353e-02 3.287889473393980006e+04
3.556480030685772731e-02 3.054314429721857596e+04
3.906939630451649464e-02 3.021528341102655031e+04
4.291933919013282694e-02 3.455397550064488314e+04
4.714865984004791566e-02 3.096280767495396503e+04
5.179474257198286163e-02 2.884148184986490014e+04
5.689865559697841746e-02 2.630202591435295471e+04
6.250551403444545850e-02 2.606832716974304640e+04
6.866487869913283359e-02 2.584606301152749074e+04
7.543119418501802176e-02 2.422552165125856845e+04
8.286427011848424007e-02 2.287394476135008154e+04
9.102980983473445142e-02 2.074211804909967032e+04
9.999999115058272325e-02 1.939252932544925352e+04
1.098541043672585787e-01 1.725858273123620165e+04
1.206792531427361148e-01 1.619153339232195140e+04
1.325711244288214907e-01 1.514058334076920983e+04
1.456348342787200378e-01 1.379336740510703748e+04
1.599858570014452974e-01 1.232754694079393812e+04
1.757510458761641914e-01 1.112803055867825606e+04
1.930697544488981787e-01 1.033622527508685016e+04
2.120950683230800604e-01 9.364677611097946283e+03
2.329951583321586417e-01 8.532175876879318821e+03
2.559547670553742882e-01 7.717456522656860216e+03
2.811768418164965477e-01 7.150601251970962039e+03
3.088843286001189403e-01 6.475276272872251866e+03
3.393221427425128778e-01 5.985573902999194615e+03
3.727593338166072523e-01 5.504850730946309341e+03
4.094914638472018087e-01 5.092469467844684914e+03
4.498432198782237879e-01 4.744218000378748911e+03
4.941712839853393824e-01 4.439707092863480284e+03
5.428674861028858212e-01 4.180488622494576703e+03
5.963622675339625978e-01 3.936864508436313372e+03
6.551284857587630350e-01 3.721610490824391945e+03
7.196855941730535555e-01 3.518548882193448662e+03
7.906042337028588163e-01 3.348516006504290544e+03
8.685112768820903995e-01 3.185954994168611847e+03
9.540953689793428838e-01 3.042610612614719685e+03
1.048113015153642191e+00 0.000000000000000000e+00
