1.048113066601954503e-02 2.194868843932091258e+05
1.151395323963562076e-02 0.000000000000000000e+00
1.264855132798976302e-02 2.841488433228632784e+05
1.389495400641860279e-02 5.674782014573424822e+05
1.526417862678452857e-02 2.188625931747865397e+05
1.676832820337198493e-02 0.000000000000000000e+00
1.842069839530119726e-02 2.266536826507979713e+05
2.023589503111089191e-02 2.619370813582902774e+05
2.222996321434766651e-02 1.588555193573020515e+05
2.442052915136719640e-02 2.086643035355282191e+05
2.682695595500901239e-02 9.232226076347872731e+04
2.947051480134291537e-02 8.129903858984228282e+04
3.237457295239669353e-02 6.790294605598317867e+04
3.556480030685772731e-02 5.167910159644891974e+04
3.906939630451649464e-02 4.934440632762125460e+04
4.291933919013282694e-02 4.656012089316597121e+04
4.714865984004791566e-02 4.720650018838282267e+04
5.179474257198286163e-02 5.201391763344538049e+04
5.689865559697841746e-02 4.540067629241239774e+04
6.250551403444545850e-02 3.377848219083565345e+04
6.866487869913283359e-02 2.571219071952464583e+04
7.543119418501802176e-02 1.726692324630477742e+04
8.286427011848424007e-02 1.434254562431945487e+04
9.102980983473445142e-02 1.457867281148363509e+04
9.999999115058272325e-02 1.460543909904583779e+04
1.098541043672585787e-01 1.215710543029843029e+04
1.206792531427361148e-01 8.905409486318654672e+03
1.325711244288214907e-01 7.606271648842453942e+03
1.456348342787200378e-01 7.006379818347578293e+03
1.599858570014452974e-01 5.898991002004292568e+03
1.757510458761641914e-01 4.959869802503282699e+03
1.930697544488981787e-01 4.405859159021308187e+03
2.120950683230800604e-01 3.821766387955509344e+03
2.329951583321586417e-01 3.245493451895951694e+03
2.559547670553742882e-01 2.875471189611681893e+03
2.811768418164965477e-01 2.497443173319175912e+03
3.088843286001189403e-01 2.193726426195871682e+03
3.393221427425128778e-01 1.942168787287311943e+03
3.727593338166072523e-01 1.705510195171297028e+03
4.094914638472018087e-01 1.504617478624237492e+03
4.498432198782237879e-01 1.348308477951804662e+03
4.941712839853393824e-01 1.214843706737544153e+03
5.428674861028858212e-01 1.091039079624749775e+03
5.963622675339625978e-01 9.860066491000218321e+02
6.551284857587630350e-01 8.944591095786163351e+02
7.196855941730535555e-01 8.151732765678229953e+02
7.906042337028588163e-01 7.404448785824404240e+02
8.685112768820903995e-01 6.767654807262733812e+02
9.540953689793428838e-01 6.158422219490629459e+02
1.048113015153642191e+00 0.000000000000000000e+00
