1.048113066601954503e-02 1.957832669962612563e+05
1.151395323963562076e-02 0.000000000000000000e+00
1.264855132798976302e-02 5.282475004123814870e+05
1.389495400641860279e-02 5.355007992397258058e+05
1.526417862678452857e-02 2.870486064340043813e+05
1.676832820337198493e-02 0.000000000000000000e+00
1.842069839530119726e-02 3.584619539365398232e+05
2.023589503111089191e-02 2.382962434035607439e+05
2.222996321434766651e-02 2.870983620282548363e+05
2.442052915136719640e-02 2.316859556141911889e+05
2.682695595500901239e-02 2.120691394052856485e+05
2.947051480134291537e-02 2.589891059809254657e+05
3.237457295239669353e-02 1.432670088136520644e+05
3.556480030685772731e-02 1.255565848765972041e+05
3.906939630451649464e-02 1.204203114950472664e+05
4.291933919013282694e-02 1.142805337247541465e+05
4.714865984004791566e-02 1.158162794520019379e+05
5.179474257198286163e-02 9.042451071826209954e+04
5.689865559697841746e-02 9.723945959241979290e+04
6.250551403444545850e-02 9.697017904805811122e+04
6.866487869913283359e-02 8.648954284515083418e+04
7.543119418501802176e-02 6.962492711249613785e+04
8.286427011848424007e-02 5.246189546568774676e+04
9.102980983473445142e-02 4.590619234851303918e+04
9.999999115058272325e-02 4.143860161780990165e+04
1.098541043672585787e-01 4.039911673033292755e+04
1.206792531427361148e-01 3.667736442958129919e+04
1.325711244288214907e-01 3.037751639130447074e+04
1.456348342787200378e-01 2.653982047986716134e+04
1.599858570014452974e-01 2.436542878346825455e+04
1.757510458761641914e-01 2.210551189068137319e+04
1.930697544488981787e-01 1.943336733768240811e+04
2.120950683230800604e-01 1.760549345354645993e+04
2.329951583321586417e-01 1.588912998129789048e+04
2.559547670553742882e-01 1.451861579249094939e+04
2.811768418164965477e-01 1.314629600267163551e+04
3.088843286001189403e-01 1.200823624229726192e+04
3.393221427425128778e-01 1.122746349970483789e+04
3.727593338166072523e-01 1.027681482597446484e+04
4.094914638472018087e-01 9.540040904106572270e+03
4.498432198782237879e-01 8.906598801706366430e+03
4.941712839853393824e-01 8.343296047959072894e+03
5.428674861028858212e-01 7.810334773730823144e+03
5.963622675339625978e-01 7.323752043998989393e+03
6.551284857587630350e-01 6.897425349856510365e+03
7.196855941730535555e-01 6.489174945629146350e+03
7.906042337028588163e-01 6.113864729978897230e+03
8.685112768820903995e-01 5.763771484613351276e+03
9.540953689793428838e-01 5.443579079856939643e+03
1.048113015153642191e+00 0.000000000000000000e+00
