1.048113066601954503e-02 3.366754894204044715e+06
1.151395323963562076e-02 0.000000000000000000e+00
1.264855132798976302e-02 1.218735971578204772e+06
1.389495400641860279e-02 1.165106353185773594e+06
1.526417862678452857e-02 1.014054396932509262e+06
1.676832820337198493e-02 0.000000000000000000e+00
1.842069839530119726e-02 9.767842728408992989e+05
2.023589503111089191e-02 8.047967066003689542e+05
2.222996321434766651e-02 8.563879657411719672e+05
2.442052915136719640e-02 3.207380699043248314e+05
2.682695595500901239e-02 3.152387601312787738e+05
2.947051480134291537e-02 3.634850816062761587e+05
3.237457295239669353e-02 2.887581599305759883e+05
3.556480030685772731e-02 2.674248252487454447e+05
3.906939630451649464e-02 1.860261000010547286e+05
4.291933919013282694e-02 1.552108866708192509e+05
4.714865984004791566e-02 1.347333450526718225e+05
5.179474257198286163e-02 1.389716039278824173e+05
5.689865559697841746e-02 1.296371515447612619e+05
6.250551403444545850e-02 1.163056295508657349e+05
6.866487869913283359e-02 1.238437125370289432e+05
7.543119418501802176e-02 1.071990429108454409e+05
8.286427011848424007e-02 8.387645745153562166e+04
9.102980983473445142e-02 7.083426432102033868e+04
9.999999115058272325e-02 5.742836602096972638e+04
1.098541043672585787e-01 5.197412925851417094e+04
1.206792531427361148e-01 4.730894070622268191e+04
1.325711244288214907e-01 4.470138394162016630e+04
1.456348342787200378e-01 3.877719285993436642e+04
1.599858570014452974e-01 3.429496002928253438e+04
1.757510458761641914e-01 3.064718755005177081e+04
1.930697544488981787e-01 2.721109775785781676e+04
2.120950683230800604e-01 2.504082990256777703e+04
2.329951583321586417e-01 2.276774792285875446e+04
2.559547670553742882e-01 2.106409732875366535e+04
2.811768418164965477e-01 1.902046873851076816e+04
3.088843286001189403e-01 1.732372068927084911e+04
3.393221427425128778e-01 1.593899215573293623e+04
3.727593338166072523e-01 1.473480452728459386e+04
4.094914638472018087e-01 1.365895786349295668e+04
4.498432198782237879e-01 1.274932165845349846e+04
4.941712839853393824e-01 1.186018501804264088e+04
5.428674861028858212e-01 1.102184036423107500e+04
5.963622675339625978e-01 1.027452797502968679e+04
6.551284857587630350e-01 9.492045449028832081e+03
7.196855941730535555e-01 8.771126666508016569e+03
7.906042337028588163e-01 8.104086662390029232e+03
8.685112768820903995e-01 7.430490605512309230e+03
9.540953689793428838e-01 6.766561462100940844e+03
1.048113015153642191e+00 0.000000000000000000e+00
