1.048113066601954503e-02 1.961032933029539417e+05
1.151395323963562076e-02 0.000000000000000000e+00
1.264855132798976302e-02 3.823140532809505821e+05
1.389495400641860279e-02 4.355779065908688353e+05
1.526417862678452857e-02 4.866008797332752729e+05
1.676832820337198493e-02 0.000000000000000000e+00
1.842069839530119726e-02 2.107319520374645363e+05
2.023589503111089191e-02 2.543226570956945361e+05
2.222996321434766651e-02 2.279604018565521692e+05
2.442052915136719640e-02 2.113186199898174964e+05
2.682695595500901239e-02 1.716420709152730997e+05
2.947051480134291537e-02 1.267319149360654119e+05
3.237457295239669353e-02 1.307362416177849518e+05
3.556480030685772731e-02 8.610909591002995148e+04
3.906939630451649464e-02 9.527814459720902960e+04
4.291933919013282694e-02 8.319021131345567119e+04
4.714865984004791566e-02 8.124863897497279686e+04
5.179474257198286163e-02 7.053642393045481003e+04
5.689865559697841746e-02 6.814081977337114222e+04
6.250551403444545850e-02 6.189848376338844537e+04
6.866487869913283359e-02 4.813513397565649211e+04
7.543119418501802176e-02 3.938367276391760242e+04
8.286427011848424007e-02 3.101538005736707782e+04
9.102980983473445142e-02 2.797275167594939921e+04
9.999999115058272325e-02 2.710640250842563182e+04
1.098541043672585787e-01 2.410577989728982720e+04
1.206792531427361148e-01 2.022835700208108756e+04
1.325711244288214907e-01 1.756566463857213239e+04
1.456348342787200378e-01 1.538139077035549235e+04
1.599858570014452974e-01 1.372981664791788717e+04
1.757510458761641914e-01 1.226485560574478950e+04
1.930697544488981787e-01 1.104017177652539067e+04
2.120950683230800604e-01 9.798417662196168749e+03
2.329951583321586417e-01 8.698079532787311109e+03
2.559547670553742882e-01 7.873412443312707182e+03
2.811768418164965477e-01 7.218282637712101860e+03
3.088843286001189403e-01 6.498611472071184835e+03
3.393221427425128778e-01 5.944826964089342255e+03
3.727593338166072523e-01 5.479395975882979656e+03
4.094914638472018087e-01 5.040246925977213323e+03
4.498432198782237879e-01 4.640831619546914226e+03
4.941712839853393824e-01 4.277815152743489307e+03
5.428674861028858212e-01 3.972047351698666716e+03
5.963622675339625978e-01 3.663449925496133801e+03
6.551284857587630350e-01 3.405202796947404750e+03
7.196855941730535555e-01 3.153126316644971212e+03
7.906042337028588163e-01 2.915415140723022887e+03
8.685112768820903995e-01 2.678847920798910764e+03
9.540953689793428838e-01 2.451276798710738603e+03
1.048113015153642191e+00 0.000000000000000000e+00
