1.048113066601954503e-02 3.605585590566321480e+04
1.151395323963562076e-02 0.000000000000000000e+00
1.264855132798976302e-02 4.191177614417541918e+04
1.389495400641860279e-02 6.180497744652623078e+04
1.526417862678452857e-02 3.547120696652994957e+04
1.676832820337198493e-02 0.000000000000000000e+00
1.842069839530119726e-02 5.268806147643551958e+04
2.023589503111089191e-02 5.623850104299542727e+04
2.222996321434766651e-02 5.475905439562816900e+04
2.442052915136719640e-02 5.807578518086211989e+04
2.682695595500901239e-02 4.546085946877707465e+04
2.947051480134291537e-02 4.842512389435236400e+04
3.237457295239669353e-02 6.789001379379005812e+04
3.556480030685772731e-02 4.482333998923811305e+04
3.906939630451649464e-02 5.230835291455002152e+04
4.291933919013282694e-02 4.861859590971824946e+04
4.714865984004791566e-02 4.295373080052650039e+04
5.179474257198286163e-02 4.121799606156202935e+04
5.689865559697841746e-02 4.356068033618314803e+04
6.250551403444545850e-02 3.505310036669114925e+04
6.866487869913283359e-02 3.456305027952074306e+04
7.543119418501802176e-02 3.412380312164874340e+04
8.286427011848424007e-02 3.249243405372228881e+04
9.102980983473445142e-02 3.076414163819000896e+04
9.999999115058272325e-02 2.704734629208137630e+04
1.098541043672585787e-01 2.336862951601714667e+04
1.206792531427361148e-01 2.192585708568784685e+04
1.325711244288214907e-01 2.037538159148517298e+04
1.456348342787200378e-01 1.907010070393279602e+04
1.599858570014452974e-01 1.735972527732404342e+04
1.757510458761641914e-01 1.566281367031906120e+04
1.930697544488981787e-01 1.424183259121785522e+04
2.120950683230800604e-01 1.314825338755665507e+04
2.329951583321586417e-01 1.197054073446786970e+04
2.559547670553742882e-01 1.115705444323791198e+04
2.811768418164965477e-01 1.034614516777674362e+04
3.088843286001189403e-01 9.636134266120439861e+03
3.393221427425128778e-01 9.067261106244339317e+03
3.727593338166072523e-01 8.421988674997455746e+03
4.094914638472018087e-01 7.944350928649253547e+03
4.498432198782237879e-01 7.487882152239291827e+03
4.941712839853393824e-01 7.093028374728150084e+03
5.428674861028858212e-01 6.758982349075833554e+03
5.963622675339625978e-01 6.441088395826368469e+03
6.551284857587630350e-01 6.136769423555214416e+03
7.196855941730535555e-01 5.851070700456062696e+03
7.906042337028588163e-01 5.574810634232761004e+03
8.685112768820903995e-01 5.312704087057989454e+03
9.540953689793428838e-01 5.065104274024972256e+03
1.048113015153642191e+00 0.000000000000000000e+00
