1.048113066601954503e-02 8.573379543703050585e+05
1.151395323963562076e-02 0.000000000000000000e+00
1.264855132798976302e-02 2.834505899308226653e+05
1.389495400641860279e-02 4.830873382356338552e+05
1.526417862678452857e-02 7.273648426992949098e+05
1.676832820337198493e-02 0.000000000000000000e+00
1.842069839530119726e-02 7.054181819255182054e+05
2.023589503111089191e-02 5.356809033073096070e+05
2.222996321434766651e-02 3.034799776682556258e+05
2.442052915136719640e-02 3.609677488468819647e+05
2.682695595500901239e-02 3.316081189722765121e+05
2.947051480134291537e-02 3.088808386459358735e+05
3.237457295239669353e-02 2.047457878899199422e+05
3.556480030685772731e-02 1.861814318922076491e+05
3.906939630451649464e-02 1.772399081639995857e+05
4.291933919013282694e-02 1.330825844012468588e+05
4.714865984004791566e-02 1.165888797663818696e+05
5.179474257198286163e-02 1.105216266110955621e+05
5.689865559697841746e-02 1.111427198738137959e+05
6.250551403444545850e-02 1.169473045424491866e+05
6.866487869913283359e-02 9.728944262433040421e+04
7.543119418501802176e-02 8.226758925064145296e+04
8.286427011848424007e-02 6.831001009284870815e+04
9.102980983473445142e-02 5.596695167524782300e+04
9.999999115058272325e-02 4.761034280865010078e+04
1.098541043672585787e-01 4.293506354062131140e+04
1.206792531427361148e-01 3.947089196656119020e+04
1.325711244288214907e-01 3.582737786906889232e+04
1.456348342787200378e-01 3.104331056320392236e+04
1.599858570014452974e-01 2.777241706583898485e+04
1.757510458761641914e-01 2.469490304292002475e+04
1.930697544488981787e-01 2.235981860419231816e+04
2.120950683230800604e-01 2.032270896594453734e+04
2.329951583321586417e-01 1.789377246451877363e+04
2.559547670553742882e-01 1.646714635004033335e+04
2.811768418164965477e-01 1.500359820391299763e+04
3.088843286001189403e-01 1.377546855610438797e+04
3.393221427425128778e-01 1.271244976490172849e+04
3.727593338166072523e-01 1.173660921057447558e+04
4.094914638472018087e-01 1.086378401956298330e+04
4.498432198782237879e-01 1.013981830329656077e+04
4.941712839853393824e-01 9.499677503563791106e+03
5.428674861028858212e-01 8.845320851656884770e+03
5.963622675339625978e-01 8.225110635758916033e+03
6.551284857587630350e-01 7.675659165564595241e+03
7.196855941730535555e-01 7.207325689021628932e+03
7.906042337028588163e-01 6.740886873088444190e+03
8.685112768820903995e-01 6.265510836482300874e+03
9.540953689793428838e-01 5.806499625155240210e+03
1.048113015153642191e+00 0.000000000000000000e+00
