1.048113066601954503e-02 1.099118361822409133e+04
1.151395323963562076e-02 0.000000000000000000e+00
1.264855132798976302e-02 2.522263594931250918e+04
1.389495400641860279e-02 3.693622746209997422e+04
1.526417862678452857e-02 3.541232473036059673e+04
1.676832820337198493e-02 0.000000000000000000e+00
1.842069839530119726e-02 4.888681510015515960e+04
2.023589503111089191e-02 3.228669347226314130e+04
2.222996321434766651e-02 3.900048518623968266e+04
2.442052915136719640e-02 4.169732519270426565e+04
2.682695595500901239e-02 3.184568473491487384e+04
2.947051480134291537e-02 3.691808575875883253e+04
3.237457295239669353e-02 3.926149639608094003e+04
3.556480030685772731e-02 3.684166308730281889e+04
3.906939630451649464e-02 3.212858701553956780e+04
4.291933919013282694e-02 3.040683926473640895e+04
4.714865984004791566e-02 3.001727502639472368e+04
5.179474257198286163e-02 3.012796620508970591e+04
5.689865559697841746e-02 2.443729449109777852e+04
6.250551403444545850e-02 2.537590518169134521e+04
6.866487869913283359e-02 2.491484579368968116e+04
7.543119418501802176e-02 2.417300632958961432e+04
8.286427011848424007e-02 2.290682825672500621e+04
9.102980983473445142e-02 2.039463556477011662e+04
9.999999115058272325e-02 1.822146374280313830e+04
1.098541043672585787e-01 1.713256132337072631e+04
1.206792531427361148e-01 1.521457981600783751e+04
1.325711244288214907e-01 1.419800457963522058e+04
1.456348342787200378e-01 1.319930141278517840e+04
1.599858570014452974e-01 1.178875912594839428e+04
1.757510458761641914e-01 1.066257623699515898e+04
1.930697544488981787e-01 9.607264350968753206e+03
2.120950683230800604e-01 8.917103580257360591e+03
2.329951583321586417e-01 8.147694012235146147e+03
2.559547670553742882e-01 7.350318506317479660e+03
2.811768418164965477e-01 6.788888761628519205e+03
3.088843286001189403e-01 6.208990858454499175e+03
3.393221427425128778e-01 5.742217373459008741e+03
3.727593338166072523e-01 5.288333234703052767e+03
4.094914638472018087e-01 4.945002233707287814e+03
4.498432198782237879e-01 4.624191423660660803e+03
4.941712839853393824e-01 4.336165842012541361e+03
5.428674861028858212e-01 4.069202597541495834e+03
5.963622675339625978e-01 3.840096995897339184e+03
6.551284857587630350e-01 3.630887916419285830e+03
7.196855941730535555e-01 3.446522870906063872e+03
7.906042337028588163e-01 3.273801860708095319e+03
8.685112768820903995e-01 3.110925824924634071e+03
9.540953689793428838e-01 2.966610554095792850e+03
1.048113015153642191e+00 0.000000000000000000e+00
