1.048113066601954503e-02 2.313758000584134425e+04
1.151395323963562076e-02 0.000000000000000000e+00
1.264855132798976302e-02 2.460691999046890123e+04
1.389495400641860279e-02 1.242197038742439690e+04
1.526417862678452857e-02 1.771162848591709553e+04
1.676832820337198493e-02 0.000000000000000000e+00
1.842069839530119726e-02 2.477622377145892096e+04
2.023589503111089191e-02 1.720123857448681156e+04
2.222996321434766651e-02 2.621557251334134344e+04
2.442052915136719640e-02 2.200321562342670586e+04
2.682695595500901239e-02 2.131948152334309634e+04
2.947051480134291537e-02 2.389526725788310796e+04
3.237457295239669353e-02 1.773050648660077422e+04
3.556480030685772731e-02 2.199485429621702497e+04
3.906939630451649464e-02 2.186188474679897990e+04
4.291933919013282694e-02 2.333986852848569833e+04
4.714865984004791566e-02 1.987660950662496543e+04
5.179474257198286163e-02 2.007517909497556684e+04
5.689865559697841746e-02 1.892230760054286293e+04
6.250551403444545850e-02 1.904950850484339389e+04
6.866487869913283359e-02 1.877047878550587120e+04
7.543119418501802176e-02 1.704980181989695848e+04
8.286427011848424007e-02 1.715437148455598435e+04
9.102980983473445142e-02 1.537519084336626656e+04
9.999999115058272325e-02 1.391624010174890645e+04
1.098541043672585787e-01 1.252406146491108120e+04
1.206792531427361148e-01 1.188781393598254908e+04
1.325711244288214907e-01 1.107909038551161575e+04
1.456348342787200378e-01 1.027024245488986890e+04
1.599858570014452974e-01 9.430195706830578274e+03
1.757510458761641914e-01 8.466785964683303973e+03
1.930697544488981787e-01 7.834689060962483381e+03
2.120950683230800604e-01 7.245924703552289429e+03
2.329951583321586417e-01 6.585957126963388873e+03
2.559547670553742882e-01 6.036911957736753720e+03
2.811768418164965477e-01 5.570691487574344137e+03
3.088843286001189403e-01 5.153718589822507056e+03
3.393221427425128778e-01 4.814593044729731446e+03
3.727593338166072523e-01 4.482566634118390539e+03
4.094914638472018087e-01 4.207715168960458868e+03
4.498432198782237879e-01 3.964097253737462324e+03
4.941712839853393824e-01 3.721850853968321644e+03
5.428674861028858212e-01 3.522892274243764405e+03
5.963622675339625978e-01 3.347548607375058054e+03
6.551284857587630350e-01 3.177741653233660145e+03
7.196855941730535555e-01 3.013921950179286341e+03
7.906042337028588163e-01 2.868246444033345597e+03
8.685112768820903995e-01 2.724130786008723135e+03
9.540953689793428838e-01 2.590883765360222242e+03
1.048113015153642191e+00 0.000000000000000000e+00
