1.048113066601954503e-02 5.405232175510802772e+05
1.151395323963562076e-02 0.000000000000000000e+00
1.264855132798976302e-02 1.782962585573948454e+05
1.389495400641860279e-02 3.038283959424733184e+05
1.526417862678452857e-02 4.594856548611903563e+05
1.676832820337198493e-02 0.000000000000000000e+00
1.842069839530119726e-02 4.435501363947001519e+05
2.023589503111089191e-02 3.370733112775577465e+05
2.222996321434766651e-02 1.908984612236445828e+05
2.442052915136719640e-02 2.265506444618703681e+05
2.682695595500901239e-02 2.079634146746712795e+05
2.947051480134291537e-02 1.932249469980476424e+05
3.237457295239669353e-02 1.284151902927754418e+05
3.556480030685772731e-02 1.164929286757817026e+05
3.906939630451649464e-02 1.107539591690288653e+05
4.291933919013282694e-02 8.308021439762231603e+04
4.714865984004791566e-02 7.251066106676452910e+04
5.179474257198286163e-02 6.873039405815703503e+04
5.689865559697841746e-02 6.911881741265110031e+04
6.250551403444545850e-02 7.256122860215733817e+04
6.866487869913283359e-02 6.025127900718546880e+04
7.543119418501802176e-02 5.081597197328088805e+04
8.286427011848424007e-02 4.209657016434990510e+04
9.102980983473445142e-02 3.433641517793189269e+04
9.999999115058272325e-02 2.912817926174445529e+04
1.098541043672585787e-01 2.621160616011348247e+04
1.206792531427361148e-01 2.401647747966142197e+04
1.325711244288214907e-01 2.169703221979253431e+04
1.456348342787200378e-01 1.873322930103923136e+04
1.599858570014452974e-01 1.668625965124019422e+04
1.757510458761641914e-01 1.478476629239896283e+04
1.930697544488981787e-01 1.332581710069707697e+04
2.120950683230800604e-01 1.206242699453341265e+04
2.329951583321586417e-01 1.057209842890112850e+04
2.559547670553742882e-01 9.687689537788934103e+03
2.811768418164965477e-01 8.785579318661730213e+03
3.088843286001189403e-01 8.027486439352760499e+03
3.393221427425128778e-01 7.376561507017099757e+03
3.727593338166072523e-01 6.778776156545278354e+03
4.094914638472018087e-01 6.246217426168134807e+03
4.498432198782237879e-01 5.803717815259509734e+03
4.941712839853393824e-01 5.412876045211111887e+03
5.428674861028858212e-01 5.017617692628597979e+03
5.963622675339625978e-01 4.645708430617478371e+03
6.551284857587630350e-01 4.316334900468697015e+03
7.196855941730535555e-01 4.034793894612619624e+03
7.906042337028588163e-01 3.756248187868501191e+03
8.685112768820903995e-01 3.475441996467265199e+03
9.540953689793428838e-01 3.206008246173652424e+03
1.048113015153642191e+00 0.000000000000000000e+00
