1.048113066601954503e-02 1.235876091589560383e+05
1.151395323963562076e-02 0.000000000000000000e+00
1.264855132798976302e-02 5.467759328752094880e+05
1.389495400641860279e-02 2.705016293286255095e+05
1.526417862678452857e-02 4.090399294839996146e+05
1.676832820337198493e-02 0.000000000000000000e+00
1.842069839530119726e-02 2.260705640820864937e+05
2.023589503111089191e-02 2.609969554405051167e+05
2.222996321434766651e-02 2.377381451733503200e+05
2.442052915136719640e-02 2.085225751461801119e+05
2.682695595500901239e-02 1.802280428561972221e+05
2.947051480134291537e-02 1.955195009845701861e+05
3.237457295239669353e-02 1.988041069295335328e+05
3.556480030685772731e-02 1.332292374242304359e+05
3.906939630451649464e-02 1.106170935951089923e+05
4.291933919013282694e-02 1.063495530957512092e+05
4.714865984004791566e-02 9.660975905096365022e+04
5.179474257198286163e-02 8.789325433952761523e+04
5.689865559697841746e-02 8.954210826729628025e+04
6.250551403444545850e-02 9.111270741349102173e+04
6.866487869913283359e-02 7.881358081026074069e+04
7.543119418501802176e-02 6.256627780741806055e+04
8.286427011848424007e-02 5.084527744634996634e+04
9.102980983473445142e-02 4.243045571053193271e+04
9.999999115058272325e-02 3.945678390268611838e+04
1.098541043672585787e-01 3.824072075297808624e+04
1.206792531427361148e-01 3.568941359444392583e+04
1.325711244288214907e-01 3.040607864604573115e+04
1.456348342787200378e-01 2.597912134973429784e+04
1.599858570014452974e-01 2.326999984662234783e+04
1.757510458761641914e-01 2.178927789901148208e+04
1.930697544488981787e-01 1.941451837173599051e+04
2.120950683230800604e-01 1.719165533345025688e+04
2.329951583321586417e-01 1.571376506302574126e+04
2.559547670553742882e-01 1.446421424273163575e+04
2.811768418164965477e-01 1.311965736491284770e+04
3.088843286001189403e-01 1.204143300908455058e+04
3.393221427425128778e-01 1.109332122796682052e+04
3.727593338166072523e-01 1.028443209232605295e+04
4.094914638472018087e-01 9.560755531710678042e+03
4.498432198782237879e-01 8.935127906789713961e+03
4.941712839853393824e-01 8.384128846417042951e+03
5.428674861028858212e-01 7.848163911057503356e+03
5.963622675339625978e-01 7.375546826667534333e+03
6.551284857587630350e-01 6.941400734808496054e+03
7.196855941730535555e-01 6.571515667009041863e+03
7.906042337028588163e-01 6.206010137962579392e+03
8.685112768820903995e-01 5.874224850851122028e+03
9.540953689793428838e-01 5.551346922834180987e+03
1.048113015153642191e+00 0.000000000000000000e+00
