1.048113066601954503e-02 1.468292661244853225e+05
1.151395323963562076e-02 0.000000000000000000e+00
1.264855132798976302e-02 4.104948902964965237e+04
1.389495400641860279e-02 5.494572694288571074e+04
1.526417862678452857e-02 8.963108291026174265e+04
1.676832820337198493e-02 0.000000000000000000e+00
1.842069839530119726e-02 8.457453108699264703e+04
2.023589503111089191e-02 1.005503949230327125e+05
2.222996321434766651e-02 8.618606843991106143e+04
2.442052915136719640e-02 1.046677117686006677e+05
2.682695595500901239e-02 8.489791032292127784e+04
2.947051480134291537e-02 7.109336849894696206e+04
3.237457295239669353e-02 5.653136594775313279e+04
3.556480030685772731e-02 5.066002269512270868e+04
3.906939630451649464e-02 4.926716297258094710e+04
4.291933919013282694e-02 4.483813696242286824e+04
4.714865984004791566e-02 4.342133804689046519e+04
5.179474257198286163e-02 4.289178964834898943e+04
5.689865559697841746e-02 3.823842644598439801e+04
6.250551403444545850e-02 3.705481787660831469e+04
6.866487869913283359e-02 3.426786750133492751e+04
7.543119418501802176e-02 2.948833557073036354e+04
8.286427011848424007e-02 2.606811848362310047e+04
9.102980983473445142e-02 2.396756730855522983e+04
9.999999115058272325e-02 2.068924958996169153e+04
1.098541043672585787e-01 1.788492643095914536e+04
1.206792531427361148e-01 1.757064668756952960e+04
1.325711244288214907e-01 1.495705742811603159e+04
1.456348342787200378e-01 1.323774748988075953e+04
1.599858570014452974e-01 1.155329295651939719e+04
1.757510458761641914e-01 1.042686740164672483e+04
1.930697544488981787e-01 9.452000299290739349e+03
2.120950683230800604e-01 8.434597549098718446e+03
2.329951583321586417e-01 7.484038293634221191e+03
2.559547670553742882e-01 6.774897287495319688e+03
2.811768418164965477e-01 6.158655913762282580e+03
3.088843286001189403e-01 5.561960787748166695e+03
3.393221427425128778e-01 5.047726494193088911e+03
3.727593338166072523e-01 4.626431351598708716e+03
4.094914638472018087e-01 4.236700294806531929e+03
4.498432198782237879e-01 3.910936054487484398e+03
4.941712839853393824e-01 3.619282154515932234e+03
5.428674861028858212e-01 3.356702165462650100e+03
5.963622675339625978e-01 3.126166061999954763e+03
6.551284857587630350e-01 2.921484548737450041e+03
7.196855941730535555e-01 2.729183358195558867e+03
7.906042337028588163e-01 2.560816676729615210e+03
8.685112768820903995e-01 2.400846483799148245e+03
9.540953689793428838e-01 2.253205608193938588e+03
1.048113015153642191e+00 0.000000000000000000e+00
