1.048113066601954503e-02 1.937658349790056818e+05
1.151395323963562076e-02 0.000000000000000000e+00
1.264855132798976302e-02 1.290367723565606429e+05
1.389495400641860279e-02 1.542731586768987472e+05
1.526417862678452857e-02 1.550941630415351246e+05
1.676832820337198493e-02 0.000000000000000000e+00
1.842069839530119726e-02 8.085937090553806047e+04
2.023589503111089191e-02 1.153223666883016704e+05
2.222996321434766651e-02 1.049459416060101939e+05
2.442052915136719640e-02 1.704644537445179303e+05
2.682695595500901239e-02 1.282007278708203812e+05
2.947051480134291537e-02 1.082260315995246201e+05
3.237457295239669353e-02 1.177494377473530330e+05
3.556480030685772731e-02 1.181472862754876260e+05
3.906939630451649464e-02 9.463544981963597820e+04
4.291933919013282694e-02 9.156750781504002225e+04
4.714865984004791566e-02 8.429776092805147346e+04
5.179474257198286163e-02 7.719512104495411040e+04
5.689865559697841746e-02 7.310628703327442054e+04
6.250551403444545850e-02 6.921714112410937378e+04
6.866487869913283359e-02 6.560526267143075529e+04
7.543119418501802176e-02 5.923307471350108972e+04
8.286427011848424007e-02 5.259052730690421595e+04
9.102980983473445142e-02 4.525076588992543111e+04
9.999999115058272325e-02 3.926103489773292677e+04
1.098541043672585787e-01 3.547164964904981025e+04
1.206792531427361148e-01 3.239111129848776545e+04
1.325711244288214907e-01 2.987109087277252547e+04
1.456348342787200378e-01 2.732655982718175073e+04
1.599858570014452974e-01 2.349865247092248683e+04
1.757510458761641914e-01 2.118246224234757392e+04
1.930697544488981787e-01 1.942483168626229963e+04
2.120950683230800604e-01 1.759944003861194506e+04
2.329951583321586417e-01 1.604486793671980558e+04
2.559547670553742882e-01 1.461540943749376675e+04
2.811768418164965477e-01 1.334675538651377428e+04
3.088843286001189403e-01 1.228487933842619896e+04
3.393221427425128778e-01 1.126096509100813637e+04
3.727593338166072523e-01 1.053180671225613696e+04
4.094914638472018087e-01 9.819654150816480978e+03
4.498432198782237879e-01 9.146694307228233811e+03
4.941712839853393824e-01 8.555670061594208164e+03
5.428674861028858212e-01 8.033516804886672617e+03
5.963622675339625978e-01 7.581264066597965211e+03
6.551284857587630350e-01 7.145094219229727059e+03
7.196855941730535555e-01 6.735467313312019542e+03
7.906042337028588163e-01 6.378857718730492707e+03
8.685112768820903995e-01 6.043399708140853363e+03
9.540953689793428838e-01 5.720905702498239407e+03
1.048113015153642191e+00 0.000000000000000000e+00
