1.048113066601954503e-02 1.360108241092511453e+05
1.151395323963562076e-02 0.000000000000000000e+00
1.264855132798976302e-02 2.280488033833939116e+05
1.389495400641860279e-02 9.537503797686641337e+04
1.526417862678452857e-02 8.004809565140404447e+04
1.676832820337198493e-02 0.000000000000000000e+00
1.842069839530119726e-02 1.186452479438473820e+05
2.023589503111089191e-02 9.328899388472145074e+04
2.222996321434766651e-02 7.005022263713151915e+04
2.442052915136719640e-02 1.028861205745833431e+05
2.682695595500901239e-02 6.897336104676594550e+04
2.947051480134291537e-02 8.082594810520729516e+04
3.237457295239669353e-02 7.681669130444849725e+04
3.556480030685772731e-02 7.179807197661606187e+04
3.906939630451649464e-02 6.127050620502911624e+04
4.291933919013282694e-02 6.817844429587175546e+04
4.714865984004791566e-02 6.173915624175206176e+04
5.179474257198286163e-02 5.961246774027436913e+04
5.689865559697841746e-02 5.199060957711555966e+04
6.250551403444545850e-02 4.474465608999045071e+04
6.866487869913283359e-02 4.723657131327591924e+04
7.543119418501802176e-02 4.466773722507142520e+04
8.286427011848424007e-02 3.740103208790704957e+04
9.102980983473445142e-02 3.434353062606081949e+04
9.999999115058272325e-02 3.073223692855269474e+04
1.098541043672585787e-01 2.709159077721921494e+04
1.206792531427361148e-01 2.402885349027987104e+04
1.325711244288214907e-01 2.186008210829062227e+04
1.456348342787200378e-01 1.973327634392236359e+04
1.599858570014452974e-01 1.719202304955076033e+04
1.757510458761641914e-01 1.573259774769574506e+04
1.930697544488981787e-01 1.408783517271159144e+04
2.120950683230800604e-01 1.287464237625672831e+04
2.329951583321586417e-01 1.144124653619098535e+04
2.559547670553742882e-01 1.040319938491789071e+04
2.811768418164965477e-01 9.527543337924927982e+03
3.088843286001189403e-01 8.678529544636283390e+03
3.393221427425128778e-01 7.947286366741276652e+03
3.727593338166072523e-01 7.259283545939810210e+03
4.094914638472018087e-01 6.764913152911247380e+03
4.498432198782237879e-01 6.230684130833437848e+03
4.941712839853393824e-01 5.806117210991701540e+03
5.428674861028858212e-01 5.435420153535183999e+03
5.963622675339625978e-01 5.091382327149835874e+03
6.551284857587630350e-01 4.776648561357051221e+03
7.196855941730535555e-01 4.494603825580357807e+03
7.906042337028588163e-01 4.234532929356953900e+03
8.685112768820903995e-01 3.992703057777418508e+03
9.540953689793428838e-01 3.765063869003814489e+03
1.048113015153642191e+00 0.000000000000000000e+00
