1.048113066601954503e-02 2.145511688753729395e+05
1.151395323963562076e-02 0.000000000000000000e+00
1.264855132798976302e-02 5.788831318312927615e+05
1.389495400641860279e-02 5.867474617013622774e+05
1.526417862678452857e-02 3.145891991345700808e+05
1.676832820337198493e-02 0.000000000000000000e+00
1.842069839530119726e-02 3.928368929901054944e+05
2.023589503111089191e-02 2.611391935879596567e+05
2.222996321434766651e-02 3.146591491024938296e+05
2.442052915136719640e-02 2.538822789468445117e+05
2.682695595500901239e-02 2.324715003026922932e+05
2.947051480134291537e-02 2.838992524060868891e+05
3.237457295239669353e-02 1.570776414473563782e+05
3.556480030685772731e-02 1.376431171074643207e+05
3.906939630451649464e-02 1.320537630376697634e+05
4.291933919013282694e-02 1.253104558233450953e+05
4.714865984004791566e-02 1.270403992621327634e+05
5.179474257198286163e-02 9.921420347125016269e+04
5.689865559697841746e-02 1.067025117072618159e+05
6.250551403444545850e-02 1.064094614188104315e+05
6.866487869913283359e-02 9.493710017130011693e+04
7.543119418501802176e-02 7.646105922135920264e+04
8.286427011848424007e-02 5.763976428652425238e+04
9.102980983473445142e-02 5.045847769373065239e+04
9.999999115058272325e-02 4.556370245565380901e+04
1.098541043672585787e-01 4.443286783287640719e+04
1.206792531427361148e-01 4.035262036442466342e+04
1.325711244288214907e-01 3.344224563471059810e+04
1.456348342787200378e-01 2.923998548624100658e+04
1.599858570014452974e-01 2.685711809396067110e+04
1.757510458761641914e-01 2.437721566199746667e+04
1.930697544488981787e-01 2.144644823440123582e+04
2.120950683230800604e-01 1.944141261277383455e+04
2.329951583321586417e-01 1.755758052306701211e+04
2.559547670553742882e-01 1.605458584756575328e+04
2.811768418164965477e-01 1.454668449759672512e+04
3.088843286001189403e-01 1.329653171038036089e+04
3.393221427425128778e-01 1.244058452890146509e+04
3.727593338166072523e-01 1.139533794209580810e+04
4.094914638472018087e-01 1.058571550162360290e+04
4.498432198782237879e-01 9.889787637491626811e+03
4.941712839853393824e-01 9.270520443691753826e+03
5.428674861028858212e-01 8.684237356963472848e+03
5.963622675339625978e-01 8.148599289765905269e+03
6.551284857587630350e-01 7.679287465946651537e+03
7.196855941730535555e-01 7.229553970765344275e+03
7.906042337028588163e-01 6.815963369716328089e+03
8.685112768820903995e-01 6.429992057298679356e+03
9.540953689793428838e-01 6.077027708056027222e+03
1.048113015153642191e+00 0.000000000000000000e+00
