1.048113066601954503e-02 5.323496416815114208e+04
1.151395323963562076e-02 0.000000000000000000e+00
1.264855132798976302e-02 8.740747988468810217e+04
1.389495400641860279e-02 3.095416598845469707e+04
1.526417862678452857e-02 4.764260607338984846e+04
1.676832820337198493e-02 0.000000000000000000e+00
1.842069839530119726e-02 4.631971009790280368e+04
2.023589503111089191e-02 5.398283024908549123e+04
2.222996321434766651e-02 4.369186870336053835e+04
2.442052915136719640e-02 5.588719270022417913e+04
2.682695595500901239e-02 6.057642538480337680e+04
2.947051480134291537e-02 4.706786526579125348e+04
3.237457295239669353e-02 4.567529646060290543e+04
3.556480030685772731e-02 4.629171177966951655e+04
3.906939630451649464e-02 4.613567483851491852e+04
4.291933919013282694e-02 4.511105300809680193e+04
4.714865984004791566e-02 4.337639915308188938e+04
5.179474257198286163e-02 3.698882179813346011e+04
5.689865559697841746e-02 3.525263753423620801e+04
6.250551403444545850e-02 3.569615937916911207e+04
6.866487869913283359e-02 3.382574350837415841e+04
7.543119418501802176e-02 3.098987209294072818e+04
8.286427011848424007e-02 2.724505013176584907e+04
9.102980983473445142e-02 2.606958277279356844e+04
9.999999115058272325e-02 2.346669320431853339e+04
1.098541043672585787e-01 2.028178023739667697e+04
1.206792531427361148e-01 1.862794403146030163e+04
1.325711244288214907e-01 1.747817384867033252e+04
1.456348342787200378e-01 1.590812483113770031e+04
1.599858570014452974e-01 1.417433313561650539e+04
1.757510458761641914e-01 1.298601082317386317e+04
1.930697544488981787e-01 1.174876022126208954e+04
2.120950683230800604e-01 1.082449954210963915e+04
2.329951583321586417e-01 9.869443049282439461e+03
2.559547670553742882e-01 9.144813172385749567e+03
2.811768418164965477e-01 8.350107943234144841e+03
3.088843286001189403e-01 7.793991085332147122e+03
3.393221427425128778e-01 7.246101313909137389e+03
3.727593338166072523e-01 6.750091990126737983e+03
4.094914638472018087e-01 6.344047623775817556e+03
4.498432198782237879e-01 5.942318015138469491e+03
4.941712839853393824e-01 5.625708808265317202e+03
5.428674861028858212e-01 5.314886570311906326e+03
5.963622675339625978e-01 5.033344399434475235e+03
6.551284857587630350e-01 4.774015847324002607e+03
7.196855941730535555e-01 4.517698392471715124e+03
7.906042337028588163e-01 4.294605889052879320e+03
8.685112768820903995e-01 4.064593031138587321e+03
9.540953689793428838e-01 3.848933356955740692e+03
1.048113015153642191e+00 0.000000000000000000e+00
