1.048113066601954503e-02 3.722746995505857922e+04
1.151395323963562076e-02 0.000000000000000000e+00
1.264855132798976302e-02 3.896484706534488942e+04
1.389495400641860279e-02 7.684625698920553259e+04
1.526417862678452857e-02 6.688233947670356429e+04
1.676832820337198493e-02 0.000000000000000000e+00
1.842069839530119726e-02 5.612979708570829825e+04
2.023589503111089191e-02 6.759314193627060740e+04
2.222996321434766651e-02 7.718138059025797702e+04
2.442052915136719640e-02 6.113422534316475503e+04
2.682695595500901239e-02 6.207627871152017906e+04
2.947051480134291537e-02 6.463226799509681587e+04
3.237457295239669353e-02 6.322185228391034616e+04
3.556480030685772731e-02 6.001093802561701159e+04
3.906939630451649464e-02 6.827842938163367216e+04
4.291933919013282694e-02 5.505931278367468622e+04
4.714865984004791566e-02 5.470635598160070367e+04
5.179474257198286163e-02 5.950579895418800879e+04
5.689865559697841746e-02 4.964880677046405617e+04
6.250551403444545850e-02 4.281531495055239793e+04
6.866487869913283359e-02 4.692516354454268003e+04
7.543119418501802176e-02 3.827615146129033383e+04
8.286427011848424007e-02 3.856105500527320692e+04
9.102980983473445142e-02 3.467598009135341272e+04
9.999999115058272325e-02 3.282721922530182928e+04
1.098541043672585787e-01 2.899182626679575333e+04
1.206792531427361148e-01 2.606199899625460966e+04
1.325711244288214907e-01 2.413205093190407933e+04
1.456348342787200378e-01 2.223471499074020903e+04
1.599858570014452974e-01 2.000149729870714873e+04
1.757510458761641914e-01 1.798097805178698400e+04
1.930697544488981787e-01 1.590871506430576483e+04
2.120950683230800604e-01 1.481797507255638266e+04
2.329951583321586417e-01 1.343178658382365575e+04
2.559547670553742882e-01 1.229767095631610937e+04
2.811768418164965477e-01 1.136201683666590543e+04
3.088843286001189403e-01 1.040246529946287774e+04
3.393221427425128778e-01 9.647835668517305749e+03
3.727593338166072523e-01 8.964964985754901136e+03
4.094914638472018087e-01 8.367662627105439242e+03
4.498432198782237879e-01 7.829225455239252369e+03
4.941712839853393824e-01 7.368450192146650807e+03
5.428674861028858212e-01 6.951844632563226696e+03
5.963622675339625978e-01 6.573562247324610325e+03
6.551284857587630350e-01 6.222166671856722132e+03
7.196855941730535555e-01 5.903568310675713292e+03
7.906042337028588163e-01 5.602144748576328311e+03
8.685112768820903995e-01 5.333792644532857594e+03
9.540953689793428838e-01 5.080545751002171528e+03
1.048113015153642191e+00 0.000000000000000000e+00
