1.048113066601954503e-02 1.004889418785001326e+05
1.151395323963562076e-02 0.000000000000000000e+00
1.264855132798976302e-02 2.809363747261081153e+04
1.389495400641860279e-02 3.756686431190757867e+04
1.526417862678452857e-02 6.128084775253955013e+04
1.676832820337198493e-02 0.000000000000000000e+00
1.842069839530119726e-02 5.783976860915046564e+04
2.023589503111089191e-02 6.868493595727130014e+04
2.222996321434766651e-02 5.889967727460811147e+04
2.442052915136719640e-02 7.144825792143329454e+04
2.682695595500901239e-02 5.793290390451826534e+04
2.947051480134291537e-02 4.845802419556111272e+04
3.237457295239669353e-02 3.856226631876903411e+04
3.556480030685772731e-02 3.453247529060984380e+04
3.906939630451649464e-02 3.357515297326058499e+04
4.291933919013282694e-02 3.054517020311517990e+04
4.714865984004791566e-02 2.956003340996370389e+04
5.179474257198286163e-02 2.919239730641932692e+04
5.689865559697841746e-02 2.601051193389913533e+04
6.250551403444545850e-02 2.517610188832962012e+04
6.866487869913283359e-02 2.326439728682387431e+04
7.543119418501802176e-02 2.001085216742135890e+04
8.286427011848424007e-02 1.764202341387421984e+04
9.102980983473445142e-02 1.620042650164779843e+04
9.999999115058272325e-02 1.395582703542026866e+04
1.098541043672585787e-01 1.203290478720245301e+04
1.206792531427361148e-01 1.180163024713665254e+04
1.325711244288214907e-01 1.000901704299000994e+04
1.456348342787200378e-01 8.839368337056725068e+03
1.599858570014452974e-01 7.686283308264553852e+03
1.757510458761641914e-01 6.916096783108239833e+03
1.930697544488981787e-01 6.248854462596068515e+03
2.120950683230800604e-01 5.554187005338199015e+03
2.329951583321586417e-01 4.908246519901381362e+03
2.559547670553742882e-01 4.426126416223980414e+03
2.811768418164965477e-01 4.005280084026650457e+03
3.088843286001189403e-01 3.601442716912011292e+03
3.393221427425128778e-01 3.253901708105562193e+03
3.727593338166072523e-01 2.968799397236039113e+03
4.094914638472018087e-01 2.705965698796220750e+03
4.498432198782237879e-01 2.486776967348059770e+03
4.941712839853393824e-01 2.290469003820358012e+03
5.428674861028858212e-01 2.114645468215586334e+03
5.963622675339625978e-01 1.960185171568043643e+03
6.551284857587630350e-01 1.823290158072329405e+03
7.196855941730535555e-01 1.695459718554799565e+03
7.906042337028588163e-01 1.583257584420898866e+03
8.685112768820903995e-01 1.477517236360152765e+03
9.540953689793428838e-01 1.379856811627675825e+03
1.048113015153642191e+00 0.000000000000000000e+00
