1.048113066601954503e-02 3.992395342166627961e+04
1.151395323963562076e-02 0.000000000000000000e+00
1.264855132798976302e-02 5.773530050128326548e+04
1.389495400641860279e-02 8.052025210655199771e+04
1.526417862678452857e-02 4.292337150128293433e+04
1.676832820337198493e-02 0.000000000000000000e+00
1.842069839530119726e-02 4.466291578089295217e+04
2.023589503111089191e-02 6.731248779380794440e+04
2.222996321434766651e-02 3.820618809810496896e+04
2.442052915136719640e-02 4.392836682203451346e+04
2.682695595500901239e-02 5.807860994382269564e+04
2.947051480134291537e-02 5.886701259016446420e+04
3.237457295239669353e-02 5.731924709635494219e+04
3.556480030685772731e-02 5.324647809617158782e+04
3.906939630451649464e-02 5.088741238745799637e+04
4.291933919013282694e-02 4.217919921387138311e+04
4.714865984004791566e-02 4.306159809038085950e+04
5.179474257198286163e-02 3.975315657410101267e+04
5.689865559697841746e-02 3.311151653110334155e+04
6.250551403444545850e-02 3.595677301642084785e+04
6.866487869913283359e-02 3.328856226246873121e+04
7.543119418501802176e-02 3.032490815788274631e+04
8.286427011848424007e-02 2.741756406950922246e+04
9.102980983473445142e-02 2.643990996919546888e+04
9.999999115058272325e-02 2.456517832011191786e+04
1.098541043672585787e-01 2.068170779187077642e+04
1.206792531427361148e-01 1.869861420408419872e+04
1.325711244288214907e-01 1.734229382222844652e+04
1.456348342787200378e-01 1.579494556463434492e+04
1.599858570014452974e-01 1.390742109014048583e+04
1.757510458761641914e-01 1.219381558430022960e+04
1.930697544488981787e-01 1.129348971097672256e+04
2.120950683230800604e-01 1.008786945002077482e+04
2.329951583321586417e-01 9.107546483242462273e+03
2.559547670553742882e-01 8.133520946132653989e+03
2.811768418164965477e-01 7.451725877304579626e+03
3.088843286001189403e-01 6.798645975475736122e+03
3.393221427425128778e-01 6.166488064569199196e+03
3.727593338166072523e-01 5.658541602489161960e+03
4.094914638472018087e-01 5.169580791968086487e+03
4.498432198782237879e-01 4.821447672525721828e+03
4.941712839853393824e-01 4.460803996958582502e+03
5.428674861028858212e-01 4.156240751233233823e+03
5.963622675339625978e-01 3.873393258715271259e+03
6.551284857587630350e-01 3.625179941516847066e+03
7.196855941730535555e-01 3.409412286066160050e+03
7.906042337028588163e-01 3.208343088539732435e+03
8.685112768820903995e-01 3.028078197216324952e+03
9.540953689793428838e-01 2.870413371994545741e+03
1.048113015153642191e+00 0.000000000000000000e+00
