1.048113066601954503e-02 8.528939143758382415e+05
1.151395323963562076e-02 0.000000000000000000e+00
1.264855132798976302e-02 6.590370270084324293e+05
1.389495400641860279e-02 7.398417634142059833e+05
1.526417862678452857e-02 5.428248735394168179e+05
1.676832820337198493e-02 0.000000000000000000e+00
1.842069839530119726e-02 4.024609815965628950e+05
2.023589503111089191e-02 4.216718638404333033e+05
2.222996321434766651e-02 3.351348855449939147e+05
2.442052915136719640e-02 2.920460738465368049e+05
2.682695595500901239e-02 2.052400870960947359e+05
2.947051480134291537e-02 1.527678951317744795e+05
3.237457295239669353e-02 1.263079219747701718e+05
3.556480030685772731e-02 1.145725269929790229e+05
3.906939630451649464e-02 8.768461686714222014e+04
4.291933919013282694e-02 8.048893909078536672e+04
4.714865984004791566e-02 7.255379454458145483e+04
5.179474257198286163e-02 6.997509423957232502e+04
5.689865559697841746e-02 7.007918364300437679e+04
6.250551403444545850e-02 6.571892184806840669e+04
6.866487869913283359e-02 5.700048352523916401e+04
7.543119418501802176e-02 4.364048945227795048e+04
8.286427011848424007e-02 3.363054438810023566e+04
9.102980983473445142e-02 2.782698303291002958e+04
9.999999115058272325e-02 2.529448408244009624e+04
1.098541043672585787e-01 2.441551942442345899e+04
1.206792531427361148e-01 2.141964296220020333e+04
1.325711244288214907e-01 1.766234619330864371e+04
1.456348342787200378e-01 1.485564807103325074e+04
1.599858570014452974e-01 1.318123084924191608e+04
1.757510458761641914e-01 1.154928796291615799e+04
1.930697544488981787e-01 1.034185027190106484e+04
2.120950683230800604e-01 9.307283403196832296e+03
2.329951583321586417e-01 8.095273046449957292e+03
2.559547670553742882e-01 7.269377929276526629e+03
2.811768418164965477e-01 6.518454722918606421e+03
3.088843286001189403e-01 5.875772435492225668e+03
3.393221427425128778e-01 5.288419276075193920e+03
3.727593338166072523e-01 4.800754146895469603e+03
4.094914638472018087e-01 4.372039103414186684e+03
4.498432198782237879e-01 3.998953181906471400e+03
4.941712839853393824e-01 3.678683280207341340e+03
5.428674861028858212e-01 3.383504752975340580e+03
5.963622675339625978e-01 3.103773665441159210e+03
6.551284857587630350e-01 2.860231830697532132e+03
7.196855941730535555e-01 2.621115827796857502e+03
7.906042337028588163e-01 2.400252297968941093e+03
8.685112768820903995e-01 2.208239953053008776e+03
9.540953689793428838e-01 2.022228069763179519e+03
1.048113015153642191e+00 0.000000000000000000e+00
