1.048113066601954503e-02 3.124368784901578329e+04
1.151395323963562076e-02 0.000000000000000000e+00
1.264855132798976302e-02 4.355333901566290297e+04
1.389495400641860279e-02 6.166244593432327383e+04
1.526417862678452857e-02 7.786791281580404029e+04
1.676832820337198493e-02 0.000000000000000000e+00
1.842069839530119726e-02 4.389306354502274917e+04
2.023589503111089191e-02 6.656898501024133293e+04
2.222996321434766651e-02 9.167058701990735426e+04
2.442052915136719640e-02 5.884765090067523124e+04
2.682695595500901239e-02 5.515035800785226456e+04
2.947051480134291537e-02 5.240196848137774214e+04
3.237457295239669353e-02 4.800474768614018103e+04
3.556480030685772731e-02 4.568101754452795285e+04
3.906939630451649464e-02 4.459849775984993175e+04
4.291933919013282694e-02 3.857096150732813112e+04
4.714865984004791566e-02 3.282912718919032341e+04
5.179474257198286163e-02 3.272199445855384693e+04
5.689865559697841746e-02 3.452255571316964779e+04
6.250551403444545850e-02 3.114582635193716851e+04
6.866487869913283359e-02 2.968675959635333857e+04
7.543119418501802176e-02 2.633071911018023093e+04
8.286427011848424007e-02 2.427242122079987530e+04
9.102980983473445142e-02 2.035760825974851468e+04
9.999999115058272325e-02 1.814119807563866198e+04
1.098541043672585787e-01 1.591687190675293095e+04
1.206792531427361148e-01 1.423127616528308499e+04
1.325711244288214907e-01 1.353982000734509347e+04
1.456348342787200378e-01 1.209120252160447853e+04
1.599858570014452974e-01 1.034411638682024932e+04
1.757510458761641914e-01 9.063868075538706762e+03
1.930697544488981787e-01 8.277159130822288716e+03
2.120950683230800604e-01 7.408970876021142431e+03
2.329951583321586417e-01 6.491347437423173687e+03
2.559547670553742882e-01 5.880793948406998425e+03
2.811768418164965477e-01 5.289894641594171844e+03
3.088843286001189403e-01 4.754491295475413608e+03
3.393221427425128778e-01 4.294084737471705012e+03
3.727593338166072523e-01 3.896786577421915354e+03
4.094914638472018087e-01 3.559742833163440991e+03
4.498432198782237879e-01 3.269138761821426215e+03
4.941712839853393824e-01 3.008426016507882196e+03
5.428674861028858212e-01 2.779995283061475675e+03
5.963622675339625978e-01 2.567679077371681615e+03
6.551284857587630350e-01 2.390505054704169197e+03
7.196855941730535555e-01 2.232411298027434896e+03
7.906042337028588163e-01 2.088520801070118978e+03
8.685112768820903995e-01 1.961690459270478414e+03
9.540953689793428838e-01 1.846636248767320467e+03
1.048113015153642191e+00 0.000000000000000000e+00
