1.048113066601954503e-02 5.822837887561195384e+04
1.151395323963562076e-02 0.000000000000000000e+00
1.264855132798976302e-02 6.356919055179838324e+04
1.389495400641860279e-02 5.498286677893358137e+04
1.526417862678452857e-02 6.409048259537864942e+04
1.676832820337198493e-02 0.000000000000000000e+00
1.842069839530119726e-02 6.329081558566943568e+04
2.023589503111089191e-02 7.852581681270709669e+04
2.222996321434766651e-02 6.266489240986404184e+04
2.442052915136719640e-02 1.000924197977990407e+05
2.682695595500901239e-02 8.591889213105253293e+04
2.947051480134291537e-02 8.800909386897427612e+04
3.237457295239669353e-02 8.372535760310050682e+04
3.556480030685772731e-02 6.222640364245622186e+04
3.906939630451649464e-02 6.738020161911078321e+04
4.291933919013282694e-02 5.678581969360515359e+04
4.714865984004791566e-02 5.365405696162462118e+04
5.179474257198286163e-02 5.404652987663555541e+04
5.689865559697841746e-02 5.132536582015448221e+04
6.250551403444545850e-02 4.533277829190564808e+04
6.866487869913283359e-02 4.609938808691740269e+04
7.543119418501802176e-02 4.245212859438772284e+04
8.286427011848424007e-02 3.998586171501777426e+04
9.102980983473445142e-02 3.693435605565459991e+04
9.999999115058272325e-02 3.230372408386995812e+04
1.098541043672585787e-01 2.813812620459810569e+04
1.206792531427361148e-01 2.614058516043698182e+04
1.325711244288214907e-01 2.379864383880798778e+04
1.456348342787200378e-01 2.238675608498023939e+04
1.599858570014452974e-01 2.019623503844883453e+04
1.757510458761641914e-01 1.802193822082440602e+04
1.930697544488981787e-01 1.656427649737219690e+04
2.120950683230800604e-01 1.530301440580134295e+04
2.329951583321586417e-01 1.391769515772670093e+04
2.559547670553742882e-01 1.283373485726202489e+04
2.811768418164965477e-01 1.193000031620959635e+04
3.088843286001189403e-01 1.100489186242404321e+04
3.393221427425128778e-01 1.028887133449128487e+04
3.727593338166072523e-01 9.590318101126284091e+03
4.094914638472018087e-01 9.017776749730564916e+03
4.498432198782237879e-01 8.535276276723443516e+03
4.941712839853393824e-01 8.058271331497871870e+03
5.428674861028858212e-01 7.639026684964013839e+03
5.963622675339625978e-01 7.247483660600204530e+03
6.551284857587630350e-01 6.859389954677320020e+03
7.196855941730535555e-01 6.529003000911079653e+03
7.906042337028588163e-01 6.210554263968246232e+03
8.685112768820903995e-01 5.901437909718084484e+03
9.540953689793428838e-01 5.609105545294845797e+03
1.048113015153642191e+00 0.000000000000000000e+00
