1.048113066601954503e-02 3.680792049286346446e+04
1.151395323963562076e-02 0.000000000000000000e+00
1.264855132798976302e-02 1.641207569839480857e+04
1.389495400641860279e-02 5.766170349670963333e+04
1.526417862678452857e-02 4.092607737124568666e+04
1.676832820337198493e-02 0.000000000000000000e+00
1.842069839530119726e-02 6.456988914064505661e+04
2.023589503111089191e-02 6.742238831445426331e+04
2.222996321434766651e-02 3.497765197762598109e+04
2.442052915136719640e-02 5.818938965508676483e+04
2.682695595500901239e-02 5.471402201123571285e+04
2.947051480134291537e-02 4.210432842865932616e+04
3.237457295239669353e-02 4.732807298723056010e+04
3.556480030685772731e-02 3.890658992891170783e+04
3.906939630451649464e-02 3.270377203311253470e+04
4.291933919013282694e-02 3.387463446833324997e+04
4.714865984004791566e-02 3.265891538876492632e+04
5.179474257198286163e-02 3.365114405928495398e+04
5.689865559697841746e-02 3.570308735395476106e+04
6.250551403444545850e-02 3.348205738412083883e+04
6.866487869913283359e-02 2.898760635266645841e+04
7.543119418501802176e-02 2.718943155542878958e+04
8.286427011848424007e-02 2.518122569728532471e+04
9.102980983473445142e-02 2.184595996080576879e+04
9.999999115058272325e-02 1.986801140264456626e+04
1.098541043672585787e-01 1.801779237630189527e+04
1.206792531427361148e-01 1.591555838058604422e+04
1.325711244288214907e-01 1.477172969286638909e+04
1.456348342787200378e-01 1.368140581752136677e+04
1.599858570014452974e-01 1.209226295776216466e+04
1.757510458761641914e-01 1.068691553746651334e+04
1.930697544488981787e-01 9.916522383860954506e+03
2.120950683230800604e-01 8.914970463102317808e+03
2.329951583321586417e-01 8.030468587008701434e+03
2.559547670553742882e-01 7.271316631768002480e+03
2.811768418164965477e-01 6.652227779631925841e+03
3.088843286001189403e-01 6.035429236216992649e+03
3.393221427425128778e-01 5.567236063318036031e+03
3.727593338166072523e-01 5.087988253831367729e+03
4.094914638472018087e-01 4.690788656215947412e+03
4.498432198782237879e-01 4.372902326631640790e+03
4.941712839853393824e-01 4.081168951846144410e+03
5.428674861028858212e-01 3.800553132542754611e+03
5.963622675339625978e-01 3.554922848882063590e+03
6.551284857587630350e-01 3.346008087576353773e+03
7.196855941730535555e-01 3.160684028635379946e+03
7.906042337028588163e-01 2.983948323457583683e+03
8.685112768820903995e-01 2.823011879955364748e+03
9.540953689793428838e-01 2.678774194902464387e+03
1.048113015153642191e+00 0.000000000000000000e+00
