1.048113066601954503e-02 1.158972524732539205e+04
1.151395323963562076e-02 0.000000000000000000e+00
1.264855132798976302e-02 1.200556854024358654e+04
1.389495400641860279e-02 3.750039940288335492e+04
1.526417862678452857e-02 2.730909367376560840e+04
1.676832820337198493e-02 0.000000000000000000e+00
1.842069839530119726e-02 2.514317684958202517e+04
2.023589503111089191e-02 2.366271124783906635e+04
2.222996321434766651e-02 2.552454116129223985e+04
2.442052915136719640e-02 2.262232734002296638e+04
2.682695595500901239e-02 2.158986055092977040e+04
2.947051480134291537e-02 2.319482248011411866e+04
3.237457295239669353e-02 2.296295998086858162e+04
3.556480030685772731e-02 2.232703612022112065e+04
3.906939630451649464e-02 1.949669965513632997e+04
4.291933919013282694e-02 1.758721353761418868e+04
4.714865984004791566e-02 1.614129774502168584e+04
5.179474257198286163e-02 1.567500585592362404e+04
5.689865559697841746e-02 1.532080556401888316e+04
6.250551403444545850e-02 1.562774584772632443e+04
6.866487869913283359e-02 1.391904485944779481e+04
7.543119418501802176e-02 1.249638593411064176e+04
8.286427011848424007e-02 1.181700949532997947e+04
9.102980983473445142e-02 9.835280322311038617e+03
9.999999115058272325e-02 8.766881332980954539e+03
1.098541043672585787e-01 7.624902792590090030e+03
1.206792531427361148e-01 7.014007084498822223e+03
1.325711244288214907e-01 6.516822818232607460e+03
1.456348342787200378e-01 5.811583167256533670e+03
1.599858570014452974e-01 4.943843829374592133e+03
1.757510458761641914e-01 4.485362444167220929e+03
1.930697544488981787e-01 3.999364103876973786e+03
2.120950683230800604e-01 3.565837230987966905e+03
2.329951583321586417e-01 3.140458101557728241e+03
2.559547670553742882e-01 2.815270678987441897e+03
2.811768418164965477e-01 2.525665651405360222e+03
3.088843286001189403e-01 2.259372962846040537e+03
3.393221427425128778e-01 2.045815556620019152e+03
3.727593338166072523e-01 1.849091722527327192e+03
4.094914638472018087e-01 1.668968662713306003e+03
4.498432198782237879e-01 1.528680970964005610e+03
4.941712839853393824e-01 1.400644382858801691e+03
5.428674861028858212e-01 1.280896800301547046e+03
5.963622675339625978e-01 1.180132818459924010e+03
6.551284857587630350e-01 1.095247361066909207e+03
7.196855941730535555e-01 1.013864345406868438e+03
7.906042337028588163e-01 9.433526411191548959e+02
8.685112768820903995e-01 8.809725874078509378e+02
9.540953689793428838e-01 8.264398441826705266e+02
1.048113015153642191e+00 0.000000000000000000e+00
