1.048113066601954503e-02 8.179469434364442714e+04
1.151395323963562076e-02 0.000000000000000000e+00
1.264855132798976302e-02 6.556807941721344832e+04
1.389495400641860279e-02 3.099215526415629938e+04
1.526417862678452857e-02 6.857310862922752858e+04
1.676832820337198493e-02 0.000000000000000000e+00
1.842069839530119726e-02 6.098547431825537933e+04
2.023589503111089191e-02 7.346162311367903021e+04
2.222996321434766651e-02 9.636065860699227778e+04
2.442052915136719640e-02 4.412058375775155582e+04
2.682695595500901239e-02 6.204459789632840693e+04
2.947051480134291537e-02 5.125760241933222278e+04
3.237457295239669353e-02 5.131203185834980104e+04
3.556480030685772731e-02 3.956459691678763920e+04
3.906939630451649464e-02 4.635167609411314334e+04
4.291933919013282694e-02 3.934886003301796154e+04
4.714865984004791566e-02 3.378689274892983667e+04
5.179474257198286163e-02 3.302567647435145045e+04
5.689865559697841746e-02 3.055483512556509959e+04
6.250551403444545850e-02 2.696338495887067256e+04
6.866487869913283359e-02 2.790401179371497710e+04
7.543119418501802176e-02 2.586353796043640614e+04
8.286427011848424007e-02 2.208949268758506878e+04
9.102980983473445142e-02 1.885590169949365372e+04
9.999999115058272325e-02 1.576926583355923503e+04
1.098541043672585787e-01 1.427609279536357826e+04
1.206792531427361148e-01 1.312824433320593562e+04
1.325711244288214907e-01 1.232885648586968455e+04
1.456348342787200378e-01 1.084912089530624871e+04
1.599858570014452974e-01 9.026716962825246810e+03
1.757510458761641914e-01 8.068413445740309726e+03
1.930697544488981787e-01 7.305105003882543315e+03
2.120950683230800604e-01 6.635645948507236426e+03
2.329951583321586417e-01 5.871994579029024862e+03
2.559547670553742882e-01 5.369464915815167842e+03
2.811768418164965477e-01 4.820694817159032027e+03
3.088843286001189403e-01 4.391699723112242282e+03
3.393221427425128778e-01 3.965817092556284479e+03
3.727593338166072523e-01 3.626749078362562614e+03
4.094914638472018087e-01 3.344096864124980129e+03
4.498432198782237879e-01 3.091504975034167728e+03
4.941712839853393824e-01 2.867025265225078329e+03
5.428674861028858212e-01 2.667074472540882653e+03
5.963622675339625978e-01 2.477437755542421201e+03
6.551284857587630350e-01 2.311923482270619843e+03
7.196855941730535555e-01 2.165956355394329421e+03
7.906042337028588163e-01 2.028716144637295201e+03
8.685112768820903995e-01 1.903753200545009804e+03
9.540953689793428838e-01 1.786171494406160946e+03
1.048113015153642191e+00 0.000000000000000000e+00
