1.048113066601954503e-02 7.221063690096868959e+04
1.151395323963562076e-02 0.000000000000000000e+00
1.264855132798976302e-02 2.029760882087174832e+04
1.389495400641860279e-02 9.864202993044028699e+04
1.526417862678452857e-02 8.793542412902310025e+04
1.676832820337198493e-02 0.000000000000000000e+00
1.842069839530119726e-02 7.506668741902371403e+04
2.023589503111089191e-02 1.295748030297549994e+05
2.222996321434766651e-02 1.243442149640860443e+05
2.442052915136719640e-02 9.269955251021018194e+04
2.682695595500901239e-02 8.643324331741669448e+04
2.947051480134291537e-02 8.406302933579578530e+04
3.237457295239669353e-02 7.064840195382286038e+04
3.556480030685772731e-02 5.840988239361505111e+04
3.906939630451649464e-02 7.153519537048717029e+04
4.291933919013282694e-02 6.403382280591614835e+04
4.714865984004791566e-02 5.308591764162098843e+04
5.179474257198286163e-02 5.789675176078152435e+04
5.689865559697841746e-02 4.351767246153348970e+04
6.250551403444545850e-02 4.876451457383472007e+04
6.866487869913283359e-02 4.615649235450624838e+04
7.543119418501802176e-02 4.271367399883324106e+04
8.286427011848424007e-02 3.702338520105613861e+04
9.102980983473445142e-02 3.071243027172221991e+04
9.999999115058272325e-02 2.926828936375836201e+04
1.098541043672585787e-01 2.580891409376733282e+04
1.206792531427361148e-01 2.422083641286911006e+04
1.325711244288214907e-01 2.214805453207714891e+04
1.456348342787200378e-01 2.025043123675450261e+04
1.599858570014452974e-01 1.761477457664703252e+04
1.757510458761641914e-01 1.626981120152982476e+04
1.930697544488981787e-01 1.482693027334603903e+04
2.120950683230800604e-01 1.381067785109253600e+04
2.329951583321586417e-01 1.260335700390926468e+04
2.559547670553742882e-01 1.153085683642635740e+04
2.811768418164965477e-01 1.065641572506985904e+04
3.088843286001189403e-01 9.891186143163831730e+03
3.393221427425128778e-01 9.258581986961449729e+03
3.727593338166072523e-01 8.625691415524086551e+03
4.094914638472018087e-01 8.104910706539859348e+03
4.498432198782237879e-01 7.648087369317050616e+03
4.941712839853393824e-01 7.214453378590235843e+03
5.428674861028858212e-01 6.846764393166485206e+03
5.963622675339625978e-01 6.502643271709995133e+03
6.551284857587630350e-01 6.174541399211084354e+03
7.196855941730535555e-01 5.871325226592651234e+03
7.906042337028588163e-01 5.576750743895416235e+03
8.685112768820903995e-01 5.301370940176260774e+03
9.540953689793428838e-01 5.041518853396012673e+03
1.048113015153642191e+00 0.000000000000000000e+00
