1.048113066601954503e-02 5.211866920792922610e+04
1.151395323963562076e-02 0.000000000000000000e+00
1.264855132798976302e-02 1.717478403774641920e+05
1.389495400641860279e-02 1.326057044300676207e+05
1.526417862678452857e-02 8.969208961298927898e+04
1.676832820337198493e-02 0.000000000000000000e+00
1.842069839530119726e-02 1.245528770080905815e+05
2.023589503111089191e-02 1.488302079608606582e+05
2.222996321434766651e-02 1.784194771314849495e+05
2.442052915136719640e-02 1.885832024915153743e+05
2.682695595500901239e-02 8.730393006156703632e+04
2.947051480134291537e-02 1.102550482664568117e+05
3.237457295239669353e-02 1.453847231755807879e+05
3.556480030685772731e-02 1.300593682933819073e+05
3.906939630451649464e-02 1.135333641511675814e+05
4.291933919013282694e-02 1.060372377706289117e+05
4.714865984004791566e-02 9.869420961627739598e+04
5.179474257198286163e-02 9.165710031909153622e+04
5.689865559697841746e-02 8.443412982882559299e+04
6.250551403444545850e-02 7.650129039341525640e+04
6.866487869913283359e-02 7.358838222117704572e+04
7.543119418501802176e-02 6.871067152744432678e+04
8.286427011848424007e-02 6.660987552734781639e+04
9.102980983473445142e-02 5.592706499929120037e+04
9.999999115058272325e-02 5.013072445694406633e+04
1.098541043672585787e-01 4.381667863949097227e+04
1.206792531427361148e-01 3.968209101279488823e+04
1.325711244288214907e-01 3.654660839598320308e+04
1.456348342787200378e-01 3.394417860236602428e+04
1.599858570014452974e-01 2.997612664350799969e+04
1.757510458761641914e-01 2.690909531545126083e+04
1.930697544488981787e-01 2.504519717182846216e+04
2.120950683230800604e-01 2.300977491729370377e+04
2.329951583321586417e-01 2.101662234718263790e+04
2.559547670553742882e-01 1.947102349092195436e+04
2.811768418164965477e-01 1.779240369823369110e+04
3.088843286001189403e-01 1.665040240024105151e+04
3.393221427425128778e-01 1.548533190319737332e+04
3.727593338166072523e-01 1.440598588560643111e+04
4.094914638472018087e-01 1.362551969860611644e+04
4.498432198782237879e-01 1.288290402370228185e+04
4.941712839853393824e-01 1.213361849843778145e+04
5.428674861028858212e-01 1.151337254257864879e+04
5.963622675339625978e-01 1.091302008788734383e+04
6.551284857587630350e-01 1.036871705664820183e+04
7.196855941730535555e-01 9.827876069009402272e+03
7.906042337028588163e-01 9.341193454938924333e+03
8.685112768820903995e-01 8.843483435396889035e+03
9.540953689793428838e-01 8.362301849635543476e+03
1.048113015153642191e+00 0.000000000000000000e+00
