1.048113066601954503e-02 1.497402549214480387e+05
1.151395323963562076e-02 0.000000000000000000e+00
1.264855132798976302e-02 1.104541254272588558e+05
1.389495400641860279e-02 1.070534407566022564e+05
1.526417862678452857e-02 8.337603152925570612e+04
1.676832820337198493e-02 0.000000000000000000e+00
1.842069839530119726e-02 1.163019263956441719e+05
2.023589503111089191e-02 8.465517492459391360e+04
2.222996321434766651e-02 9.007259428811306134e+04
2.442052915136719640e-02 9.216136007530023926e+04
2.682695595500901239e-02 9.066467287388529803e+04
2.947051480134291537e-02 7.619517453457233205e+04
3.237457295239669353e-02 9.770180474020533438e+04
3.556480030685772731e-02 9.324964831386879086e+04
3.906939630451649464e-02 7.412959249010145140e+04
4.291933919013282694e-02 6.962376670198232750e+04
4.714865984004791566e-02 7.044066306262183934e+04
5.179474257198286163e-02 6.831524916652560933e+04
5.689865559697841746e-02 6.269420635236457747e+04
6.250551403444545850e-02 5.645923647589014581e+04
6.866487869913283359e-02 5.345145074591388402e+04
7.543119418501802176e-02 4.807606410929835693e+04
8.286427011848424007e-02 4.479484672980204050e+04
9.102980983473445142e-02 4.306331571153089317e+04
9.999999115058272325e-02 3.674536338568257634e+04
1.098541043672585787e-01 3.344476248875674355e+04
1.206792531427361148e-01 3.048636790522203228e+04
1.325711244288214907e-01 2.771921974840402981e+04
1.456348342787200378e-01 2.572036381858569439e+04
1.599858570014452974e-01 2.272926084596058718e+04
1.757510458761641914e-01 2.092260877603269182e+04
1.930697544488981787e-01 1.886750478110141557e+04
2.120950683230800604e-01 1.748936171856641158e+04
2.329951583321586417e-01 1.577057074085794011e+04
2.559547670553742882e-01 1.471535010825989957e+04
2.811768418164965477e-01 1.345226929874442794e+04
3.088843286001189403e-01 1.248520601121291656e+04
3.393221427425128778e-01 1.161696097297878987e+04
3.727593338166072523e-01 1.084241743917212079e+04
4.094914638472018087e-01 1.014082650146531159e+04
4.498432198782237879e-01 9.552696526558449477e+03
4.941712839853393824e-01 9.046643699729891523e+03
5.428674861028858212e-01 8.557010522821770792e+03
5.963622675339625978e-01 8.090925408170394803e+03
6.551284857587630350e-01 7.683735336432695476e+03
7.196855941730535555e-01 7.284907274109129503e+03
7.906042337028588163e-01 6.929504899965588265e+03
8.685112768820903995e-01 6.562394946621876443e+03
9.540953689793428838e-01 6.221504459503277758e+03
1.048113015153642191e+00 0.000000000000000000e+00
