1.048113066601954503e-02 1.122856644083839841e+06
1.151395323963562076e-02 0.000000000000000000e+00
1.264855132798976302e-02 6.772800853563030250e+05
1.389495400641860279e-02 6.525136074828132987e+05
1.526417862678452857e-02 1.316621508542326279e+06
1.676832820337198493e-02 0.000000000000000000e+00
1.842069839530119726e-02 5.416810005594663089e+05
2.023589503111089191e-02 6.179479316215525614e+05
2.222996321434766651e-02 3.110181701432407717e+05
2.442052915136719640e-02 3.428567334666782408e+05
2.682695595500901239e-02 3.509918723362109740e+05
2.947051480134291537e-02 3.311450648260583985e+05
3.237457295239669353e-02 1.844044794339201180e+05
3.556480030685772731e-02 1.933489274132889987e+05
3.906939630451649464e-02 1.329530816379822209e+05
4.291933919013282694e-02 1.537389512276743772e+05
4.714865984004791566e-02 1.192404785733621102e+05
5.179474257198286163e-02 1.234530686765336432e+05
5.689865559697841746e-02 1.115573982271037530e+05
6.250551403444545850e-02 1.016027757613707508e+05
6.866487869913283359e-02 8.112927933821687475e+04
7.543119418501802176e-02 6.699130277771581314e+04
8.286427011848424007e-02 5.336342193732619489e+04
9.102980983473445142e-02 4.730525338321872550e+04
9.999999115058272325e-02 4.219428114328502124e+04
1.098541043672585787e-01 3.761433778274460929e+04
1.206792531427361148e-01 3.319426857757344987e+04
1.325711244288214907e-01 2.777724082884163363e+04
1.456348342787200378e-01 2.444561079455517756e+04
1.599858570014452974e-01 2.171939622921312912e+04
1.757510458761641914e-01 1.909090930628467686e+04
1.930697544488981787e-01 1.682485412696958156e+04
2.120950683230800604e-01 1.478056237716221585e+04
2.329951583321586417e-01 1.313636099154220210e+04
2.559547670553742882e-01 1.169443772299020384e+04
2.811768418164965477e-01 1.065581634422929528e+04
3.088843286001189403e-01 9.537549926100182347e+03
3.393221427425128778e-01 8.620801814390606523e+03
3.727593338166072523e-01 7.806318322291877848e+03
4.094914638472018087e-01 7.150245558413590516e+03
4.498432198782237879e-01 6.566748966460632801e+03
4.941712839853393824e-01 6.043043711668969991e+03
5.428674861028858212e-01 5.557687802025249766e+03
5.963622675339625978e-01 5.140783134924688966e+03
6.551284857587630350e-01 4.745781374753851196e+03
7.196855941730535555e-01 4.420901187152581770e+03
7.906042337028588163e-01 4.089171800141878521e+03
8.685112768820903995e-01 3.792167428477230260e+03
9.540953689793428838e-01 3.524166521734726302e+03
1.048113015153642191e+00 0.000000000000000000e+00
