1.048113066601954503e-02 2.857871417452901005e+04
1.151395323963562076e-02 0.000000000000000000e+00
1.264855132798976302e-02 1.604127741239353600e+04
1.389495400641860279e-02 1.791535346510048839e+04
1.526417862678452857e-02 3.140056765850613010e+04
1.676832820337198493e-02 0.000000000000000000e+00
1.842069839530119726e-02 1.757478045909449429e+04
2.023589503111089191e-02 2.445780148668392940e+04
2.222996321434766651e-02 2.371882400907620467e+04
2.442052915136719640e-02 2.471387980343253003e+04
2.682695595500901239e-02 2.642167811054913545e+04
2.947051480134291537e-02 2.405263830324606533e+04
3.237457295239669353e-02 2.906416542486247636e+04
3.556480030685772731e-02 2.240387263144746976e+04
3.906939630451649464e-02 2.221931487770702370e+04
4.291933919013282694e-02 2.487602181011220091e+04
4.714865984004791566e-02 2.316410066671419190e+04
5.179474257198286163e-02 2.048762179988430580e+04
5.689865559697841746e-02 1.805944157494100364e+04
6.250551403444545850e-02 1.856340859758443912e+04
6.866487869913283359e-02 1.894533271091662027e+04
7.543119418501802176e-02 1.829413081178303401e+04
8.286427011848424007e-02 1.671564135734004958e+04
9.102980983473445142e-02 1.455859227018421007e+04
9.999999115058272325e-02 1.293098412265006300e+04
1.098541043672585787e-01 1.210589479785714320e+04
1.206792531427361148e-01 1.082163507465858493e+04
1.325711244288214907e-01 1.006874146166771243e+04
1.456348342787200378e-01 9.369216569720683765e+03
1.599858570014452974e-01 8.292477817311068065e+03
1.757510458761641914e-01 7.361031367811502605e+03
1.930697544488981787e-01 6.713859599698878810e+03
2.120950683230800604e-01 6.158470827500882478e+03
2.329951583321586417e-01 5.540399720928126044e+03
2.559547670553742882e-01 4.992612289786060501e+03
2.811768418164965477e-01 4.525279995493665410e+03
3.088843286001189403e-01 4.096024545420922550e+03
3.393221427425128778e-01 3.763025542095362653e+03
3.727593338166072523e-01 3.440255309905121521e+03
4.094914638472018087e-01 3.158409742248676139e+03
4.498432198782237879e-01 2.915751845163530106e+03
4.941712839853393824e-01 2.699944845741782956e+03
5.428674861028858212e-01 2.506293536839609715e+03
5.963622675339625978e-01 2.340328194359342888e+03
6.551284857587630350e-01 2.187343573733252924e+03
7.196855941730535555e-01 2.059507264823054356e+03
7.906042337028588163e-01 1.940036123890145745e+03
8.685112768820903995e-01 1.833876994900761929e+03
9.540953689793428838e-01 1.737567279144964232e+03
1.048113015153642191e+00 0.000000000000000000e+00
