1.048113066601954503e-02 3.893770801462780219e+04
1.151395323963562076e-02 0.000000000000000000e+00
1.264855132798976302e-02 2.292975366255127301e+04
1.389495400641860279e-02 1.884831002812490988e+04
1.526417862678452857e-02 4.293703269354636723e+04
1.676832820337198493e-02 0.000000000000000000e+00
1.842069839530119726e-02 2.267205410422576460e+04
2.023589503111089191e-02 4.509732357554158079e+04
2.222996321434766651e-02 2.991610364431128255e+04
2.442052915136719640e-02 3.436652857894064073e+04
2.682695595500901239e-02 3.479420829878029326e+04
2.947051480134291537e-02 3.473178995930952806e+04
3.237457295239669353e-02 3.794892597958122496e+04
3.556480030685772731e-02 3.840975109573551890e+04
3.906939630451649464e-02 3.767909883389801689e+04
4.291933919013282694e-02 3.641906841349814931e+04
4.714865984004791566e-02 3.068542163101046754e+04
5.179474257198286163e-02 3.169527650899221771e+04
5.689865559697841746e-02 2.799592718537279143e+04
6.250551403444545850e-02 2.796567014767196088e+04
6.866487869913283359e-02 2.930140718111759634e+04
7.543119418501802176e-02 2.668895544665910347e+04
8.286427011848424007e-02 2.539413100555103301e+04
9.102980983473445142e-02 2.443738736691046142e+04
9.999999115058272325e-02 2.196061656951688565e+04
1.098541043672585787e-01 1.969552811450727313e+04
1.206792531427361148e-01 1.866187690657838903e+04
1.325711244288214907e-01 1.724978114726347121e+04
1.456348342787200378e-01 1.588583880398507426e+04
1.599858570014452974e-01 1.414787138223248257e+04
1.757510458761641914e-01 1.282685381854242041e+04
1.930697544488981787e-01 1.217760178274593636e+04
2.120950683230800604e-01 1.106501208839731771e+04
2.329951583321586417e-01 1.024714504044840760e+04
2.559547670553742882e-01 9.438668908243040278e+03
2.811768418164965477e-01 8.731845418129014433e+03
3.088843286001189403e-01 8.157566070413951820e+03
3.393221427425128778e-01 7.656451803158223811e+03
3.727593338166072523e-01 7.133104914568286404e+03
4.094914638472018087e-01 6.733878316726929370e+03
4.498432198782237879e-01 6.350279676558780920e+03
4.941712839853393824e-01 6.012794639836987699e+03
5.428674861028858212e-01 5.701095567584117816e+03
5.963622675339625978e-01 5.419430600140442039e+03
6.551284857587630350e-01 5.180348455107723566e+03
7.196855941730535555e-01 4.938775059173352929e+03
7.906042337028588163e-01 4.718179818336049721e+03
8.685112768820903995e-01 4.499945180815978347e+03
9.540953689793428838e-01 4.291841342654873188e+03
1.048113015153642191e+00 0.000000000000000000e+00
