1.048113066601954503e-02 5.016101853754969779e+05
1.151395323963562076e-02 0.000000000000000000e+00
1.264855132798976302e-02 2.255497553611587500e+05
1.389495400641860279e-02 8.276254634011944290e+05
1.526417862678452857e-02 5.169799294892544858e+05
1.676832820337198493e-02 0.000000000000000000e+00
1.842069839530119726e-02 4.886321453624784481e+05
2.023589503111089191e-02 5.029965032143358840e+05
2.222996321434766651e-02 3.748972131815024186e+05
2.442052915136719640e-02 4.328453766334346728e+05
2.682695595500901239e-02 3.336537760019036941e+05
2.947051480134291537e-02 3.124458254614239559e+05
3.237457295239669353e-02 2.272241475520586828e+05
3.556480030685772731e-02 2.346692332163769752e+05
3.906939630451649464e-02 1.607340141999693878e+05
4.291933919013282694e-02 1.601425115910158493e+05
4.714865984004791566e-02 1.359697478057528497e+05
5.179474257198286163e-02 1.362423358062846819e+05
5.689865559697841746e-02 1.366492706566603156e+05
6.250551403444545850e-02 1.354677856764518074e+05
6.866487869913283359e-02 1.140645209096670151e+05
7.543119418501802176e-02 9.238561891781933082e+04
8.286427011848424007e-02 8.013285244832606986e+04
9.102980983473445142e-02 6.434714731554492027e+04
9.999999115058272325e-02 5.892450986680018104e+04
1.098541043672585787e-01 5.422136638533524820e+04
1.206792531427361148e-01 5.040970252107395208e+04
1.325711244288214907e-01 4.309219213174901233e+04
1.456348342787200378e-01 3.847566918652762979e+04
1.599858570014452974e-01 3.469248610576640931e+04
1.757510458761641914e-01 3.146048836524058788e+04
1.930697544488981787e-01 2.873579698646614997e+04
2.120950683230800604e-01 2.615529284093383103e+04
2.329951583321586417e-01 2.369078150457024458e+04
2.559547670553742882e-01 2.176486902383963752e+04
2.811768418164965477e-01 2.022621353594687025e+04
3.088843286001189403e-01 1.851268109506705878e+04
3.393221427425128778e-01 1.733435662745424270e+04
3.727593338166072523e-01 1.608117511800015382e+04
4.094914638472018087e-01 1.501833042902257876e+04
4.498432198782237879e-01 1.410697145467473092e+04
4.941712839853393824e-01 1.332228124851157190e+04
5.428674861028858212e-01 1.248751335716102403e+04
5.963622675339625978e-01 1.178259859181226784e+04
6.551284857587630350e-01 1.109603028260728934e+04
7.196855941730535555e-01 1.043100069594348497e+04
7.906042337028588163e-01 9.736877367068913372e+03
8.685112768820903995e-01 9.127150702438779263e+03
9.540953689793428838e-01 8.518524677609620994e+03
1.048113015153642191e+00 0.000000000000000000e+00
