1.048113066601954503e-02 1.304025894034573575e+05
1.151395323963562076e-02 0.000000000000000000e+00
1.264855132798976302e-02 8.696252450358480564e+04
1.389495400641860279e-02 1.038334598353422189e+05
1.526417862678452857e-02 1.044253838148964860e+05
1.676832820337198493e-02 0.000000000000000000e+00
1.842069839530119726e-02 5.442344759386272199e+04
2.023589503111089191e-02 7.761019338007678743e+04
2.222996321434766651e-02 7.067362115487665869e+04
2.442052915136719640e-02 1.147784922359007032e+05
2.682695595500901239e-02 8.619138801402659738e+04
2.947051480134291537e-02 7.270465712858895131e+04
3.237457295239669353e-02 7.918249731959370547e+04
3.556480030685772731e-02 7.943567995598790003e+04
3.906939630451649464e-02 6.357293118523500016e+04
4.291933919013282694e-02 6.147273273427900131e+04
4.714865984004791566e-02 5.663477798474087467e+04
5.179474257198286163e-02 5.177854028798596119e+04
5.689865559697841746e-02 4.901473927068688499e+04
6.250551403444545850e-02 4.631010718912819721e+04
6.866487869913283359e-02 4.388541935594269307e+04
7.543119418501802176e-02 3.957078490399838483e+04
8.286427011848424007e-02 3.509334347093016549e+04
9.102980983473445142e-02 3.014507952143483271e+04
9.999999115058272325e-02 2.609556259550022151e+04
1.098541043672585787e-01 2.354930072374145675e+04
1.206792531427361148e-01 2.146611787662683128e+04
1.325711244288214907e-01 1.974837590059276772e+04
1.456348342787200378e-01 1.802790593379122220e+04
1.599858570014452974e-01 1.545095683706063937e+04
1.757510458761641914e-01 1.389311785333209627e+04
1.930697544488981787e-01 1.269911202455849525e+04
2.120950683230800604e-01 1.146773176798975146e+04
2.329951583321586417e-01 1.042074917299281515e+04
2.559547670553742882e-01 9.461713035338274494e+03
2.811768418164965477e-01 8.610143482808272893e+03
3.088843286001189403e-01 7.898089813531440086e+03
3.393221427425128778e-01 7.214866532012894822e+03
3.727593338166072523e-01 6.723764453997913733e+03
4.094914638472018087e-01 6.246773787051680301e+03
4.498432198782237879e-01 5.798537784225532050e+03
4.941712839853393824e-01 5.405012351032825791e+03
5.428674861028858212e-01 5.057574122606556557e+03
5.963622675339625978e-01 4.756385386640052275e+03
6.551284857587630350e-01 4.467405361192378223e+03
7.196855941730535555e-01 4.196981834605395306e+03
7.906042337028588163e-01 3.960846968440237106e+03
8.685112768820903995e-01 3.739258911918374906e+03
9.540953689793428838e-01 3.526918920820408857e+03
1.048113015153642191e+00 0.000000000000000000e+00
