1.048113066601954503e-02 1.825897495237223920e+05
1.151395323963562076e-02 0.000000000000000000e+00
1.264855132798976302e-02 5.104754502500962553e+04
1.389495400641860279e-02 6.836189754780041403e+04
1.526417862678452857e-02 1.115169634481903049e+05
1.676832820337198493e-02 0.000000000000000000e+00
1.842069839530119726e-02 1.052113685317145864e+05
2.023589503111089191e-02 1.251576526876005519e+05
2.222996321434766651e-02 1.072545084604429139e+05
2.442052915136719640e-02 1.303272081991125015e+05
2.682695595500901239e-02 1.057292549333039206e+05
2.947051480134291537e-02 8.858713547661139455e+04
3.237457295239669353e-02 7.041531232068814279e+04
3.556480030685772731e-02 6.312442549110954860e+04
3.906939630451649464e-02 6.139612785426169285e+04
4.291933919013282694e-02 5.588762611060545896e+04
4.714865984004791566e-02 5.413984530986833852e+04
5.179474257198286163e-02 5.348621071476522775e+04
5.689865559697841746e-02 4.769728783044357988e+04
6.250551403444545850e-02 4.624770690949328127e+04
6.866487869913283359e-02 4.278608366987182671e+04
7.543119418501802176e-02 3.682704645449446252e+04
8.286427011848424007e-02 3.259939289733010810e+04
9.102980983473445142e-02 2.999093238822843705e+04
9.999999115058272325e-02 2.591530483648238442e+04
1.098541043672585787e-01 2.243147227755432687e+04
1.206792531427361148e-01 2.205565560355190610e+04
1.325711244288214907e-01 1.880931245145116554e+04
1.456348342787200378e-01 1.666502258427102061e+04
1.599858570014452974e-01 1.457072637571201449e+04
1.757510458761641914e-01 1.316938566556963269e+04
1.930697544488981787e-01 1.195731722202500350e+04
2.120950683230800604e-01 1.069078166999620043e+04
2.329951583321586417e-01 9.504643115456847227e+03
2.559547670553742882e-01 8.619988037861970952e+03
2.811768418164965477e-01 7.852948210875505538e+03
3.088843286001189403e-01 7.106912389553754110e+03
3.393221427425128778e-01 6.463542742726087454e+03
3.727593338166072523e-01 5.936797844029744738e+03
4.094914638472018087e-01 5.448708933129968500e+03
4.498432198782237879e-01 5.040267925727436705e+03
4.941712839853393824e-01 4.674686026711375234e+03
5.428674861028858212e-01 4.344713362358923405e+03
5.963622675339625978e-01 4.055126865331952558e+03
6.551284857587630350e-01 3.797822620818680662e+03
7.196855941730535555e-01 3.555367407347210246e+03
7.906042337028588163e-01 3.343404251592673063e+03
8.685112768820903995e-01 3.141225622242517602e+03
9.540953689793428838e-01 2.954754554884711069e+03
1.048113015153642191e+00 0.000000000000000000e+00
