1.048113066601954503e-02 5.012036045738298708e+04
1.151395323963562076e-02 0.000000000000000000e+00
1.264855132798976302e-02 4.491740856283642643e+04
1.389495400641860279e-02 6.495173667456133990e+04
1.526417862678452857e-02 4.069466781231029017e+04
1.676832820337198493e-02 0.000000000000000000e+00
1.842069839530119726e-02 5.291083500827843091e+04
2.023589503111089191e-02 6.135269387037033448e+04
2.222996321434766651e-02 4.221955148611683398e+04
2.442052915136719640e-02 4.104135019516851753e+04
2.682695595500901239e-02 5.060428004067910661e+04
2.947051480134291537e-02 6.748976143983047223e+04
3.237457295239669353e-02 5.261896726613787177e+04
3.556480030685772731e-02 4.818385125688767585e+04
3.906939630451649464e-02 5.422636951867077005e+04
4.291933919013282694e-02 5.164407083188589604e+04
4.714865984004791566e-02 4.666539183674002561e+04
5.179474257198286163e-02 4.320294368683812354e+04
5.689865559697841746e-02 4.369728312913067930e+04
6.250551403444545850e-02 4.262412494645219704e+04
6.866487869913283359e-02 4.065594901895221847e+04
7.543119418501802176e-02 4.009105693641965627e+04
8.286427011848424007e-02 3.701613610967407294e+04
9.102980983473445142e-02 3.306951887519346201e+04
9.999999115058272325e-02 2.987843500101149402e+04
1.098541043672585787e-01 2.718418433397623448e+04
1.206792531427361148e-01 2.626618083679965275e+04
1.325711244288214907e-01 2.433083111919590010e+04
1.456348342787200378e-01 2.243546370455681244e+04
1.599858570014452974e-01 2.005328561085018373e+04
1.757510458761641914e-01 1.825327490513729572e+04
1.930697544488981787e-01 1.700288603354981387e+04
2.120950683230800604e-01 1.569208502542263523e+04
2.329951583321586417e-01 1.421398166189172844e+04
2.559547670553742882e-01 1.329300571450499046e+04
2.811768418164965477e-01 1.227828973923527883e+04
3.088843286001189403e-01 1.154252572114983195e+04
3.393221427425128778e-01 1.074539248600014616e+04
3.727593338166072523e-01 1.005747247908165082e+04
4.094914638472018087e-01 9.485884281823189667e+03
4.498432198782237879e-01 8.992277632517447273e+03
4.941712839853393824e-01 8.492204742164187337e+03
5.428674861028858212e-01 8.105708213273349429e+03
5.963622675339625978e-01 7.742251523023565824e+03
6.551284857587630350e-01 7.393804941878238424e+03
7.196855941730535555e-01 7.066594100463681571e+03
7.906042337028588163e-01 6.757320390820091234e+03
8.685112768820903995e-01 6.459697816636617063e+03
9.540953689793428838e-01 6.184028951224559933e+03
1.048113015153642191e+00 0.000000000000000000e+00
