1.048113066601954503e-02 4.646178520795465374e+03
1.151395323963562076e-02 0.000000000000000000e+00
1.264855132798976302e-02 1.230857135296786328e+04
1.389495400641860279e-02 1.218373356805942058e+04
1.526417862678452857e-02 1.301542180028224720e+04
1.676832820337198493e-02 0.000000000000000000e+00
1.842069839530119726e-02 1.497461577615210626e+04
2.023589503111089191e-02 1.520342082874023617e+04
2.222996321434766651e-02 8.441668172227187824e+03
2.442052915136719640e-02 1.810499866954143727e+04
2.682695595500901239e-02 1.312691896802403244e+04
2.947051480134291537e-02 1.060603479900656021e+04
3.237457295239669353e-02 1.433396016466647779e+04
3.556480030685772731e-02 1.603552767756206595e+04
3.906939630451649464e-02 1.340403606558263164e+04
4.291933919013282694e-02 1.251908703529191007e+04
4.714865984004791566e-02 1.166932502837591710e+04
5.179474257198286163e-02 1.193838749754586570e+04
5.689865559697841746e-02 1.078170492831850970e+04
6.250551403444545850e-02 1.037592933113984509e+04
6.866487869913283359e-02 1.005166923742246763e+04
7.543119418501802176e-02 9.483610697997737589e+03
8.286427011848424007e-02 8.624999931707629003e+03
9.102980983473445142e-02 7.338105389793678114e+03
9.999999115058272325e-02 6.926755496427645994e+03
1.098541043672585787e-01 6.395730371090333392e+03
1.206792531427361148e-01 5.897997275512376291e+03
1.325711244288214907e-01 5.411900386527363480e+03
1.456348342787200378e-01 4.791720208781821384e+03
1.599858570014452974e-01 4.300490749897186106e+03
1.757510458761641914e-01 3.827129547366315819e+03
1.930697544488981787e-01 3.468471926357132361e+03
2.120950683230800604e-01 3.073059268689426062e+03
2.329951583321586417e-01 2.729246865188939410e+03
2.559547670553742882e-01 2.491229836077187429e+03
2.811768418164965477e-01 2.234659627502103831e+03
3.088843286001189403e-01 2.013701055755186871e+03
3.393221427425128778e-01 1.824539639539839527e+03
3.727593338166072523e-01 1.657056344915217323e+03
4.094914638472018087e-01 1.516686224295966895e+03
4.498432198782237879e-01 1.388580569181402097e+03
4.941712839853393824e-01 1.274988884653760351e+03
5.428674861028858212e-01 1.174360382840003922e+03
5.963622675339625978e-01 1.084556702712689003e+03
6.551284857587630350e-01 1.008585228782314289e+03
7.196855941730535555e-01 9.393629040187471446e+02
7.906042337028588163e-01 8.779673981989903950e+02
8.685112768820903995e-01 8.236611591027303803e+02
9.540953689793428838e-01 7.742562404202601556e+02
1.048113015153642191e+00 0.000000000000000000e+00
