1.048113066601954503e-02 1.302088865852650197e+05
1.151395323963562076e-02 0.000000000000000000e+00
1.264855132798976302e-02 1.042323562668103696e+05
1.389495400641860279e-02 4.937241953276299319e+04
1.526417862678452857e-02 1.091846422700259427e+05
1.676832820337198493e-02 0.000000000000000000e+00
1.842069839530119726e-02 9.702177450004413549e+04
2.023589503111089191e-02 1.167875077701921982e+05
2.222996321434766651e-02 1.531729170345378225e+05
2.442052915136719640e-02 7.038321214682536083e+04
2.682695595500901239e-02 9.879278457983804401e+04
2.947051480134291537e-02 8.171803731572197285e+04
3.237457295239669353e-02 8.170518115053993824e+04
3.556480030685772731e-02 6.303450991277939465e+04
3.906939630451649464e-02 7.392864206678493065e+04
4.291933919013282694e-02 6.284178652384591987e+04
4.714865984004791566e-02 5.397486037546867738e+04
5.179474257198286163e-02 5.275141033741897991e+04
5.689865559697841746e-02 4.884442242045947205e+04
6.250551403444545850e-02 4.312713591779998387e+04
6.866487869913283359e-02 4.469727757327695144e+04
7.543119418501802176e-02 4.152504884157913330e+04
8.286427011848424007e-02 3.553249600923023536e+04
9.102980983473445142e-02 3.038843749548816413e+04
9.999999115058272325e-02 2.548532428186751349e+04
1.098541043672585787e-01 2.312509604132284221e+04
1.206792531427361148e-01 2.132161604049126618e+04
1.325711244288214907e-01 2.007929450124816867e+04
1.456348342787200378e-01 1.771865726473295945e+04
1.599858570014452974e-01 1.480739515911051421e+04
1.757510458761641914e-01 1.328384614411558869e+04
1.930697544488981787e-01 1.206481582140891078e+04
2.120950683230800604e-01 1.100764501918804126e+04
2.329951583321586417e-01 9.786602489606309973e+03
2.559547670553742882e-01 8.988117200833672541e+03
2.811768418164965477e-01 8.108084999885299112e+03
3.088843286001189403e-01 7.422925270050691324e+03
3.393221427425128778e-01 6.736292843567855016e+03
3.727593338166072523e-01 6.191391699319588952e+03
4.094914638472018087e-01 5.737464973413152620e+03
4.498432198782237879e-01 5.332218011610721078e+03
4.941712839853393824e-01 4.970182415393212068e+03
5.428674861028858212e-01 4.647130520957523913e+03
5.963622675339625978e-01 4.338349505806786510e+03
6.551284857587630350e-01 4.068921655398404255e+03
7.196855941730535555e-01 3.831444089819111468e+03
7.906042337028588163e-01 3.606871433060336585e+03
8.685112768820903995e-01 3.402359066901770802e+03
9.540953689793428838e-01 3.208937611104983262e+03
1.048113015153642191e+00 0.000000000000000000e+00
