1.048113066601954503e-02 2.590638611242874758e+05
1.151395323963562076e-02 0.000000000000000000e+00
1.264855132798976302e-02 8.242924614901628811e+05
1.389495400641860279e-02 4.693664951647281414e+05
1.526417862678452857e-02 3.710393684918016661e+05
1.676832820337198493e-02 0.000000000000000000e+00
1.842069839530119726e-02 3.843099486973644816e+05
2.023589503111089191e-02 3.913268062278429279e+05
2.222996321434766651e-02 2.777083305893263314e+05
2.442052915136719640e-02 2.451695234906273545e+05
2.682695595500901239e-02 1.782852322338186495e+05
2.947051480134291537e-02 1.674742248931793147e+05
3.237457295239669353e-02 1.206657780067457061e+05
3.556480030685772731e-02 1.247786623356821947e+05
3.906939630451649464e-02 9.383129061979131075e+04
4.291933919013282694e-02 7.424441064931280562e+04
4.714865984004791566e-02 6.382249609985732241e+04
5.179474257198286163e-02 6.084502162961164140e+04
5.689865559697841746e-02 6.113116847649817646e+04
6.250551403444545850e-02 5.357670719927231403e+04
6.866487869913283359e-02 4.944857219428118697e+04
7.543119418501802176e-02 3.940761877890564210e+04
8.286427011848424007e-02 3.050424335463847092e+04
9.102980983473445142e-02 2.486674830024263429e+04
9.999999115058272325e-02 2.158629581222109118e+04
1.098541043672585787e-01 1.939629736503429740e+04
1.206792531427361148e-01 1.830326519319227737e+04
1.325711244288214907e-01 1.537516692711426003e+04
1.456348342787200378e-01 1.308471354249259457e+04
1.599858570014452974e-01 1.110354427576024318e+04
1.757510458761641914e-01 9.736728040187812439e+03
1.930697544488981787e-01 8.653441402358123014e+03
2.120950683230800604e-01 7.579168673716516423e+03
2.329951583321586417e-01 6.648907381041131885e+03
2.559547670553742882e-01 5.879410107037627313e+03
2.811768418164965477e-01 5.240524032175172579e+03
3.088843286001189403e-01 4.688235053086787957e+03
3.393221427425128778e-01 4.173930190992945427e+03
3.727593338166072523e-01 3.750503279763570390e+03
4.094914638472018087e-01 3.389264961741153456e+03
4.498432198782237879e-01 3.079548574857407857e+03
4.941712839853393824e-01 2.809693661878958665e+03
5.428674861028858212e-01 2.563920051458567741e+03
5.963622675339625978e-01 2.354434764638376237e+03
6.551284857587630350e-01 2.159009861257764896e+03
7.196855941730535555e-01 1.985474554006407743e+03
7.906042337028588163e-01 1.828057947580650534e+03
8.685112768820903995e-01 1.695056899671893916e+03
9.540953689793428838e-01 1.569052133698067792e+03
1.048113015153642191e+00 0.000000000000000000e+00
