1.048113066601954503e-02 2.491800080514969159e+04
1.151395323963562076e-02 0.000000000000000000e+00
1.264855132798976302e-02 1.913238428629230111e+04
1.389495400641860279e-02 2.682259789268320310e+04
1.526417862678452857e-02 4.074399807424043684e+04
1.676832820337198493e-02 0.000000000000000000e+00
1.842069839530119726e-02 4.785547525310816127e+04
2.023589503111089191e-02 3.627970240275695687e+04
2.222996321434766651e-02 4.237269365997239947e+04
2.442052915136719640e-02 2.180355269429147666e+04
2.682695595500901239e-02 2.518963067882572432e+04
2.947051480134291537e-02 2.863857742713014159e+04
3.237457295239669353e-02 2.450793131546252334e+04
3.556480030685772731e-02 2.505329239097682148e+04
3.906939630451649464e-02 2.473027116473917704e+04
4.291933919013282694e-02 2.073762382391736901e+04
4.714865984004791566e-02 1.838555426719573006e+04
5.179474257198286163e-02 1.747196269725459933e+04
5.689865559697841746e-02 1.657088267025659297e+04
6.250551403444545850e-02 1.558897695669231325e+04
6.866487869913283359e-02 1.530758592308811785e+04
7.543119418501802176e-02 1.395598774051532382e+04
8.286427011848424007e-02 1.138683960893559743e+04
9.102980983473445142e-02 9.864692698428085350e+03
9.999999115058272325e-02 8.560259884836483252e+03
1.098541043672585787e-01 7.904241552337542089e+03
1.206792531427361148e-01 7.313424501394003528e+03
1.325711244288214907e-01 6.533439640299769053e+03
1.456348342787200378e-01 5.529000472592130791e+03
1.599858570014452974e-01 4.928788159536726198e+03
1.757510458761641914e-01 4.401905046620177927e+03
1.930697544488981787e-01 3.866552931770048872e+03
2.120950683230800604e-01 3.400437827492980432e+03
2.329951583321586417e-01 3.014194829198311709e+03
2.559547670553742882e-01 2.704509923301541676e+03
2.811768418164965477e-01 2.423651929085380289e+03
3.088843286001189403e-01 2.148878806239274127e+03
3.393221427425128778e-01 1.933472840008167168e+03
3.727593338166072523e-01 1.739395152723807769e+03
4.094914638472018087e-01 1.572500929285577058e+03
4.498432198782237879e-01 1.432523855883644956e+03
4.941712839853393824e-01 1.303884641596359415e+03
5.428674861028858212e-01 1.192048628877788360e+03
5.963622675339625978e-01 1.096955511043852539e+03
6.551284857587630350e-01 1.009825117047611457e+03
7.196855941730535555e-01 9.342236000860316381e+02
7.906042337028588163e-01 8.654357019722394853e+02
8.685112768820903995e-01 8.039578929004223937e+02
9.540953689793428838e-01 7.486300330585678466e+02
1.048113015153642191e+00 0.000000000000000000e+00
