1.048113066601954503e-02 5.131128715275855939e+04
1.151395323963562076e-02 0.000000000000000000e+00
1.264855132798976302e-02 3.389275899994074280e+04
1.389495400641860279e-02 3.553971777918437874e+04
1.526417862678452857e-02 2.754001800584115335e+04
1.676832820337198493e-02 0.000000000000000000e+00
1.842069839530119726e-02 4.101412713683673792e+04
2.023589503111089191e-02 3.589144981781386014e+04
2.222996321434766651e-02 3.898874965632538078e+04
2.442052915136719640e-02 2.831721102436155707e+04
2.682695595500901239e-02 4.912283305351807212e+04
2.947051480134291537e-02 4.059112991931862780e+04
3.237457295239669353e-02 3.447545050678949337e+04
3.556480030685772731e-02 3.751245932049251860e+04
3.906939630451649464e-02 2.897275873964975835e+04
4.291933919013282694e-02 3.079120975388375518e+04
4.714865984004791566e-02 2.884089373942572274e+04
5.179474257198286163e-02 2.549854816121264957e+04
5.689865559697841746e-02 2.496851875639873106e+04
6.250551403444545850e-02 2.195765456916490439e+04
6.866487869913283359e-02 2.094849570450445026e+04
7.543119418501802176e-02 2.056017542578623761e+04
8.286427011848424007e-02 1.806474310922293444e+04
9.102980983473445142e-02 1.560145472463089391e+04
9.999999115058272325e-02 1.389105949920262537e+04
1.098541043672585787e-01 1.215388873883884116e+04
1.206792531427361148e-01 1.166124026252142176e+04
1.325711244288214907e-01 1.061354689120303010e+04
1.456348342787200378e-01 9.629248792982718442e+03
1.599858570014452974e-01 8.173717159471050763e+03
1.757510458761641914e-01 7.411793736718713262e+03
1.930697544488981787e-01 6.766856068719811446e+03
2.120950683230800604e-01 5.994968649755453043e+03
2.329951583321586417e-01 5.274015717844785286e+03
2.559547670553742882e-01 4.798511092305752754e+03
2.811768418164965477e-01 4.313478833527608003e+03
3.088843286001189403e-01 3.888220828782316858e+03
3.393221427425128778e-01 3.524871201170497443e+03
3.727593338166072523e-01 3.202886422904359733e+03
4.094914638472018087e-01 2.915160828641517128e+03
4.498432198782237879e-01 2.671437973164398500e+03
4.941712839853393824e-01 2.467170295025005998e+03
5.428674861028858212e-01 2.274164754543849085e+03
5.963622675339625978e-01 2.112346601609619938e+03
6.551284857587630350e-01 1.960745092372487761e+03
7.196855941730535555e-01 1.823527400335661468e+03
7.906042337028588163e-01 1.707605987800712001e+03
8.685112768820903995e-01 1.600586425908610636e+03
9.540953689793428838e-01 1.503897841673583116e+03
1.048113015153642191e+00 0.000000000000000000e+00
