1.048113066601954503e-02 1.668296464116199350e+05
1.151395323963562076e-02 0.000000000000000000e+00
1.264855132798976302e-02 1.169333121467973106e+05
1.389495400641860279e-02 9.377494490186095936e+04
1.526417862678452857e-02 1.452217954892415437e+05
1.676832820337198493e-02 0.000000000000000000e+00
1.842069839530119726e-02 1.079932002187374019e+05
2.023589503111089191e-02 1.290585404323459807e+05
2.222996321434766651e-02 7.413655685320435441e+04
2.442052915136719640e-02 1.289918173604166659e+05
2.682695595500901239e-02 1.127711149497605220e+05
2.947051480134291537e-02 9.992978197041300882e+04
3.237457295239669353e-02 8.832099806534466916e+04
3.556480030685772731e-02 7.564880883523024386e+04
3.906939630451649464e-02 9.787227084062201902e+04
4.291933919013282694e-02 7.302777546301551047e+04
4.714865984004791566e-02 7.608924625801065122e+04
5.179474257198286163e-02 6.667648677576732007e+04
5.689865559697841746e-02 6.474752589415042894e+04
6.250551403444545850e-02 5.836132488990177808e+04
6.866487869913283359e-02 5.631724382610959583e+04
7.543119418501802176e-02 5.111399083779936336e+04
8.286427011848424007e-02 4.299031209499698161e+04
9.102980983473445142e-02 3.787446027737042459e+04
9.999999115058272325e-02 3.470492800397139217e+04
1.098541043672585787e-01 3.205425141173987868e+04
1.206792531427361148e-01 3.012667738741267021e+04
1.325711244288214907e-01 2.526057602816601866e+04
1.456348342787200378e-01 2.311521811314276420e+04
1.599858570014452974e-01 2.049245409901973471e+04
1.757510458761641914e-01 1.865798049118723429e+04
1.930697544488981787e-01 1.686859700738564061e+04
2.120950683230800604e-01 1.514933770885246304e+04
2.329951583321586417e-01 1.365443226978432722e+04
2.559547670553742882e-01 1.252573514771448026e+04
2.811768418164965477e-01 1.138885495548693143e+04
3.088843286001189403e-01 1.041779240371786727e+04
3.393221427425128778e-01 9.636447370881414827e+03
3.727593338166072523e-01 8.911002877099024772e+03
4.094914638472018087e-01 8.284649696039798073e+03
4.498432198782237879e-01 7.720767437756858271e+03
4.941712839853393824e-01 7.199183262382474823e+03
5.428674861028858212e-01 6.744070470243132149e+03
5.963622675339625978e-01 6.347849206157085064e+03
6.551284857587630350e-01 5.989713340175296253e+03
7.196855941730535555e-01 5.652991306958913810e+03
7.906042337028588163e-01 5.349790411949657027e+03
8.685112768820903995e-01 5.067804502883514942e+03
9.540953689793428838e-01 4.815733345450355046e+03
1.048113015153642191e+00 0.000000000000000000e+00
