1.048113066601954503e-02 3.021825781495942647e+04
1.151395323963562076e-02 0.000000000000000000e+00
1.264855132798976302e-02 8.178946250195731409e+03
1.389495400641860279e-02 1.462368206323255072e+04
1.526417862678452857e-02 2.380854995584517019e+04
1.676832820337198493e-02 0.000000000000000000e+00
1.842069839530119726e-02 1.782556293391031068e+04
2.023589503111089191e-02 2.276905357655746775e+04
2.222996321434766651e-02 3.055264902970724870e+04
2.442052915136719640e-02 3.424834898115556280e+04
2.682695595500901239e-02 3.199039869420754258e+04
2.947051480134291537e-02 3.409178775562351802e+04
3.237457295239669353e-02 2.295922679227735716e+04
3.556480030685772731e-02 2.693650781180974445e+04
3.906939630451649464e-02 2.403493222834898916e+04
4.291933919013282694e-02 2.093013216604717672e+04
4.714865984004791566e-02 2.207354845474665490e+04
5.179474257198286163e-02 2.077195101278922812e+04
5.689865559697841746e-02 1.911787089250710051e+04
6.250551403444545850e-02 1.908444380747893956e+04
6.866487869913283359e-02 1.784870342040186733e+04
7.543119418501802176e-02 1.715551795509584190e+04
8.286427011848424007e-02 1.568891039144874230e+04
9.102980983473445142e-02 1.458818773228241844e+04
9.999999115058272325e-02 1.281703097581875591e+04
1.098541043672585787e-01 1.192985669238691480e+04
1.206792531427361148e-01 1.092694165285766940e+04
1.325711244288214907e-01 9.677066137899204477e+03
1.456348342787200378e-01 8.901548198677335677e+03
1.599858570014452974e-01 8.094855972551249579e+03
1.757510458761641914e-01 7.308454181332982444e+03
1.930697544488981787e-01 6.638376298892178966e+03
2.120950683230800604e-01 6.051230503800913539e+03
2.329951583321586417e-01 5.412815697211839506e+03
2.559547670553742882e-01 5.002285825970254336e+03
2.811768418164965477e-01 4.568156037608205224e+03
3.088843286001189403e-01 4.157175636974282497e+03
3.393221427425128778e-01 3.860355811868967521e+03
3.727593338166072523e-01 3.540516909980301534e+03
4.094914638472018087e-01 3.292255154321579539e+03
4.498432198782237879e-01 3.055466969919459189e+03
4.941712839853393824e-01 2.866029181230847371e+03
5.428674861028858212e-01 2.676461582455222015e+03
5.963622675339625978e-01 2.517567751556246094e+03
6.551284857587630350e-01 2.374382716405804786e+03
7.196855941730535555e-01 2.245285737425221669e+03
7.906042337028588163e-01 2.115713149903206613e+03
8.685112768820903995e-01 1.996786258955915855e+03
9.540953689793428838e-01 1.885408354689545604e+03
1.048113015153642191e+00 0.000000000000000000e+00
