1.048113066601954503e-02 3.399965787967693177e+04
1.151395323963562076e-02 0.000000000000000000e+00
1.264855132798976302e-02 3.613283472557945061e+04
1.389495400641860279e-02 1.824768888264819179e+04
1.526417862678452857e-02 2.597337195857717961e+04
1.676832820337198493e-02 0.000000000000000000e+00
1.842069839530119726e-02 3.638426467200424668e+04
2.023589503111089191e-02 2.529690998979107826e+04
2.222996321434766651e-02 3.849324940051019075e+04
2.442052915136719640e-02 3.235477614348575662e+04
2.682695595500901239e-02 3.131980015346815344e+04
2.947051480134291537e-02 3.510194994005177432e+04
3.237457295239669353e-02 2.603509865024283135e+04
3.556480030685772731e-02 3.235159956300839985e+04
3.906939630451649464e-02 3.216036859071967410e+04
4.291933919013282694e-02 3.438015380085278593e+04
4.714865984004791566e-02 2.928545649904589663e+04
5.179474257198286163e-02 2.958945278295658500e+04
5.689865559697841746e-02 2.788244892626387809e+04
6.250551403444545850e-02 2.810371316829537682e+04
6.866487869913283359e-02 2.771932750741564450e+04
7.543119418501802176e-02 2.521310351842891396e+04
8.286427011848424007e-02 2.539208149418278845e+04
9.102980983473445142e-02 2.279711003034950772e+04
9.999999115058272325e-02 2.067460500198368027e+04
1.098541043672585787e-01 1.866618370657947889e+04
1.206792531427361148e-01 1.774594114738542703e+04
1.325711244288214907e-01 1.659248788356541627e+04
1.456348342787200378e-01 1.542188359395877706e+04
1.599858570014452974e-01 1.420996556144484930e+04
1.757510458761641914e-01 1.280996300481630169e+04
1.930697544488981787e-01 1.190101724897834720e+04
2.120950683230800604e-01 1.105056347894413557e+04
2.329951583321586417e-01 1.009525741370857031e+04
2.559547670553742882e-01 9.297836677548179068e+03
2.811768418164965477e-01 8.619402101376015708e+03
3.088843286001189403e-01 8.018270547347210595e+03
3.393221427425128778e-01 7.530811621952969290e+03
3.727593338166072523e-01 7.049910450643481454e+03
4.094914638472018087e-01 6.654020546112374177e+03
4.498432198782237879e-01 6.303039740624730257e+03
4.941712839853393824e-01 5.950574036200530827e+03
5.428674861028858212e-01 5.663389813691077507e+03
5.963622675339625978e-01 5.411422970819346119e+03
6.551284857587630350e-01 5.165849949322104294e+03
7.196855941730535555e-01 4.926516381974091018e+03
7.906042337028588163e-01 4.714544164541242026e+03
8.685112768820903995e-01 4.503147976134432611e+03
9.540953689793428838e-01 4.307723347607377036e+03
1.048113015153642191e+00 0.000000000000000000e+00
