1.048113066601954503e-02 3.757476918350267806e+04
1.151395323963562076e-02 0.000000000000000000e+00
1.264855132798976302e-02 3.119333533206352877e+04
1.389495400641860279e-02 2.698012352054478833e+04
1.526417862678452857e-02 3.162906369881569117e+04
1.676832820337198493e-02 0.000000000000000000e+00
1.842069839530119726e-02 3.576389241320092697e+04
2.023589503111089191e-02 3.182651039449404198e+04
2.222996321434766651e-02 3.653161587761005649e+04
2.442052915136719640e-02 5.189428937561390921e+04
2.682695595500901239e-02 3.861044855618192378e+04
2.947051480134291537e-02 3.261022661450832675e+04
3.237457295239669353e-02 4.523276092558517121e+04
3.556480030685772731e-02 3.577015643964302581e+04
3.906939630451649464e-02 4.106115872223107726e+04
4.291933919013282694e-02 4.056309938091194635e+04
4.714865984004791566e-02 3.339758576727154286e+04
5.179474257198286163e-02 3.066768193480725313e+04
5.689865559697841746e-02 3.168096919241953219e+04
6.250551403444545850e-02 3.196358894222082017e+04
6.866487869913283359e-02 3.246073908671375102e+04
7.543119418501802176e-02 3.029240608844534290e+04
8.286427011848424007e-02 2.715104663478718430e+04
9.102980983473445142e-02 2.578975539733947153e+04
9.999999115058272325e-02 2.393396353055920190e+04
1.098541043672585787e-01 2.067407867132499086e+04
1.206792531427361148e-01 1.947012775997552308e+04
1.325711244288214907e-01 1.810522652817483322e+04
1.456348342787200378e-01 1.702006603723428634e+04
1.599858570014452974e-01 1.553761107711083969e+04
1.757510458761641914e-01 1.361887759910666500e+04
1.930697544488981787e-01 1.272936588206514534e+04
2.120950683230800604e-01 1.174631567008619459e+04
2.329951583321586417e-01 1.071225426803061782e+04
2.559547670553742882e-01 9.788129539721687252e+03
2.811768418164965477e-01 9.049393318025184271e+03
3.088843286001189403e-01 8.434800178625446279e+03
3.393221427425128778e-01 7.796806381430755209e+03
3.727593338166072523e-01 7.261583776459244291e+03
4.094914638472018087e-01 6.818103594317781244e+03
4.498432198782237879e-01 6.416243881104532193e+03
4.941712839853393824e-01 6.076577905134765388e+03
5.428674861028858212e-01 5.755663700705863448e+03
5.963622675339625978e-01 5.448226710695152178e+03
6.551284857587630350e-01 5.200900831825109890e+03
7.196855941730535555e-01 4.954645129105432716e+03
7.906042337028588163e-01 4.737260254870897370e+03
8.685112768820903995e-01 4.534450944159998471e+03
9.540953689793428838e-01 4.339775408506738131e+03
1.048113015153642191e+00 0.000000000000000000e+00
