1.048113066601954503e-02 5.639164833856790792e+05
1.151395323963562076e-02 0.000000000000000000e+00
1.264855132798976302e-02 2.870274118546651443e+05
1.389495400641860279e-02 2.765020378063681419e+05
1.526417862678452857e-02 4.418702093057947350e+05
1.676832820337198493e-02 0.000000000000000000e+00
1.842069839530119726e-02 3.899726653711218969e+05
2.023589503111089191e-02 3.048855448826439097e+05
2.222996321434766651e-02 1.969257442358882399e+05
2.442052915136719640e-02 2.603303150882949121e+05
2.682695595500901239e-02 2.183493808762881090e+05
2.947051480134291537e-02 1.726756668685092882e+05
3.237457295239669353e-02 1.491040640436355025e+05
3.556480030685772731e-02 1.343582950727432035e+05
3.906939630451649464e-02 1.299241875382493308e+05
4.291933919013282694e-02 1.284619479007159098e+05
4.714865984004791566e-02 1.064643455449962494e+05
5.179474257198286163e-02 1.018255665643105458e+05
5.689865559697841746e-02 9.841988315501765464e+04
6.250551403444545850e-02 9.663595957520681259e+04
6.866487869913283359e-02 7.765537978633801686e+04
7.543119418501802176e-02 5.957694176456025889e+04
8.286427011848424007e-02 4.942520154039424961e+04
9.102980983473445142e-02 4.471171429160000844e+04
9.999999115058272325e-02 4.508817974525182217e+04
1.098541043672585787e-01 4.112322806929901708e+04
1.206792531427361148e-01 3.397963848365867307e+04
1.325711244288214907e-01 2.890459950809616930e+04
1.456348342787200378e-01 2.697557437167506578e+04
1.599858570014452974e-01 2.515873524573792383e+04
1.757510458761641914e-01 2.217121167435017560e+04
1.930697544488981787e-01 2.004763323969540579e+04
2.120950683230800604e-01 1.794649453792439090e+04
2.329951583321586417e-01 1.633460592428327436e+04
2.559547670553742882e-01 1.482928236525845932e+04
2.811768418164965477e-01 1.360464699138830656e+04
3.088843286001189403e-01 1.257321485129651774e+04
3.393221427425128778e-01 1.156949731365582193e+04
3.727593338166072523e-01 1.075772273135396244e+04
4.094914638472018087e-01 1.008046690460963327e+04
4.498432198782237879e-01 9.379789396677566401e+03
4.941712839853393824e-01 8.805146233590428892e+03
5.428674861028858212e-01 8.281274600560807812e+03
5.963622675339625978e-01 7.796328998361857884e+03
6.551284857587630350e-01 7.372246173159992395e+03
7.196855941730535555e-01 6.952622207032478400e+03
7.906042337028588163e-01 6.548862339205741591e+03
8.685112768820903995e-01 6.174033158274177367e+03
9.540953689793428838e-01 5.829140750138330986e+03
1.048113015153642191e+00 0.000000000000000000e+00
