1.048113066601954503e-02 7.236246353171786177e+04
1.151395323963562076e-02 0.000000000000000000e+00
1.264855132798976302e-02 7.389940038190758787e+04
1.389495400641860279e-02 6.289134990310668945e+04
1.526417862678452857e-02 8.410262143497305806e+04
1.676832820337198493e-02 0.000000000000000000e+00
1.842069839530119726e-02 8.446676967896286806e+04
2.023589503111089191e-02 1.427575329493620957e+05
2.222996321434766651e-02 7.809828909023970482e+04
2.442052915136719640e-02 7.135721525355092308e+04
2.682695595500901239e-02 9.535915729406196624e+04
2.947051480134291537e-02 9.005484193566528847e+04
3.237457295239669353e-02 9.548704598018864635e+04
3.556480030685772731e-02 6.042102713968497119e+04
3.906939630451649464e-02 8.187094937493534235e+04
4.291933919013282694e-02 6.622193039172960562e+04
4.714865984004791566e-02 6.502309988115373562e+04
5.179474257198286163e-02 6.477966570055462944e+04
5.689865559697841746e-02 5.886127625460074341e+04
6.250551403444545850e-02 5.445691721571421658e+04
6.866487869913283359e-02 5.527354723379523057e+04
7.543119418501802176e-02 4.886964244332314411e+04
8.286427011848424007e-02 4.288385573911092069e+04
9.102980983473445142e-02 3.958870076294741011e+04
9.999999115058272325e-02 3.431563534142154094e+04
1.098541043672585787e-01 3.145094973217098232e+04
1.206792531427361148e-01 2.956093198894511443e+04
1.325711244288214907e-01 2.677215282526125156e+04
1.456348342787200378e-01 2.351538844482804416e+04
1.599858570014452974e-01 2.177105060825243709e+04
1.757510458761641914e-01 1.931175925352006379e+04
1.930697544488981787e-01 1.837964995426856331e+04
2.120950683230800604e-01 1.633363439069006563e+04
2.329951583321586417e-01 1.489870056763910179e+04
2.559547670553742882e-01 1.366945350541351581e+04
2.811768418164965477e-01 1.254568695546715753e+04
3.088843286001189403e-01 1.157673474876990076e+04
3.393221427425128778e-01 1.080128197801187343e+04
3.727593338166072523e-01 9.994771011665503465e+03
4.094914638472018087e-01 9.394562475345917846e+03
4.498432198782237879e-01 8.832623026879744430e+03
4.941712839853393824e-01 8.320272724920312612e+03
5.428674861028858212e-01 7.884487831679951341e+03
5.963622675339625978e-01 7.464239827798842271e+03
6.551284857587630350e-01 7.084634946440824933e+03
7.196855941730535555e-01 6.739926807048310366e+03
7.906042337028588163e-01 6.409925962700321179e+03
8.685112768820903995e-01 6.111794072571609831e+03
9.540953689793428838e-01 5.834249332307077566e+03
1.048113015153642191e+00 0.000000000000000000e+00
