1.048113066601954503e-02 3.014741297100045995e+04
1.151395323963562076e-02 0.000000000000000000e+00
1.264855132798976302e-02 3.204561669514739333e+04
1.389495400641860279e-02 1.618169053923556021e+04
1.526417862678452857e-02 2.304425993002754694e+04
1.676832820337198493e-02 0.000000000000000000e+00
1.842069839530119726e-02 3.226784984135027480e+04
2.023589503111089191e-02 2.242539339101850055e+04
2.222996321434766651e-02 3.413945551052286464e+04
2.442052915136719640e-02 2.868317352378998112e+04
2.682695595500901239e-02 2.777328506590302277e+04
2.947051480134291537e-02 3.112762359231529990e+04
3.237457295239669353e-02 2.309013954682934855e+04
3.556480030685772731e-02 2.867793696356622968e+04
3.906939630451649464e-02 2.850727333277744401e+04
4.291933919013282694e-02 3.046312373180808208e+04
4.714865984004791566e-02 2.594709977245115078e+04
5.179474257198286163e-02 2.621342897837490818e+04
5.689865559697841746e-02 2.470313681015930342e+04
6.250551403444545850e-02 2.489036680669949419e+04
6.866487869913283359e-02 2.454286046867716868e+04
7.543119418501802176e-02 2.231477188974868477e+04
8.286427011848424007e-02 2.246682351601670962e+04
9.102980983473445142e-02 2.016076910614402004e+04
9.999999115058272325e-02 1.827312371645009625e+04
1.098541043672585787e-01 1.648248010947971852e+04
1.206792531427361148e-01 1.566260551541278073e+04
1.325711244288214907e-01 1.463067320134622969e+04
1.456348342787200378e-01 1.358797240536679965e+04
1.599858570014452974e-01 1.250741462867366681e+04
1.757510458761641914e-01 1.126186994884775049e+04
1.930697544488981787e-01 1.045063123404165344e+04
2.120950683230800604e-01 9.692631591497713089e+03
2.329951583321586417e-01 8.841716790317823325e+03
2.559547670553742882e-01 8.132119041600830315e+03
2.811768418164965477e-01 7.528745830561027105e+03
3.088843286001189403e-01 6.992613236123546812e+03
3.393221427425128778e-01 6.557465447970506830e+03
3.727593338166072523e-01 6.129139839001512883e+03
4.094914638472018087e-01 5.775925596781128661e+03
4.498432198782237879e-01 5.462793210770360020e+03
4.941712839853393824e-01 5.149254718303035588e+03
5.428674861028858212e-01 4.893154508652864934e+03
5.963622675339625978e-01 4.668133009125393073e+03
6.551284857587630350e-01 4.449228682356447280e+03
7.196855941730535555e-01 4.236525019577034982e+03
7.906042337028588163e-01 4.047885231231409307e+03
8.685112768820903995e-01 3.860196047143796022e+03
9.540953689793428838e-01 3.686660367646731629e+03
1.048113015153642191e+00 0.000000000000000000e+00
