1.048113066601954503e-02 1.235379013693393063e+05
1.151395323963562076e-02 0.000000000000000000e+00
1.264855132798976302e-02 2.071296382093317225e+05
1.389495400641860279e-02 8.661147572598987608e+04
1.526417862678452857e-02 7.268055859921615047e+04
1.676832820337198493e-02 0.000000000000000000e+00
1.842069839530119726e-02 1.077375853002936055e+05
2.023589503111089191e-02 8.471485179993094062e+04
2.222996321434766651e-02 6.361173112208768725e+04
2.442052915136719640e-02 9.342581940896043670e+04
2.682695595500901239e-02 6.262046566002110194e+04
2.947051480134291537e-02 7.338488043443539937e+04
3.237457295239669353e-02 6.974227964572087512e+04
3.556480030685772731e-02 6.518854146980709629e+04
3.906939630451649464e-02 5.562379548701870954e+04
4.291933919013282694e-02 6.189259675410549971e+04
4.714865984004791566e-02 5.604135884481719404e+04
5.179474257198286163e-02 5.410897511690051761e+04
5.689865559697841746e-02 4.718157089362279658e+04
6.250551403444545850e-02 4.059136292488698382e+04
6.866487869913283359e-02 4.284699388322726008e+04
7.543119418501802176e-02 4.050806613111169281e+04
8.286427011848424007e-02 3.390970604285004083e+04
9.102980983473445142e-02 3.113101377019371284e+04
9.999999115058272325e-02 2.784333907483179064e+04
1.098541043672585787e-01 2.453646077096719091e+04
1.206792531427361148e-01 2.175349206724106261e+04
1.325711244288214907e-01 1.978117954983345771e+04
1.456348342787200378e-01 1.784585505682618168e+04
1.599858570014452974e-01 1.553875594684163298e+04
1.757510458761641914e-01 1.421136973335155926e+04
1.930697544488981787e-01 1.271649574163125544e+04
2.120950683230800604e-01 1.161397709254696747e+04
2.329951583321586417e-01 1.031286851722758365e+04
2.559547670553742882e-01 9.370286370745343447e+03
2.811768418164965477e-01 8.574532637868354868e+03
3.088843286001189403e-01 7.804439595775183989e+03
3.393221427425128778e-01 7.140815731836588384e+03
3.727593338166072523e-01 6.517283318617783152e+03
4.094914638472018087e-01 6.068308341947219560e+03
4.498432198782237879e-01 5.584435022282621503e+03
4.941712839853393824e-01 5.199656085812130186e+03
5.428674861028858212e-01 4.863583006554798885e+03
5.963622675339625978e-01 4.551879838218477744e+03
6.551284857587630350e-01 4.266994662533062183e+03
7.196855941730535555e-01 4.011726791528740250e+03
7.906042337028588163e-01 3.776446388768163160e+03
8.685112768820903995e-01 3.557766477822124671e+03
9.540953689793428838e-01 3.352053582515190556e+03
1.048113015153642191e+00 0.000000000000000000e+00
