1.048113066601954503e-02 1.655995031239931632e+04
1.151395323963562076e-02 0.000000000000000000e+00
1.264855132798976302e-02 2.204332629542290306e+04
1.389495400641860279e-02 1.856572155595895310e+04
1.526417862678452857e-02 1.760646641071594786e+04
1.676832820337198493e-02 0.000000000000000000e+00
1.842069839530119726e-02 2.159956770178353327e+04
2.023589503111089191e-02 1.899909467684250558e+04
2.222996321434766651e-02 1.727234315777793381e+04
2.442052915136719640e-02 2.512857220944924120e+04
2.682695595500901239e-02 2.303655153439026617e+04
2.947051480134291537e-02 2.390407112020262502e+04
3.237457295239669353e-02 2.420909571338636670e+04
3.556480030685772731e-02 2.247562265748618302e+04
3.906939630451649464e-02 2.223835697054487537e+04
4.291933919013282694e-02 2.544090282659244986e+04
4.714865984004791566e-02 2.278207364022872207e+04
5.179474257198286163e-02 2.121412743415621662e+04
5.689865559697841746e-02 1.933928387329164252e+04
6.250551403444545850e-02 1.915843932004242379e+04
6.866487869913283359e-02 1.899262484537320415e+04
7.543119418501802176e-02 1.779402338187562054e+04
8.286427011848424007e-02 1.678958982330542494e+04
9.102980983473445142e-02 1.520861135463491155e+04
9.999999115058272325e-02 1.420749936640137821e+04
1.098541043672585787e-01 1.263289121649935987e+04
1.206792531427361148e-01 1.184026973230095791e+04
1.325711244288214907e-01 1.105531811731874041e+04
1.456348342787200378e-01 1.005705976874817134e+04
1.599858570014452974e-01 8.973481028793843507e+03
1.757510458761641914e-01 8.087236156766633940e+03
1.930697544488981787e-01 7.495867641551305496e+03
2.120950683230800604e-01 6.778160923840875512e+03
2.329951583321586417e-01 6.161619459303506119e+03
2.559547670553742882e-01 5.559137741246046971e+03
2.811768418164965477e-01 5.136886437209623182e+03
3.088843286001189403e-01 4.640180504051297248e+03
3.393221427425128778e-01 4.277137168275599834e+03
3.727593338166072523e-01 3.921984353144868692e+03
4.094914638472018087e-01 3.617463515810418357e+03
4.498432198782237879e-01 3.359772084427784648e+03
4.941712839853393824e-01 3.134547207966414135e+03
5.428674861028858212e-01 2.942457775758030948e+03
5.963622675339625978e-01 2.762280168279266945e+03
6.551284857587630350e-01 2.603092815827652885e+03
7.196855941730535555e-01 2.453329497192624331e+03
7.906042337028588163e-01 2.327458350438952493e+03
8.685112768820903995e-01 2.207361565022392824e+03
9.540953689793428838e-01 2.101307710307899470e+03
1.048113015153642191e+00 0.000000000000000000e+00
