1.048113066601954503e-02 4.934844701564725256e+04
1.151395323963562076e-02 0.000000000000000000e+00
1.264855132798976302e-02 6.108781465890227992e+04
1.389495400641860279e-02 5.308912919875227817e+04
1.526417862678452857e-02 5.735804007198695035e+04
1.676832820337198493e-02 0.000000000000000000e+00
1.842069839530119726e-02 8.720193128320411779e+04
2.023589503111089191e-02 4.951988266571977147e+04
2.222996321434766651e-02 4.777680760070122778e+04
2.442052915136719640e-02 6.178326891072755825e+04
2.682695595500901239e-02 6.001943057640281768e+04
2.947051480134291537e-02 4.145296744762321032e+04
3.237457295239669353e-02 4.953406826255221677e+04
3.556480030685772731e-02 5.062789193587195041e+04
3.906939630451649464e-02 4.145083543421139620e+04
4.291933919013282694e-02 4.293201849143227446e+04
4.714865984004791566e-02 3.605106421424215659e+04
5.179474257198286163e-02 3.287523664582182391e+04
5.689865559697841746e-02 3.073086843380453138e+04
6.250551403444545850e-02 2.963810412884673133e+04
6.866487869913283359e-02 2.929132986929947947e+04
7.543119418501802176e-02 2.725488039700082663e+04
8.286427011848424007e-02 2.375068479982585268e+04
9.102980983473445142e-02 2.227361714215785832e+04
9.999999115058272325e-02 1.766179161863437548e+04
1.098541043672585787e-01 1.642771002061081890e+04
1.206792531427361148e-01 1.501502870111334050e+04
1.325711244288214907e-01 1.367065249962699454e+04
1.456348342787200378e-01 1.215334536735216534e+04
1.599858570014452974e-01 1.057118228639634071e+04
1.757510458761641914e-01 9.175033399854341042e+03
1.930697544488981787e-01 8.409096175762644634e+03
2.120950683230800604e-01 7.493943360078377736e+03
2.329951583321586417e-01 6.640784215171797769e+03
2.559547670553742882e-01 5.999186929608640639e+03
2.811768418164965477e-01 5.432804564940851378e+03
3.088843286001189403e-01 4.863832579199153770e+03
3.393221427425128778e-01 4.432825515893086958e+03
3.727593338166072523e-01 3.991450783095192492e+03
4.094914638472018087e-01 3.658816948061476069e+03
4.498432198782237879e-01 3.368128772990943162e+03
4.941712839853393824e-01 3.097110904599592686e+03
5.428674861028858212e-01 2.859988071712125020e+03
5.963622675339625978e-01 2.652330582104029418e+03
6.551284857587630350e-01 2.462015600596452714e+03
7.196855941730535555e-01 2.303469417228902785e+03
7.906042337028588163e-01 2.155063404601627553e+03
8.685112768820903995e-01 2.020708519227042871e+03
9.540953689793428838e-01 1.901845931756422942e+03
1.048113015153642191e+00 0.000000000000000000e+00
