1.048113066601954503e-02 1.905471685238293139e+04
1.151395323963562076e-02 0.000000000000000000e+00
1.264855132798976302e-02 6.049618092585486011e+04
1.389495400641860279e-02 3.725909585226712079e+04
1.526417862678452857e-02 5.870934665159824362e+04
1.676832820337198493e-02 0.000000000000000000e+00
1.842069839530119726e-02 3.948130880873703427e+04
2.023589503111089191e-02 3.638499095881395624e+04
2.222996321434766651e-02 3.226169969666087854e+04
2.442052915136719640e-02 2.937846713102257127e+04
2.682695595500901239e-02 4.941424810747300944e+04
2.947051480134291537e-02 3.617055749506327993e+04
3.237457295239669353e-02 3.485298199817806017e+04
3.556480030685772731e-02 3.271359658256455441e+04
3.906939630451649464e-02 3.236032016733398268e+04
4.291933919013282694e-02 3.126856532216065534e+04
4.714865984004791566e-02 2.961593357708041367e+04
5.179474257198286163e-02 2.537938535996616338e+04
5.689865559697841746e-02 2.529058703654736746e+04
6.250551403444545850e-02 2.359654259701778210e+04
6.866487869913283359e-02 2.112010699423834740e+04
7.543119418501802176e-02 2.059040052282299439e+04
8.286427011848424007e-02 1.854935794071892451e+04
9.102980983473445142e-02 1.586117578492031680e+04
9.999999115058272325e-02 1.421024769905619178e+04
1.098541043672585787e-01 1.296622756750095687e+04
1.206792531427361148e-01 1.172117013127187056e+04
1.325711244288214907e-01 1.012345222753898997e+04
1.456348342787200378e-01 9.468064281972485333e+03
1.599858570014452974e-01 8.307194658781367252e+03
1.757510458761641914e-01 7.238915146050506337e+03
1.930697544488981787e-01 6.473998878704707749e+03
2.120950683230800604e-01 5.858386309373972836e+03
2.329951583321586417e-01 5.191269496001991683e+03
2.559547670553742882e-01 4.666212190592640582e+03
2.811768418164965477e-01 4.198917692395041740e+03
3.088843286001189403e-01 3.793224729930893773e+03
3.393221427425128778e-01 3.457247194724141082e+03
3.727593338166072523e-01 3.136052925740037608e+03
4.094914638472018087e-01 2.879195620370500819e+03
4.498432198782237879e-01 2.637592770790250142e+03
4.941712839853393824e-01 2.430947364849217138e+03
5.428674861028858212e-01 2.255223480243389531e+03
5.963622675339625978e-01 2.089876243600126145e+03
6.551284857587630350e-01 1.944600911229597841e+03
7.196855941730535555e-01 1.816974539151253566e+03
7.906042337028588163e-01 1.701709741319428531e+03
8.685112768820903995e-01 1.589910979314542146e+03
9.540953689793428838e-01 1.491504157420958791e+03
1.048113015153642191e+00 0.000000000000000000e+00
