1.048113066601954503e-02 1.081365711145057430e+05
1.151395323963562076e-02 0.000000000000000000e+00
1.264855132798976302e-02 9.679331180846318603e+04
1.389495400641860279e-02 1.242095405308779154e+05
1.526417862678452857e-02 1.135254692227478517e+05
1.676832820337198493e-02 0.000000000000000000e+00
1.842069839530119726e-02 9.457934757720572816e+04
2.023589503111089191e-02 1.031835876242970116e+05
2.222996321434766651e-02 1.123840850225039467e+05
2.442052915136719640e-02 1.010986932470544270e+05
2.682695595500901239e-02 9.618750176433590241e+04
2.947051480134291537e-02 7.438989098770027340e+04
3.237457295239669353e-02 7.206440343194847810e+04
3.556480030685772731e-02 6.576141569096979219e+04
3.906939630451649464e-02 5.899557383074742393e+04
4.291933919013282694e-02 5.499937049387559819e+04
4.714865984004791566e-02 4.911014640009386494e+04
5.179474257198286163e-02 4.684795199893409153e+04
5.689865559697841746e-02 3.919347195306361391e+04
6.250551403444545850e-02 3.817376865549297509e+04
6.866487869913283359e-02 3.381126630426351767e+04
7.543119418501802176e-02 3.237960681368119549e+04
8.286427011848424007e-02 2.644968152723358071e+04
9.102980983473445142e-02 2.273852192654738246e+04
9.999999115058272325e-02 1.991207830085546811e+04
1.098541043672585787e-01 1.750366216779048409e+04
1.206792531427361148e-01 1.654665306559929013e+04
1.325711244288214907e-01 1.476338372472760420e+04
1.456348342787200378e-01 1.286758949679777834e+04
1.599858570014452974e-01 1.133946983681025085e+04
1.757510458761641914e-01 1.018648018743658940e+04
1.930697544488981787e-01 9.363355465261989593e+03
2.120950683230800604e-01 8.366736189630082663e+03
2.329951583321586417e-01 7.524395165187303974e+03
2.559547670553742882e-01 6.782162532469462349e+03
2.811768418164965477e-01 6.188902129276972119e+03
3.088843286001189403e-01 5.658425566631197398e+03
3.393221427425128778e-01 5.209576163897820152e+03
3.727593338166072523e-01 4.796351043947204744e+03
4.094914638472018087e-01 4.449419211403181180e+03
4.498432198782237879e-01 4.123200281849491148e+03
4.941712839853393824e-01 3.833422022378874317e+03
5.428674861028858212e-01 3.575783980304761826e+03
5.963622675339625978e-01 3.340718938606138181e+03
6.551284857587630350e-01 3.110463022384445594e+03
7.196855941730535555e-01 2.908015126800768485e+03
7.906042337028588163e-01 2.712755788751159344e+03
8.685112768820903995e-01 2.519777502106080647e+03
9.540953689793428838e-01 2.338132095640485204e+03
1.048113015153642191e+00 0.000000000000000000e+00
