1.048113066601954503e-02 1.383230794441925827e+05
1.151395323963562076e-02 0.000000000000000000e+00
1.264855132798976302e-02 9.685991833007124660e+04
1.389495400641860279e-02 7.771171021468413528e+04
1.526417862678452857e-02 1.203401233238362329e+05
1.676832820337198493e-02 0.000000000000000000e+00
1.842069839530119726e-02 8.951037220847092976e+04
2.023589503111089191e-02 1.069497628327812708e+05
2.222996321434766651e-02 6.144332099512628338e+04
2.442052915136719640e-02 1.069288517058938451e+05
2.682695595500901239e-02 9.346587093660462415e+04
2.947051480134291537e-02 8.280513591676429496e+04
3.237457295239669353e-02 7.312988672594526724e+04
3.556480030685772731e-02 6.268289108127875807e+04
3.906939630451649464e-02 8.104810468407243025e+04
4.291933919013282694e-02 6.046660559927552094e+04
4.714865984004791566e-02 6.299901099418861850e+04
5.179474257198286163e-02 5.517599959483764542e+04
5.689865559697841746e-02 5.356157253728968499e+04
6.250551403444545850e-02 4.825434140397392912e+04
6.866487869913283359e-02 4.654464196550870838e+04
7.543119418501802176e-02 4.221805492954552756e+04
8.286427011848424007e-02 3.549650335123170225e+04
9.102980983473445142e-02 3.125718855229259862e+04
9.999999115058272325e-02 2.861890551857238097e+04
1.098541043672585787e-01 2.641324602473936829e+04
1.206792531427361148e-01 2.480513786584100671e+04
1.325711244288214907e-01 2.077624867711309707e+04
1.456348342787200378e-01 1.899075909766324548e+04
1.599858570014452974e-01 1.681623739806477533e+04
1.757510458761641914e-01 1.529450595030105978e+04
1.930697544488981787e-01 1.380877590676565887e+04
2.120950683230800604e-01 1.238321440508283922e+04
2.329951583321586417e-01 1.114540933951711304e+04
2.559547670553742882e-01 1.020993383459478173e+04
2.811768418164965477e-01 9.268442187426277087e+03
3.088843286001189403e-01 8.466605925394420410e+03
3.393221427425128778e-01 7.818535795695244815e+03
3.727593338166072523e-01 7.218176862557904315e+03
4.094914638472018087e-01 6.700608399567066954e+03
4.498432198782237879e-01 6.234732414152024830e+03
4.941712839853393824e-01 5.804478217733118981e+03
5.428674861028858212e-01 5.429220154919370543e+03
5.963622675339625978e-01 5.102527066874234151e+03
6.551284857587630350e-01 4.807359346787776303e+03
7.196855941730535555e-01 4.530256224395516256e+03
7.906042337028588163e-01 4.280743994824732908e+03
8.685112768820903995e-01 4.048820654060195466e+03
9.540953689793428838e-01 3.841326748441685595e+03
1.048113015153642191e+00 0.000000000000000000e+00
