1.048113066601954503e-02 4.419300596801956417e+05
1.151395323963562076e-02 0.000000000000000000e+00
1.264855132798976302e-02 1.348811142109846114e+05
1.389495400641860279e-02 1.652403708896018798e+05
1.526417862678452857e-02 1.915037918968161684e+05
1.676832820337198493e-02 0.000000000000000000e+00
1.842069839530119726e-02 2.282816529126273817e+05
2.023589503111089191e-02 1.586261152265937126e+05
2.222996321434766651e-02 2.215778724409553106e+05
2.442052915136719640e-02 1.965345825472148135e+05
2.682695595500901239e-02 2.057435308913693589e+05
2.947051480134291537e-02 1.396792799323319923e+05
3.237457295239669353e-02 1.678157033659731096e+05
3.556480030685772731e-02 1.276112210313170654e+05
3.906939630451649464e-02 1.076264350243924127e+05
4.291933919013282694e-02 1.103975410867497849e+05
4.714865984004791566e-02 8.621416435668741178e+04
5.179474257198286163e-02 8.530000073201999476e+04
5.689865559697841746e-02 7.555972883426496992e+04
6.250551403444545850e-02 6.665052999931220256e+04
6.866487869913283359e-02 6.474021208070393186e+04
7.543119418501802176e-02 5.902290142631741764e+04
8.286427011848424007e-02 5.352816080225537735e+04
9.102980983473445142e-02 4.567737509905277693e+04
9.999999115058272325e-02 4.084939810496846621e+04
1.098541043672585787e-01 3.481819412736499362e+04
1.206792531427361148e-01 3.071523018806437904e+04
1.325711244288214907e-01 2.779822056032946057e+04
1.456348342787200378e-01 2.597069315041705340e+04
1.599858570014452974e-01 2.216308207022124770e+04
1.757510458761641914e-01 2.018483475416870715e+04
1.930697544488981787e-01 1.859588955730109592e+04
2.120950683230800604e-01 1.671351756797909547e+04
2.329951583321586417e-01 1.512226738132741411e+04
2.559547670553742882e-01 1.390139114127571884e+04
2.811768418164965477e-01 1.273207539127691780e+04
3.088843286001189403e-01 1.169766321302456709e+04
3.393221427425128778e-01 1.081474838525421910e+04
3.727593338166072523e-01 1.001684397133157836e+04
4.094914638472018087e-01 9.323241325138749744e+03
4.498432198782237879e-01 8.715587711754416887e+03
4.941712839853393824e-01 8.097561722598299639e+03
5.428674861028858212e-01 7.604561304319351621e+03
5.963622675339625978e-01 7.165942888436888097e+03
6.551284857587630350e-01 6.711919644270256867e+03
7.196855941730535555e-01 6.306401464475735338e+03
7.906042337028588163e-01 5.921527738874656279e+03
8.685112768820903995e-01 5.550445993588020428e+03
9.540953689793428838e-01 5.185794905762866620e+03
1.048113015153642191e+00 0.000000000000000000e+00
