1.048113066601954503e-02 7.784883661272801692e+04
1.151395323963562076e-02 0.000000000000000000e+00
1.264855132798976302e-02 5.127957493656798033e+04
1.389495400641860279e-02 5.388041118636942701e+04
1.526417862678452857e-02 4.176628339455178502e+04
1.676832820337198493e-02 0.000000000000000000e+00
1.842069839530119726e-02 6.219686286355434277e+04
2.023589503111089191e-02 5.440501151058000687e+04
2.222996321434766651e-02 5.915960008048461168e+04
2.442052915136719640e-02 4.299480234954557091e+04
2.682695595500901239e-02 7.457976026767626172e+04
2.947051480134291537e-02 6.159446090928983176e+04
3.237457295239669353e-02 5.234046253258502111e+04
3.556480030685772731e-02 5.697562086572029511e+04
3.906939630451649464e-02 4.402465015296762431e+04
4.291933919013282694e-02 4.678874322521247086e+04
4.714865984004791566e-02 4.382032660904395743e+04
5.179474257198286163e-02 3.881031209628301440e+04
5.689865559697841746e-02 3.797067640038854734e+04
6.250551403444545850e-02 3.341586905868895701e+04
6.866487869913283359e-02 3.191066706753462859e+04
7.543119418501802176e-02 3.135652331843459251e+04
8.286427011848424007e-02 2.756710190759311081e+04
9.102980983473445142e-02 2.383600524945734651e+04
9.999999115058272325e-02 2.124650978287413818e+04
1.098541043672585787e-01 1.862693738017662690e+04
1.206792531427361148e-01 1.790252967446876573e+04
1.325711244288214907e-01 1.632173501601217140e+04
1.456348342787200378e-01 1.484047133596065760e+04
1.599858570014452974e-01 1.262813723944677258e+04
1.757510458761641914e-01 1.148318212143470191e+04
1.930697544488981787e-01 1.051081009060442739e+04
2.120950683230800604e-01 9.341173564697717666e+03
2.329951583321586417e-01 8.245491661388439752e+03
2.559547670553742882e-01 7.527801153215841623e+03
2.811768418164965477e-01 6.789927356051364768e+03
3.088843286001189403e-01 6.143342259112230749e+03
3.393221427425128778e-01 5.589179394597993451e+03
3.727593338166072523e-01 5.098389648379861683e+03
4.094914638472018087e-01 4.658575656349054952e+03
4.498432198782237879e-01 4.286092807680902297e+03
4.941712839853393824e-01 3.974387075115593689e+03
5.428674861028858212e-01 3.678379638148433060e+03
5.963622675339625978e-01 3.430281063877212546e+03
6.551284857587630350e-01 3.196860790596985680e+03
7.196855941730535555e-01 2.985061613748321179e+03
7.906042337028588163e-01 2.806592702683731659e+03
8.685112768820903995e-01 2.641491012039431553e+03
9.540953689793428838e-01 2.492134436162994461e+03
1.048113015153642191e+00 0.000000000000000000e+00
