1.048113066601954503e-02 2.126273096739815446e+04
1.151395323963562076e-02 0.000000000000000000e+00
1.264855132798976302e-02 1.766696847505488040e+04
1.389495400641860279e-02 1.526743097935105470e+04
1.526417862678452857e-02 1.789486218276948421e+04
1.676832820337198493e-02 0.000000000000000000e+00
1.842069839530119726e-02 2.021906811814917819e+04
2.023589503111089191e-02 1.799439907514832521e+04
2.222996321434766651e-02 2.066744516883336109e+04
2.442052915136719640e-02 2.935351490188739626e+04
2.682695595500901239e-02 2.185926556595450529e+04
2.947051480134291537e-02 1.842107935736378204e+04
3.237457295239669353e-02 2.555877785012384265e+04
3.556480030685772731e-02 2.023573818287125323e+04
3.906939630451649464e-02 2.315975249643294592e+04
4.291933919013282694e-02 2.284568475020636834e+04
4.714865984004791566e-02 1.883550415517833608e+04
5.179474257198286163e-02 1.728826015395346622e+04
5.689865559697841746e-02 1.783504426792297090e+04
6.250551403444545850e-02 1.798601489157538526e+04
6.866487869913283359e-02 1.822687297457107707e+04
7.543119418501802176e-02 1.699216209834749679e+04
8.286427011848424007e-02 1.521434105406307026e+04
9.102980983473445142e-02 1.441878515958154458e+04
9.999999115058272325e-02 1.335167647275938361e+04
1.098541043672585787e-01 1.150975169851271858e+04
1.206792531427361148e-01 1.081004220308478216e+04
1.325711244288214907e-01 1.000892260572079613e+04
1.456348342787200378e-01 9.389076726227200197e+03
1.599858570014452974e-01 8.535213402873263476e+03
1.757510458761641914e-01 7.442192651301917067e+03
1.930697544488981787e-01 6.924127749520543148e+03
2.120950683230800604e-01 6.358941899488330819e+03
2.329951583321586417e-01 5.766577172943208097e+03
2.559547670553742882e-01 5.237515463661278773e+03
2.811768418164965477e-01 4.812987732912123647e+03
3.088843286001189403e-01 4.458686694604065451e+03
3.393221427425128778e-01 4.095195381587887368e+03
3.727593338166072523e-01 3.788590787234523759e+03
4.094914638472018087e-01 3.533899643198955346e+03
4.498432198782237879e-01 3.302600274092951622e+03
4.941712839853393824e-01 3.106170720888161213e+03
5.428674861028858212e-01 2.921690024993432871e+03
5.963622675339625978e-01 2.746845807327341390e+03
6.551284857587630350e-01 2.604219655190035610e+03
7.196855941730535555e-01 2.463934439139849019e+03
7.906042337028588163e-01 2.339585998478411966e+03
8.685112768820903995e-01 2.223784147902847963e+03
9.540953689793428838e-01 2.113161788927296584e+03
1.048113015153642191e+00 0.000000000000000000e+00
