1.048113066601954503e-02 3.123951597976512130e+04
1.151395323963562076e-02 0.000000000000000000e+00
1.264855132798976302e-02 6.943135932743277226e+04
1.389495400641860279e-02 2.963646047241013730e+04
1.526417862678452857e-02 3.975944790177205141e+04
1.676832820337198493e-02 0.000000000000000000e+00
1.842069839530119726e-02 3.119955763301659317e+04
2.023589503111089191e-02 4.196869270892319764e+04
2.222996321434766651e-02 3.782898725694562745e+04
2.442052915136719640e-02 5.900833781108204130e+04
2.682695595500901239e-02 5.857311952863139595e+04
2.947051480134291537e-02 5.531029964729453786e+04
3.237457295239669353e-02 4.723783245920029003e+04
3.556480030685772731e-02 4.925591709692409495e+04
3.906939630451649464e-02 4.746356469989786274e+04
4.291933919013282694e-02 4.332473908954606304e+04
4.714865984004791566e-02 4.044887191050237743e+04
5.179474257198286163e-02 4.503366425135209283e+04
5.689865559697841746e-02 3.984556538562476635e+04
6.250551403444545850e-02 4.273926743374219222e+04
6.866487869913283359e-02 3.852266577834138297e+04
7.543119418501802176e-02 3.849606318094196467e+04
8.286427011848424007e-02 3.384343904156581266e+04
9.102980983473445142e-02 3.169677788429020438e+04
9.999999115058272325e-02 2.996230071811773814e+04
1.098541043672585787e-01 2.720752543701386821e+04
1.206792531427361148e-01 2.469497313255645713e+04
1.325711244288214907e-01 2.342352456489936594e+04
1.456348342787200378e-01 2.192869452598923817e+04
1.599858570014452974e-01 1.975949199796999892e+04
1.757510458761641914e-01 1.785354199937970770e+04
1.930697544488981787e-01 1.630740171188124987e+04
2.120950683230800604e-01 1.540644187837784193e+04
2.329951583321586417e-01 1.387221746409668776e+04
2.559547670553742882e-01 1.287067066195253938e+04
2.811768418164965477e-01 1.194875457538412593e+04
3.088843286001189403e-01 1.100476641530099732e+04
3.393221427425128778e-01 1.032843040869941615e+04
3.727593338166072523e-01 9.644942354692542722e+03
4.094914638472018087e-01 9.065085301907613029e+03
4.498432198782237879e-01 8.560995858490940009e+03
4.941712839853393824e-01 8.087475128093235980e+03
5.428674861028858212e-01 7.687543189548838200e+03
5.963622675339625978e-01 7.315692374806722000e+03
6.551284857587630350e-01 6.975123403855754987e+03
7.196855941730535555e-01 6.661277418009593021e+03
7.906042337028588163e-01 6.371102719081772193e+03
8.685112768820903995e-01 6.109207936645014343e+03
9.540953689793428838e-01 5.846635398689198155e+03
1.048113015153642191e+00 0.000000000000000000e+00
