1.048113066601954503e-02 1.748354193922866762e+04
1.151395323963562076e-02 0.000000000000000000e+00
1.264855132798976302e-02 1.517031807017408573e+04
1.389495400641860279e-02 2.152673107459463063e+04
1.526417862678452857e-02 3.004386472982440318e+04
1.676832820337198493e-02 0.000000000000000000e+00
1.842069839530119726e-02 2.512022001957785687e+04
2.023589503111089191e-02 1.923445370710766292e+04
2.222996321434766651e-02 3.080806571913916196e+04
2.442052915136719640e-02 3.102588977893592164e+04
2.682695595500901239e-02 2.603695170697132562e+04
2.947051480134291537e-02 3.436986464803858689e+04
3.237457295239669353e-02 2.529849756741214514e+04
3.556480030685772731e-02 2.434527522721873538e+04
3.906939630451649464e-02 1.990110321386712167e+04
4.291933919013282694e-02 2.286420481871785887e+04
4.714865984004791566e-02 2.066609413907015551e+04
5.179474257198286163e-02 1.934458138670076369e+04
5.689865559697841746e-02 1.861235666039839998e+04
6.250551403444545850e-02 1.796111061401845654e+04
6.866487869913283359e-02 1.702911202695278189e+04
7.543119418501802176e-02 1.540628929758523736e+04
8.286427011848424007e-02 1.533646432999109857e+04
9.102980983473445142e-02 1.340816769156541159e+04
9.999999115058272325e-02 1.157611095308974836e+04
1.098541043672585787e-01 1.084667738247710440e+04
1.206792531427361148e-01 9.660340591149786633e+03
1.325711244288214907e-01 9.015330439301023944e+03
1.456348342787200378e-01 8.057865599463926628e+03
1.599858570014452974e-01 7.146338369687980048e+03
1.757510458761641914e-01 6.523187976154398712e+03
1.930697544488981787e-01 5.986604794048254917e+03
2.120950683230800604e-01 5.369311359300483673e+03
2.329951583321586417e-01 4.820648088976764484e+03
2.559547670553742882e-01 4.420359468233549705e+03
2.811768418164965477e-01 4.006795738450005501e+03
3.088843286001189403e-01 3.635994911918711750e+03
3.393221427425128778e-01 3.370830934279809753e+03
3.727593338166072523e-01 3.095849768621414569e+03
4.094914638472018087e-01 2.865005378653428124e+03
4.498432198782237879e-01 2.655748433834994103e+03
4.941712839853393824e-01 2.474292045874383348e+03
5.428674861028858212e-01 2.311209096767548544e+03
5.963622675339625978e-01 2.167578863308990549e+03
6.551284857587630350e-01 2.044234908820192004e+03
7.196855941730535555e-01 1.920737665596774605e+03
7.906042337028588163e-01 1.810635630782705448e+03
8.685112768820903995e-01 1.711882713281952874e+03
9.540953689793428838e-01 1.616086975142521851e+03
1.048113015153642191e+00 0.000000000000000000e+00
