1.048113066601954503e-02 1.043033081843030406e+06
1.151395323963562076e-02 0.000000000000000000e+00
1.264855132798976302e-02 3.451316275441011530e+05
1.389495400641860279e-02 5.882436864278065041e+05
1.526417862678452857e-02 8.842831540928769391e+05
1.676832820337198493e-02 0.000000000000000000e+00
1.842069839530119726e-02 8.590458221062851371e+05
2.023589503111089191e-02 6.521683723799944855e+05
2.222996321434766651e-02 3.695285300950775272e+05
2.442052915136719640e-02 4.398746818390135886e+05
2.682695595500901239e-02 4.042085181086939992e+05
2.947051480134291537e-02 3.768477693168938276e+05
3.237457295239669353e-02 2.495698172348233638e+05
3.556480030685772731e-02 2.271360250874375924e+05
3.906939630451649464e-02 2.163286546119685809e+05
4.291933919013282694e-02 1.624917629397391574e+05
4.714865984004791566e-02 1.425464876584961894e+05
5.179474257198286163e-02 1.351342727411876840e+05
5.689865559697841746e-02 1.358927168405053962e+05
6.250551403444545850e-02 1.431067272118309047e+05
6.866487869913283359e-02 1.191334447498309746e+05
7.543119418501802176e-02 1.008337235278721200e+05
8.286427011848424007e-02 8.379601230540766846e+04
9.102980983473445142e-02 6.876514831224248337e+04
9.999999115058272325e-02 5.855624622847048158e+04
1.098541043672585787e-01 5.284630337779372348e+04
1.206792531427361148e-01 4.864010443050228059e+04
1.325711244288214907e-01 4.422325762938959815e+04
1.456348342787200378e-01 3.836632278774760925e+04
1.599858570014452974e-01 3.437637699400760175e+04
1.757510458761641914e-01 3.060498516383305832e+04
1.930697544488981787e-01 2.775512653660429351e+04
2.120950683230800604e-01 2.526200050040164206e+04
2.329951583321586417e-01 2.227807085653637478e+04
2.559547670553742882e-01 2.053202850327722626e+04
2.811768418164965477e-01 1.873705189049333057e+04
3.088843286001189403e-01 1.723171365388705090e+04
3.393221427425128778e-01 1.592496886344267114e+04
3.727593338166072523e-01 1.472561048785630192e+04
4.094914638472018087e-01 1.365139492009169408e+04
4.498432198782237879e-01 1.276096508421042745e+04
4.941712839853393824e-01 1.197338705281120201e+04
5.428674861028858212e-01 1.116522760767489308e+04
5.963622675339625978e-01 1.039728279052241487e+04
6.551284857587630350e-01 9.716924867090783664e+03
7.196855941730535555e-01 9.137660054690026300e+03
7.906042337028588163e-01 8.559416334991619806e+03
8.685112768820903995e-01 7.967847146613430596e+03
9.540953689793428838e-01 7.395428098094956113e+03
1.048113015153642191e+00 0.000000000000000000e+00
