1.048113066601954503e-02 1.083578200920918491e+06
1.151395323963562076e-02 0.000000000000000000e+00
1.264855132798976302e-02 1.144822561258367728e+06
1.389495400641860279e-02 8.337845574726136401e+05
1.526417862678452857e-02 7.673850290206627687e+05
1.676832820337198493e-02 0.000000000000000000e+00
1.842069839530119726e-02 5.449772125660408055e+05
2.023589503111089191e-02 7.347871108136171242e+05
2.222996321434766651e-02 3.490418239364833571e+05
2.442052915136719640e-02 4.518906583700245828e+05
2.682695595500901239e-02 3.869114436139926547e+05
2.947051480134291537e-02 2.629530265553389327e+05
3.237457295239669353e-02 2.275370230344283045e+05
3.556480030685772731e-02 2.432022130881438497e+05
3.906939630451649464e-02 1.610690668126852834e+05
4.291933919013282694e-02 1.627086443807321484e+05
4.714865984004791566e-02 1.620995840805574553e+05
5.179474257198286163e-02 1.430633654198728036e+05
5.689865559697841746e-02 1.522433508416991681e+05
6.250551403444545850e-02 1.205540906695340091e+05
6.866487869913283359e-02 9.906292171795747709e+04
7.543119418501802176e-02 7.923385771099213162e+04
8.286427011848424007e-02 6.430407409764756449e+04
9.102980983473445142e-02 5.796888089761305309e+04
9.999999115058272325e-02 5.394364824089597823e+04
1.098541043672585787e-01 4.871538473546544992e+04
1.206792531427361148e-01 4.190879139202776423e+04
1.325711244288214907e-01 3.526100193055540149e+04
1.456348342787200378e-01 3.267277289291108900e+04
1.599858570014452974e-01 2.843904685743673326e+04
1.757510458761641914e-01 2.561363045666613471e+04
1.930697544488981787e-01 2.329724639652723272e+04
2.120950683230800604e-01 2.110918043407261575e+04
2.329951583321586417e-01 1.901325546898012908e+04
2.559547670553742882e-01 1.740075732733986661e+04
2.811768418164965477e-01 1.584854607600767849e+04
3.088843286001189403e-01 1.456546837360441714e+04
3.393221427425128778e-01 1.336805339063450810e+04
3.727593338166072523e-01 1.238389039101098751e+04
4.094914638472018087e-01 1.136000821830382483e+04
4.498432198782237879e-01 1.058425579024794752e+04
4.941712839853393824e-01 9.771019654388121126e+03
5.428674861028858212e-01 9.119953660765841050e+03
5.963622675339625978e-01 8.421191101581218390e+03
6.551284857587630350e-01 7.807385234637094072e+03
7.196855941730535555e-01 7.247862894464984493e+03
7.906042337028588163e-01 6.701609067560211770e+03
8.685112768820903995e-01 6.165811747916662171e+03
9.540953689793428838e-01 5.636971395311907145e+03
1.048113015153642191e+00 0.000000000000000000e+00
