1.048113066601954503e-02 1.997999194935870401e+04
1.151395323963562076e-02 0.000000000000000000e+00
1.264855132798976302e-02 2.125544131622245550e+04
1.389495400641860279e-02 1.072824857902586155e+04
1.526417862678452857e-02 1.530810907035626769e+04
1.676832820337198493e-02 0.000000000000000000e+00
1.842069839530119726e-02 2.140101253222152809e+04
2.023589503111089191e-02 1.484860035672769300e+04
2.222996321434766651e-02 2.264548340614713015e+04
2.442052915136719640e-02 1.899486034275919519e+04
2.682695595500901239e-02 1.841219306834829331e+04
2.947051480134291537e-02 2.063723727118738316e+04
3.237457295239669353e-02 1.531583252978567543e+04
3.556480030685772731e-02 1.898543422830998679e+04
3.906939630451649464e-02 1.886959141876273497e+04
4.291933919013282694e-02 2.013364339420800752e+04
4.714865984004791566e-02 1.714447596739353321e+04
5.179474257198286163e-02 1.731295301615790231e+04
5.689865559697841746e-02 1.632079050703099529e+04
6.250551403444545850e-02 1.642199656458316895e+04
6.866487869913283359e-02 1.617456414107304772e+04
7.543119418501802176e-02 1.468316337872545046e+04
8.286427011848424007e-02 1.476717743126132882e+04
9.102980983473445142e-02 1.322595350479399895e+04
9.999999115058272325e-02 1.196083777258130067e+04
1.098541043672585787e-01 1.074934641744220244e+04
1.206792531427361148e-01 1.019635798852496009e+04
1.325711244288214907e-01 9.489322251896184753e+03
1.456348342787200378e-01 8.786423693004911911e+03
1.599858570014452974e-01 8.055527717758666768e+03
1.757510458761641914e-01 7.219795036487405014e+03
1.930697544488981787e-01 6.669132902820004347e+03
2.120950683230800604e-01 6.157149703053287340e+03
2.329951583321586417e-01 5.583738086999699590e+03
2.559547670553742882e-01 5.107422509820023151e+03
2.811768418164965477e-01 4.703293415402648861e+03
3.088843286001189403e-01 4.340481254745130173e+03
3.393221427425128778e-01 4.045066815471417158e+03
3.727593338166072523e-01 3.756764040877234038e+03
4.094914638472018087e-01 3.517599690471032773e+03
4.498432198782237879e-01 3.305647826558934412e+03
4.941712839853393824e-01 3.095766307531102484e+03
5.428674861028858212e-01 2.922865344872875085e+03
5.963622675339625978e-01 2.770254167318673353e+03
6.551284857587630350e-01 2.622875891076528660e+03
7.196855941730535555e-01 2.481310243178592373e+03
7.906042337028588163e-01 2.355266590145113696e+03
8.685112768820903995e-01 2.231017453864285017e+03
9.540953689793428838e-01 2.116170143034357352e+03
1.048113015153642191e+00 0.000000000000000000e+00
