1.048113066601954503e-02 1.183836956195891253e+05
1.151395323963562076e-02 0.000000000000000000e+00
1.264855132798976302e-02 1.397477113373073807e+05
1.389495400641860279e-02 1.149095671547120146e+05
1.526417862678452857e-02 1.517461673466640932e+05
1.676832820337198493e-02 0.000000000000000000e+00
1.842069839530119726e-02 1.170289734339570132e+05
2.023589503111089191e-02 1.407449984799740778e+05
2.222996321434766651e-02 1.259684786636196368e+05
2.442052915136719640e-02 1.261204126014128851e+05
2.682695595500901239e-02 1.023002594813996984e+05
2.947051480134291537e-02 9.923731444958696375e+04
3.237457295239669353e-02 7.527329767115635332e+04
3.556480030685772731e-02 6.814362270816307864e+04
3.906939630451649464e-02 6.526812580971585703e+04
4.291933919013282694e-02 6.517479046878999361e+04
4.714865984004791566e-02 5.637752973431850842e+04
5.179474257198286163e-02 5.409649032796671236e+04
5.689865559697841746e-02 5.472656084604534408e+04
6.250551403444545850e-02 4.761371789653941232e+04
6.866487869913283359e-02 4.303710752071905154e+04
7.543119418501802176e-02 3.582790992307008128e+04
8.286427011848424007e-02 3.041170442242504214e+04
9.102980983473445142e-02 2.823524134223272267e+04
9.999999115058272325e-02 2.504734403763271257e+04
1.098541043672585787e-01 2.276053664924822078e+04
1.206792531427361148e-01 2.045467987746970903e+04
1.325711244288214907e-01 1.736869021910236916e+04
1.456348342787200378e-01 1.553794488701292903e+04
1.599858570014452974e-01 1.423043885454571137e+04
1.757510458761641914e-01 1.266306096716463799e+04
1.930697544488981787e-01 1.120266492437708075e+04
2.120950683230800604e-01 1.023420548135054196e+04
2.329951583321586417e-01 9.105278241227922990e+03
2.559547670553742882e-01 8.332361082008945232e+03
2.811768418164965477e-01 7.590723047806352042e+03
3.088843286001189403e-01 6.881654273014895807e+03
3.393221427425128778e-01 6.342486741601150243e+03
3.727593338166072523e-01 5.837221066714200788e+03
4.094914638472018087e-01 5.419568724539283721e+03
4.498432198782237879e-01 5.028705112678713704e+03
4.941712839853393824e-01 4.699092475011156239e+03
5.428674861028858212e-01 4.381338033056527820e+03
5.963622675339625978e-01 4.119457337590230964e+03
6.551284857587630350e-01 3.851873558908035193e+03
7.196855941730535555e-01 3.627042292585146242e+03
7.906042337028588163e-01 3.406619308330921740e+03
8.685112768820903995e-01 3.209204496742974698e+03
9.540953689793428838e-01 3.018727944942915201e+03
1.048113015153642191e+00 0.000000000000000000e+00
