1.048113066601954503e-02 1.012140913456335111e+05
1.151395323963562076e-02 0.000000000000000000e+00
1.264855132798976302e-02 2.730956223315955722e+05
1.389495400641860279e-02 2.771927557466134895e+05
1.526417862678452857e-02 1.482980422974734975e+05
1.676832820337198493e-02 0.000000000000000000e+00
1.842069839530119726e-02 1.852639711885218567e+05
2.023589503111089191e-02 1.231952967177145329e+05
2.222996321434766651e-02 1.482616851054376748e+05
2.442052915136719640e-02 1.198321797669797525e+05
2.682695595500901239e-02 1.093348915760764212e+05
2.947051480134291537e-02 1.335523790052395198e+05
3.237457295239669353e-02 7.375322526072923210e+04
3.556480030685772731e-02 6.470699507874107803e+04
3.906939630451649464e-02 6.189184539400829090e+04
4.291933919013282694e-02 5.877937545450946345e+04
4.714865984004791566e-02 5.938074724811356282e+04
5.179474257198286163e-02 4.625768569635057793e+04
5.689865559697841746e-02 4.970028547981185693e+04
6.250551403444545850e-02 4.955129848562803090e+04
6.866487869913283359e-02 4.408202879817501525e+04
7.543119418501802176e-02 3.534332302860618074e+04
8.286427011848424007e-02 2.652388309562629729e+04
9.102980983473445142e-02 2.312331674503519025e+04
9.999999115058272325e-02 2.081025438904886687e+04
1.098541043672585787e-01 2.023914720202902754e+04
1.206792531427361148e-01 1.832252161651514325e+04
1.325711244288214907e-01 1.509308164441296867e+04
1.456348342787200378e-01 1.309618509039547462e+04
1.599858570014452974e-01 1.197254979071302660e+04
1.757510458761641914e-01 1.081786705872289167e+04
1.930697544488981787e-01 9.447081887603697396e+03
2.120950683230800604e-01 8.510176920691019404e+03
2.329951583321586417e-01 7.635104421589725462e+03
2.559547670553742882e-01 6.931414002503067422e+03
2.811768418164965477e-01 6.238521506605344257e+03
3.088843286001189403e-01 5.662606059472296693e+03
3.393221427425128778e-01 5.260692489319498236e+03
3.727593338166072523e-01 4.783564995755004929e+03
4.094914638472018087e-01 4.411999772309945911e+03
4.498432198782237879e-01 4.092059171032758059e+03
4.941712839853393824e-01 3.809144211154311961e+03
5.428674861028858212e-01 3.543021637258100782e+03
5.963622675339625978e-01 3.301571889021952757e+03
6.551284857587630350e-01 3.090119217555209161e+03
7.196855941730535555e-01 2.888974773961367191e+03
7.906042337028588163e-01 2.704708908631021131e+03
8.685112768820903995e-01 2.533586638505491010e+03
9.540953689793428838e-01 2.377053542426425338e+03
1.048113015153642191e+00 0.000000000000000000e+00
