1.048113066601954503e-02 3.395129923896200489e+04
1.151395323963562076e-02 0.000000000000000000e+00
1.264855132798976302e-02 3.477100603295998735e+04
1.389495400641860279e-02 2.954163948941120543e+04
1.526417862678452857e-02 3.950567795385276986e+04
1.676832820337198493e-02 0.000000000000000000e+00
1.842069839530119726e-02 3.968545843995825271e+04
2.023589503111089191e-02 6.710583814086602069e+04
2.222996321434766651e-02 3.663850452504028362e+04
2.442052915136719640e-02 3.342047911485611985e+04
2.682695595500901239e-02 4.480385290353891469e+04
2.947051480134291537e-02 4.213104260442896339e+04
3.237457295239669353e-02 4.478022157856003469e+04
3.556480030685772731e-02 2.831403725539013249e+04
3.906939630451649464e-02 3.829057413183341851e+04
4.291933919013282694e-02 3.096721184824500233e+04
4.714865984004791566e-02 3.035068976595579443e+04
5.179474257198286163e-02 3.023662400503259414e+04
5.689865559697841746e-02 2.745174392476430512e+04
6.250551403444545850e-02 2.532163766160454543e+04
6.866487869913283359e-02 2.568349698539034216e+04
7.543119418501802176e-02 2.266535433356802605e+04
8.286427011848424007e-02 1.986916005988677716e+04
9.102980983473445142e-02 1.824814078422827151e+04
9.999999115058272325e-02 1.579610081582489329e+04
1.098541043672585787e-01 1.439818697724025515e+04
1.206792531427361148e-01 1.349502011101803873e+04
1.325711244288214907e-01 1.216572732253865615e+04
1.456348342787200378e-01 1.062045457330001591e+04
1.599858570014452974e-01 9.782404666160198758e+03
1.757510458761641914e-01 8.629554271845794574e+03
1.930697544488981787e-01 8.154551560892808084e+03
2.120950683230800604e-01 7.202888608735074740e+03
2.329951583321586417e-01 6.522091137507500207e+03
2.559547670553742882e-01 5.943253550110325705e+03
2.811768418164965477e-01 5.411001481521077949e+03
3.088843286001189403e-01 4.957311178080736681e+03
3.393221427425128778e-01 4.588123967160180655e+03
3.727593338166072523e-01 4.211923271666069923e+03
4.094914638472018087e-01 3.927711519414120630e+03
4.498432198782237879e-01 3.662769018898163267e+03
4.941712839853393824e-01 3.423264916424206604e+03
5.428674861028858212e-01 3.217660052494661613e+03
5.963622675339625978e-01 3.022323619333863462e+03
6.551284857587630350e-01 2.845685535612996318e+03
7.196855941730535555e-01 2.686334227763636591e+03
7.906042337028588163e-01 2.534371691779823777e+03
8.685112768820903995e-01 2.396950172745706368e+03
9.540953689793428838e-01 2.269413881742319063e+03
1.048113015153642191e+00 0.000000000000000000e+00
