1.048113066601954503e-02 7.144181961046188371e+04
1.151395323963562076e-02 0.000000000000000000e+00
1.264855132798976302e-02 5.729609943337537698e+04
1.389495400641860279e-02 2.706285269180109390e+04
1.526417862678452857e-02 5.988949539407188422e+04
1.676832820337198493e-02 0.000000000000000000e+00
1.842069839530119726e-02 5.327785968347305607e+04
2.023589503111089191e-02 6.419253792684571818e+04
2.222996321434766651e-02 8.420574874775338685e+04
2.442052915136719640e-02 3.850918643986425013e+04
2.682695595500901239e-02 5.418740018256528128e+04
2.947051480134291537e-02 4.474774628402847156e+04
3.237457295239669353e-02 4.481376361521733634e+04
3.556480030685772731e-02 3.454774849439000536e+04
3.906939630451649464e-02 4.045934622781097278e+04
4.291933919013282694e-02 3.433153962294283701e+04
4.714865984004791566e-02 2.947607804003535057e+04
5.179474257198286163e-02 2.881340372259097057e+04
5.689865559697841746e-02 2.665072905940943019e+04
6.250551403444545850e-02 2.351393107613419852e+04
6.866487869913283359e-02 2.432211399752128273e+04
7.543119418501802176e-02 2.252597172288646834e+04
8.286427011848424007e-02 1.922681815062192982e+04
9.102980983473445142e-02 1.640208956121548545e+04
9.999999115058272325e-02 1.370425210343349863e+04
1.098541043672585787e-01 1.239705020023990073e+04
1.206792531427361148e-01 1.139020074149861284e+04
1.325711244288214907e-01 1.068651954988903890e+04
1.456348342787200378e-01 9.395077447385812775e+03
1.599858570014452974e-01 7.805275414439331144e+03
1.757510458761641914e-01 6.967981939207761570e+03
1.930697544488981787e-01 6.302046104888338959e+03
2.120950683230800604e-01 5.715831464395593684e+03
2.329951583321586417e-01 5.049868008416021439e+03
2.559547670553742882e-01 4.610730435851120092e+03
2.811768418164965477e-01 4.132653724294325002e+03
3.088843286001189403e-01 3.758414594491246135e+03
3.393221427425128778e-01 3.388071891743074048e+03
3.727593338166072523e-01 3.092914552182684929e+03
4.094914638472018087e-01 2.846810640601358500e+03
4.498432198782237879e-01 2.626831222738765064e+03
4.941712839853393824e-01 2.431676039066466274e+03
5.428674861028858212e-01 2.257960951106415905e+03
5.963622675339625978e-01 2.093639950599150325e+03
6.551284857587630350e-01 1.950223563982406631e+03
7.196855941730535555e-01 1.823739511963743098e+03
7.906042337028588163e-01 1.705060389677304784e+03
8.685112768820903995e-01 1.597027815744040709e+03
9.540953689793428838e-01 1.495571144350989698e+03
1.048113015153642191e+00 0.000000000000000000e+00
