1.048113066601954503e-02 1.465418510470120418e+04
1.151395323963562076e-02 0.000000000000000000e+00
1.264855132798976302e-02 2.930138514429845964e+04
1.389495400641860279e-02 2.632567902236271766e+04
1.526417862678452857e-02 4.035013146453487570e+04
1.676832820337198493e-02 0.000000000000000000e+00
1.842069839530119726e-02 3.067081575788450209e+04
2.023589503111089191e-02 1.640617409298973507e+04
2.222996321434766651e-02 1.901555539918875365e+04
2.442052915136719640e-02 1.856786880906634178e+04
2.682695595500901239e-02 2.814870348958976319e+04
2.947051480134291537e-02 3.328095652710475406e+04
3.237457295239669353e-02 3.130810213271529574e+04
3.556480030685772731e-02 3.426899266015485773e+04
3.906939630451649464e-02 3.448798082063037145e+04
4.291933919013282694e-02 2.810906713666301221e+04
4.714865984004791566e-02 2.539001922789759192e+04
5.179474257198286163e-02 2.444542318253590565e+04
5.689865559697841746e-02 2.478897662000929267e+04
6.250551403444545850e-02 2.281573590317929484e+04
6.866487869913283359e-02 2.063353736593028952e+04
7.543119418501802176e-02 2.005549670945080288e+04
8.286427011848424007e-02 1.986625193879613653e+04
9.102980983473445142e-02 1.822607114177137555e+04
9.999999115058272325e-02 1.596063776517109545e+04
1.098541043672585787e-01 1.370016042020467648e+04
1.206792531427361148e-01 1.260788127227856239e+04
1.325711244288214907e-01 1.151673345139035882e+04
1.456348342787200378e-01 1.082924653615959505e+04
1.599858570014452974e-01 9.878092030890369642e+03
1.757510458761641914e-01 8.762495528120809468e+03
1.930697544488981787e-01 7.943199792397787860e+03
2.120950683230800604e-01 7.263972317306381228e+03
2.329951583321586417e-01 6.611893281204472260e+03
2.559547670553742882e-01 6.052938769570864679e+03
2.811768418164965477e-01 5.478741782658335978e+03
3.088843286001189403e-01 5.058486497719805811e+03
3.393221427425128778e-01 4.633553758072916025e+03
3.727593338166072523e-01 4.262431837684758648e+03
4.094914638472018087e-01 3.973484821366958840e+03
4.498432198782237879e-01 3.713709698594932888e+03
4.941712839853393824e-01 3.472627035822542894e+03
5.428674861028858212e-01 3.259548712466097641e+03
5.963622675339625978e-01 3.056259683900856089e+03
6.551284857587630350e-01 2.888449716841623740e+03
7.196855941730535555e-01 2.727263214586361300e+03
7.906042337028588163e-01 2.579035538788316444e+03
8.685112768820903995e-01 2.448221000352689771e+03
9.540953689793428838e-01 2.324459754318496380e+03
1.048113015153642191e+00 0.000000000000000000e+00
