1.048113066601954503e-02 8.507042394126791041e+05
1.151395323963562076e-02 0.000000000000000000e+00
1.264855132798976302e-02 1.025509717609727290e+06
1.389495400641860279e-02 8.521508881686442764e+05
1.526417862678452857e-02 4.632610290655306308e+05
1.676832820337198493e-02 0.000000000000000000e+00
1.842069839530119726e-02 5.365224965487190057e+05
2.023589503111089191e-02 6.048227390537869651e+05
2.222996321434766651e-02 4.794288226092411205e+05
2.442052915136719640e-02 2.663375980901669827e+05
2.682695595500901239e-02 3.250953515159894014e+05
2.947051480134291537e-02 2.937043764501793194e+05
3.237457295239669353e-02 1.900913342166485381e+05
3.556480030685772731e-02 1.739975087210717611e+05
3.906939630451649464e-02 1.137371795997390873e+05
4.291933919013282694e-02 1.225836347882783448e+05
4.714865984004791566e-02 1.009878108623455337e+05
5.179474257198286163e-02 9.854640082615365100e+04
5.689865559697841746e-02 1.023680095320302498e+05
6.250551403444545850e-02 9.303331391746782174e+04
6.866487869913283359e-02 8.523631257151893806e+04
7.543119418501802176e-02 6.997163916816383426e+04
8.286427011848424007e-02 5.664362115745154733e+04
9.102980983473445142e-02 4.543978249246404448e+04
9.999999115058272325e-02 3.874334404877111956e+04
1.098541043672585787e-01 3.796172844402772171e+04
1.206792531427361148e-01 3.359361546440023812e+04
1.325711244288214907e-01 2.905234355909167061e+04
1.456348342787200378e-01 2.566711916789435418e+04
1.599858570014452974e-01 2.309975007325625484e+04
1.757510458761641914e-01 2.079136194451211486e+04
1.930697544488981787e-01 1.840725748532750731e+04
2.120950683230800604e-01 1.673977189460360023e+04
2.329951583321586417e-01 1.507048158151001735e+04
2.559547670553742882e-01 1.366654799173144238e+04
2.811768418164965477e-01 1.260109729889603477e+04
3.088843286001189403e-01 1.154078297578247293e+04
3.393221427425128778e-01 1.062972832352057412e+04
3.727593338166072523e-01 9.797243756237456182e+03
4.094914638472018087e-01 9.001239047500508605e+03
4.498432198782237879e-01 8.402265408907276651e+03
4.941712839853393824e-01 7.758931085358655764e+03
5.428674861028858212e-01 7.229297404926093805e+03
5.963622675339625978e-01 6.699461185562075116e+03
6.551284857587630350e-01 6.203354392544097209e+03
7.196855941730535555e-01 5.741695080527248138e+03
7.906042337028588163e-01 5.263576131624547997e+03
8.685112768820903995e-01 4.826669445325505876e+03
9.540953689793428838e-01 4.408818503757174767e+03
1.048113015153642191e+00 0.000000000000000000e+00
