1.048113066601954503e-02 5.116907734728128999e+05
1.151395323963562076e-02 0.000000000000000000e+00
1.264855132798976302e-02 3.988651229928344255e+05
1.389495400641860279e-02 4.963873620230476372e+05
1.526417862678452857e-02 3.889261753944313386e+05
1.676832820337198493e-02 0.000000000000000000e+00
1.842069839530119726e-02 3.717457663030285039e+05
2.023589503111089191e-02 2.875186114506676095e+05
2.222996321434766651e-02 3.826132572747024242e+05
2.442052915136719640e-02 3.104966526553088333e+05
2.682695595500901239e-02 2.616449026918520103e+05
2.947051480134291537e-02 2.513733869429831684e+05
3.237457295239669353e-02 2.672071765023892513e+05
3.556480030685772731e-02 1.959225255661841074e+05
3.906939630451649464e-02 1.438565090684574679e+05
4.291933919013282694e-02 1.405247465513477800e+05
4.714865984004791566e-02 1.225904079043529637e+05
5.179474257198286163e-02 1.182991677919059002e+05
5.689865559697841746e-02 9.516555070403606805e+04
6.250551403444545850e-02 1.056756945772379113e+05
6.866487869913283359e-02 9.416367670461360831e+04
7.543119418501802176e-02 8.937883097145150532e+04
8.286427011848424007e-02 7.392822274727640615e+04
9.102980983473445142e-02 6.453006596737574728e+04
9.999999115058272325e-02 5.272851139684840746e+04
1.098541043672585787e-01 4.446524001128320378e+04
1.206792531427361148e-01 4.183678265649865352e+04
1.325711244288214907e-01 3.821194349395130121e+04
1.456348342787200378e-01 3.430532622332565370e+04
1.599858570014452974e-01 2.960015432550341211e+04
1.757510458761641914e-01 2.648237283658219894e+04
1.930697544488981787e-01 2.386324473825369205e+04
2.120950683230800604e-01 2.193838305844456772e+04
2.329951583321586417e-01 1.970442308395888540e+04
2.559547670553742882e-01 1.801912933513041207e+04
2.811768418164965477e-01 1.639332788949200767e+04
3.088843286001189403e-01 1.502690162588129169e+04
3.393221427425128778e-01 1.385849529645982329e+04
3.727593338166072523e-01 1.273577220439949815e+04
4.094914638472018087e-01 1.192694369411567277e+04
4.498432198782237879e-01 1.108575172773701888e+04
4.941712839853393824e-01 1.035753685091004445e+04
5.428674861028858212e-01 9.705672628180223910e+03
5.963622675339625978e-01 9.061083993054693565e+03
6.551284857587630350e-01 8.551182242894279625e+03
7.196855941730535555e-01 7.997497057647276051e+03
7.906042337028588163e-01 7.490018699336054851e+03
8.685112768820903995e-01 7.005636668462628222e+03
9.540953689793428838e-01 6.540020429586321370e+03
1.048113015153642191e+00 0.000000000000000000e+00
