1.048113066601954503e-02 4.979190041534043849e+05
1.151395323963562076e-02 0.000000000000000000e+00
1.264855132798976302e-02 4.630503236308667692e+05
1.389495400641860279e-02 2.476283059915855411e+05
1.526417862678452857e-02 2.119555332213685615e+05
1.676832820337198493e-02 0.000000000000000000e+00
1.842069839530119726e-02 3.370979572073673480e+05
2.023589503111089191e-02 2.072719652025572141e+05
2.222996321434766651e-02 1.735497576136870775e+05
2.442052915136719640e-02 1.586689249543080223e+05
2.682695595500901239e-02 1.481661964062108891e+05
2.947051480134291537e-02 7.934979443738116242e+04
3.237457295239669353e-02 6.234121947571300552e+04
3.556480030685772731e-02 6.436535066319807811e+04
3.906939630451649464e-02 5.337089830088580493e+04
4.291933919013282694e-02 4.117620521988407563e+04
4.714865984004791566e-02 3.510111859750153235e+04
5.179474257198286163e-02 3.469777291826856526e+04
5.689865559697841746e-02 3.722720541898693045e+04
6.250551403444545850e-02 3.809187768707978830e+04
6.866487869913283359e-02 3.388693548467475921e+04
7.543119418501802176e-02 2.919105796207204912e+04
8.286427011848424007e-02 1.997172443471371298e+04
9.102980983473445142e-02 1.432511260773598224e+04
9.999999115058272325e-02 1.196748211450348754e+04
1.098541043672585787e-01 1.195570052553945061e+04
1.206792531427361148e-01 1.212617483863110647e+04
1.325711244288214907e-01 9.812981944888506405e+03
1.456348342787200378e-01 7.631303335323548708e+03
1.599858570014452974e-01 6.403269003790773240e+03
1.757510458761641914e-01 5.944273866895430729e+03
1.930697544488981787e-01 5.244747961035223852e+03
2.120950683230800604e-01 4.317972385765744548e+03
2.329951583321586417e-01 3.830710487725570601e+03
2.559547670553742882e-01 3.382843820974299433e+03
2.811768418164965477e-01 2.926496718485709152e+03
3.088843286001189403e-01 2.568806478060869267e+03
3.393221427425128778e-01 2.273066474559263952e+03
3.727593338166072523e-01 2.009387192130631774e+03
4.094914638472018087e-01 1.799804609719201835e+03
4.498432198782237879e-01 1.602728797213385178e+03
4.941712839853393824e-01 1.449867853799004706e+03
5.428674861028858212e-01 1.304640620074966137e+03
5.963622675339625978e-01 1.179123800642722472e+03
6.551284857587630350e-01 1.072179106993862661e+03
7.196855941730535555e-01 9.799038462098429818e+02
7.906042337028588163e-01 8.966954404867332187e+02
8.685112768820903995e-01 8.211257231610569534e+02
9.540953689793428838e-01 7.549435098920155269e+02
1.048113015153642191e+00 0.000000000000000000e+00
