1.048113066601954503e-02 1.806006093955918623e+05
1.151395323963562076e-02 0.000000000000000000e+00
1.264855132798976302e-02 1.233867487781677919e+05
1.389495400641860279e-02 1.918422434487523860e+05
1.526417862678452857e-02 2.646857788295426872e+05
1.676832820337198493e-02 0.000000000000000000e+00
1.842069839530119726e-02 1.930882790960658167e+05
2.023589503111089191e-02 1.050505259280481114e+05
2.222996321434766651e-02 1.450487240492103156e+05
2.442052915136719640e-02 1.078520585077248543e+05
2.682695595500901239e-02 8.874387417758992524e+04
2.947051480134291537e-02 9.132519464659155346e+04
3.237457295239669353e-02 6.352092151927742088e+04
3.556480030685772731e-02 7.521998497544010752e+04
3.906939630451649464e-02 5.438628204465026647e+04
4.291933919013282694e-02 4.955659879924423876e+04
4.714865984004791566e-02 4.320523075948007317e+04
5.179474257198286163e-02 4.145537177223478648e+04
5.689865559697841746e-02 4.555023949234116299e+04
6.250551403444545850e-02 4.074320069811117719e+04
6.866487869913283359e-02 3.357337752373878902e+04
7.543119418501802176e-02 2.504650800338517001e+04
8.286427011848424007e-02 1.941381079921565834e+04
9.102980983473445142e-02 1.655837117192814185e+04
9.999999115058272325e-02 1.545050754274138308e+04
1.098541043672585787e-01 1.517340373121377525e+04
1.206792531427361148e-01 1.305492160200543549e+04
1.325711244288214907e-01 1.018236293129059777e+04
1.456348342787200378e-01 8.613052699323798151e+03
1.599858570014452974e-01 7.882569559842082526e+03
1.757510458761641914e-01 6.784842298396069054e+03
1.930697544488981787e-01 5.839550272398550078e+03
2.120950683230800604e-01 5.119939177779342572e+03
2.329951583321586417e-01 4.528104943336424185e+03
2.559547670553742882e-01 3.964174771381863138e+03
2.811768418164965477e-01 3.485625629817764093e+03
3.088843286001189403e-01 3.076074601746804092e+03
3.393221427425128778e-01 2.769310060458436965e+03
3.727593338166072523e-01 2.455458580620837438e+03
4.094914638472018087e-01 2.205662478905695025e+03
4.498432198782237879e-01 1.989634723195738843e+03
4.941712839853393824e-01 1.797613250330533901e+03
5.428674861028858212e-01 1.633889997007826196e+03
5.963622675339625978e-01 1.496416308528118861e+03
6.551284857587630350e-01 1.366780016090446679e+03
7.196855941730535555e-01 1.253553154471664129e+03
7.906042337028588163e-01 1.156801689019176138e+03
8.685112768820903995e-01 1.067267367450313486e+03
9.540953689793428838e-01 9.889750120830008200e+02
1.048113015153642191e+00 0.000000000000000000e+00
