1.048113066601954503e-02 1.353754239390958101e+06
1.151395323963562076e-02 0.000000000000000000e+00
1.264855132798976302e-02 1.290753725097154267e+06
1.389495400641860279e-02 1.423966878753825324e+06
1.526417862678452857e-02 3.896623574098845129e+05
1.676832820337198493e-02 0.000000000000000000e+00
1.842069839530119726e-02 6.015584949403190985e+05
2.023589503111089191e-02 7.756618107561497018e+05
2.222996321434766651e-02 6.276376322604210582e+05
2.442052915136719640e-02 5.870756300800400786e+05
2.682695595500901239e-02 3.947663650396403391e+05
2.947051480134291537e-02 3.617699563529539155e+05
3.237457295239669353e-02 1.899493082541265176e+05
3.556480030685772731e-02 1.820147063313354156e+05
3.906939630451649464e-02 1.536095896565332660e+05
4.291933919013282694e-02 1.046814479135990405e+05
4.714865984004791566e-02 9.942156483428459615e+04
5.179474257198286163e-02 9.012136683070962317e+04
5.689865559697841746e-02 9.312232148590715951e+04
6.250551403444545850e-02 8.571138148175447714e+04
6.866487869913283359e-02 8.150251466462001554e+04
7.543119418501802176e-02 7.215670193494539126e+04
8.286427011848424007e-02 6.022356609209548333e+04
9.102980983473445142e-02 4.592626965289878717e+04
9.999999115058272325e-02 3.562475720038077998e+04
1.098541043672585787e-01 3.225001600009299727e+04
1.206792531427361148e-01 2.981207108559157496e+04
1.325711244288214907e-01 2.637115877040562191e+04
1.456348342787200378e-01 2.287238173802888195e+04
1.599858570014452974e-01 1.938819073631653737e+04
1.757510458761641914e-01 1.725120701701589860e+04
1.930697544488981787e-01 1.539184505396403256e+04
2.120950683230800604e-01 1.340128552584261342e+04
2.329951583321586417e-01 1.179239541239980099e+04
2.559547670553742882e-01 1.059169925534912909e+04
2.811768418164965477e-01 9.521885852570907446e+03
3.088843286001189403e-01 8.473177015583460161e+03
3.393221427425128778e-01 7.728161399363509190e+03
3.727593338166072523e-01 6.930038571579299969e+03
4.094914638472018087e-01 6.296881206193791513e+03
4.498432198782237879e-01 5.799759148028988420e+03
4.941712839853393824e-01 5.278509042569571648e+03
5.428674861028858212e-01 4.829374142190195926e+03
5.963622675339625978e-01 4.449464777707072244e+03
6.551284857587630350e-01 4.105514463557270574e+03
7.196855941730535555e-01 3.779622995272286971e+03
7.906042337028588163e-01 3.467377004208663493e+03
8.685112768820903995e-01 3.185777006344420442e+03
9.540953689793428838e-01 2.920229092592348024e+03
1.048113015153642191e+00 0.000000000000000000e+00
