1.048113066601954503e-02 1.081704663315769285e+06
1.151395323963562076e-02 0.000000000000000000e+00
1.264855132798976302e-02 1.301318837302116444e+06
1.389495400641860279e-02 1.086095144068391761e+06
1.526417862678452857e-02 5.921705814323938685e+05
1.676832820337198493e-02 0.000000000000000000e+00
1.842069839530119726e-02 6.868779899365657475e+05
2.023589503111089191e-02 7.728180762906584423e+05
2.222996321434766651e-02 6.127779101882721297e+05
2.442052915136719640e-02 3.402191027540814830e+05
2.682695595500901239e-02 4.158533079608100234e+05
2.947051480134291537e-02 3.761085518041486503e+05
3.237457295239669353e-02 2.435365016802762402e+05
3.556480030685772731e-02 2.233221553762475087e+05
3.906939630451649464e-02 1.460799294502826524e+05
4.291933919013282694e-02 1.576892806764147535e+05
4.714865984004791566e-02 1.298063815435210126e+05
5.179474257198286163e-02 1.268060295264186570e+05
5.689865559697841746e-02 1.317643966989739856e+05
6.250551403444545850e-02 1.199420095035789855e+05
6.866487869913283359e-02 1.100728762316046341e+05
7.543119418501802176e-02 9.058758687858581834e+04
8.286427011848424007e-02 7.358447110608790535e+04
9.102980983473445142e-02 5.910043222058517131e+04
9.999999115058272325e-02 5.048042692588467617e+04
1.098541043672585787e-01 4.953369851894442399e+04
1.206792531427361148e-01 4.389151583787152776e+04
1.325711244288214907e-01 3.806153825185335882e+04
1.456348342787200378e-01 3.372391842476071906e+04
1.599858570014452974e-01 3.042129425221237761e+04
1.757510458761641914e-01 2.744490131306972762e+04
1.930697544488981787e-01 2.435787751062796451e+04
2.120950683230800604e-01 2.221128693271643715e+04
2.329951583321586417e-01 2.004462200744004804e+04
2.559547670553742882e-01 1.822172004205248231e+04
2.811768418164965477e-01 1.684019751682249625e+04
3.088843286001189403e-01 1.546418824714468792e+04
3.393221427425128778e-01 1.427852007163940107e+04
3.727593338166072523e-01 1.319341773578808352e+04
4.094914638472018087e-01 1.215024168480415392e+04
4.498432198782237879e-01 1.137005002024421265e+04
4.941712839853393824e-01 1.052557587830658667e+04
5.428674861028858212e-01 9.831030007988974830e+03
5.963622675339625978e-01 9.132638477302652973e+03
6.551284857587630350e-01 8.477215713059635164e+03
7.196855941730535555e-01 7.866030322297066959e+03
7.906042337028588163e-01 7.229259879105293294e+03
8.685112768820903995e-01 6.645976737042114109e+03
9.540953689793428838e-01 6.086475646877783220e+03
1.048113015153642191e+00 0.000000000000000000e+00
