1.048113066601954503e-02 4.116867297093007946e+05
1.151395323963562076e-02 0.000000000000000000e+00
1.264855132798976302e-02 2.395936054490281967e+05
1.389495400641860279e-02 4.409538447907957016e+05
1.526417862678452857e-02 3.114237062241946696e+05
1.676832820337198493e-02 0.000000000000000000e+00
1.842069839530119726e-02 2.932076459184602136e+05
2.023589503111089191e-02 3.457384018477537902e+05
2.222996321434766651e-02 2.990061770460673724e+05
2.442052915136719640e-02 3.365629375612770673e+05
2.682695595500901239e-02 2.127853154206654581e+05
2.947051480134291537e-02 2.048781826762956334e+05
3.237457295239669353e-02 1.525764404633772210e+05
3.556480030685772731e-02 1.031492015282704815e+05
3.906939630451649464e-02 8.990922626875460264e+04
4.291933919013282694e-02 7.577587574953987496e+04
4.714865984004791566e-02 6.518251600366670027e+04
5.179474257198286163e-02 7.441910779882549832e+04
5.689865559697841746e-02 6.643346140063618077e+04
6.250551403444545850e-02 5.834060603904064192e+04
6.866487869913283359e-02 5.215611270207006601e+04
7.543119418501802176e-02 4.304150517207591474e+04
8.286427011848424007e-02 3.393081172491441248e+04
9.102980983473445142e-02 2.612778221912001754e+04
9.999999115058272325e-02 2.346495600501698937e+04
1.098541043672585787e-01 2.139868937348373584e+04
1.206792531427361148e-01 1.941636830885972813e+04
1.325711244288214907e-01 1.605906415576951258e+04
1.456348342787200378e-01 1.341526558609327913e+04
1.599858570014452974e-01 1.140954221405824319e+04
1.757510458761641914e-01 1.014991023571445112e+04
1.930697544488981787e-01 8.887244538011073018e+03
2.120950683230800604e-01 7.609843478464486907e+03
2.329951583321586417e-01 6.674837416979318732e+03
2.559547670553742882e-01 5.883368847089994233e+03
2.811768418164965477e-01 5.175081850036370270e+03
3.088843286001189403e-01 4.546333573410055578e+03
3.393221427425128778e-01 4.052986895988449760e+03
3.727593338166072523e-01 3.604762952786330970e+03
4.094914638472018087e-01 3.224905268488115325e+03
4.498432198782237879e-01 2.891604364872961014e+03
4.941712839853393824e-01 2.617145005429999856e+03
5.428674861028858212e-01 2.372852353689730990e+03
5.963622675339625978e-01 2.155898552702944471e+03
6.551284857587630350e-01 1.962053139958092288e+03
7.196855941730535555e-01 1.797168227982547023e+03
7.906042337028588163e-01 1.651967619318668994e+03
8.685112768820903995e-01 1.522704653174504529e+03
9.540953689793428838e-01 1.400886154203452406e+03
1.048113015153642191e+00 0.000000000000000000e+00
