1.048113066601954503e-02 7.603411768631456653e+04
1.151395323963562076e-02 0.000000000000000000e+00
1.264855132798976302e-02 1.222260171682898799e+05
1.389495400641860279e-02 9.594782323752072989e+04
1.526417862678452857e-02 9.138774945215745538e+04
1.676832820337198493e-02 0.000000000000000000e+00
1.842069839530119726e-02 8.880787401939813572e+04
2.023589503111089191e-02 9.953280995128635550e+04
2.222996321434766651e-02 7.741914565702715481e+04
2.442052915136719640e-02 6.220421706344139966e+04
2.682695595500901239e-02 6.339425858051609248e+04
2.947051480134291537e-02 8.160915011356084142e+04
3.237457295239669353e-02 6.858919488892285153e+04
3.556480030685772731e-02 4.525114834279107163e+04
3.906939630451649464e-02 4.928885674718183873e+04
4.291933919013282694e-02 4.240315395401108981e+04
4.714865984004791566e-02 4.096136140470728424e+04
5.179474257198286163e-02 3.545960641951055732e+04
5.689865559697841746e-02 3.633078125123790232e+04
6.250551403444545850e-02 3.316550849332214420e+04
6.866487869913283359e-02 3.009285513643361264e+04
7.543119418501802176e-02 3.082900911571758479e+04
8.286427011848424007e-02 2.587156194707191753e+04
9.102980983473445142e-02 2.253667664359815535e+04
9.999999115058272325e-02 1.802448143288382562e+04
1.098541043672585787e-01 1.589301363592284179e+04
1.206792531427361148e-01 1.435082863528629241e+04
1.325711244288214907e-01 1.407883114734629635e+04
1.456348342787200378e-01 1.247923524448835997e+04
1.599858570014452974e-01 1.053939259098474213e+04
1.757510458761641914e-01 9.488341653660714655e+03
1.930697544488981787e-01 8.708474488555901189e+03
2.120950683230800604e-01 8.006341963436825608e+03
2.329951583321586417e-01 7.034955894902351247e+03
2.559547670553742882e-01 6.436431558981257695e+03
2.811768418164965477e-01 5.833843273458919612e+03
3.088843286001189403e-01 5.305858966820798742e+03
3.393221427425128778e-01 4.890738006927241258e+03
3.727593338166072523e-01 4.497888660404139046e+03
4.094914638472018087e-01 4.150129674489087847e+03
4.498432198782237879e-01 3.866615895953607833e+03
4.941712839853393824e-01 3.607789927112106852e+03
5.428674861028858212e-01 3.362946067873500397e+03
5.963622675339625978e-01 3.153235657707010887e+03
6.551284857587630350e-01 2.955716212426262700e+03
7.196855941730535555e-01 2.772596205219205331e+03
7.906042337028588163e-01 2.606521226782877420e+03
8.685112768820903995e-01 2.446413220576551794e+03
9.540953689793428838e-01 2.303978342738563697e+03
1.048113015153642191e+00 0.000000000000000000e+00
