1.048113066601954503e-02 4.894138884073674853e+04
1.151395323963562076e-02 0.000000000000000000e+00
1.264855132798976302e-02 5.691346066059243458e+04
1.389495400641860279e-02 8.381676646601399989e+04
1.526417862678452857e-02 4.814694902744713909e+04
1.676832820337198493e-02 0.000000000000000000e+00
1.842069839530119726e-02 7.148884526320072473e+04
2.023589503111089191e-02 7.634910128052186337e+04
2.222996321434766651e-02 7.435639746685187856e+04
2.442052915136719640e-02 7.880462880198133644e+04
2.682695595500901239e-02 6.171427253828015091e+04
2.947051480134291537e-02 6.574314925361926726e+04
3.237457295239669353e-02 9.216689655530804885e+04
3.556480030685772731e-02 6.090246977027658431e+04
3.906939630451649464e-02 7.104208983494300628e+04
4.291933919013282694e-02 6.607390168498357525e+04
4.714865984004791566e-02 5.839519454309831781e+04
5.179474257198286163e-02 5.606192349028366152e+04
5.689865559697841746e-02 5.922878454499378131e+04
6.250551403444545850e-02 4.771654924478489556e+04
6.866487869913283359e-02 4.707281314274929173e+04
7.543119418501802176e-02 4.651250943853534409e+04
8.286427011848424007e-02 4.434498813158675330e+04
9.102980983473445142e-02 4.204653956673997163e+04
9.999999115058272325e-02 3.701735265603809239e+04
1.098541043672585787e-01 3.202552947383333230e+04
1.206792531427361148e-01 3.009460362037879531e+04
1.325711244288214907e-01 2.802699588546404993e+04
1.456348342787200378e-01 2.627434874051169754e+04
1.599858570014452974e-01 2.397260655413123459e+04
1.757510458761641914e-01 2.168590538119574194e+04
1.930697544488981787e-01 1.976704118709124668e+04
2.120950683230800604e-01 1.829738985103073719e+04
2.329951583321586417e-01 1.670727095508368802e+04
2.559547670553742882e-01 1.561702048365618248e+04
2.811768418164965477e-01 1.452542607256132396e+04
3.088843286001189403e-01 1.357051042128262998e+04
3.393221427425128778e-01 1.280688924120754382e+04
3.727593338166072523e-01 1.193348509477569496e+04
4.094914638472018087e-01 1.129235026922790894e+04
4.498432198782237879e-01 1.067640573380807837e+04
4.941712839853393824e-01 1.014480129390561706e+04
5.428674861028858212e-01 9.696448097890832287e+03
5.963622675339625978e-01 9.269261560319315322e+03
6.551284857587630350e-01 8.858585095130878472e+03
7.196855941730535555e-01 8.472092445351521746e+03
7.906042337028588163e-01 8.096606578244141019e+03
8.685112768820903995e-01 7.740320622090177494e+03
9.540953689793428838e-01 7.403248200625900608e+03
1.048113015153642191e+00 0.000000000000000000e+00
