1.048113066601954503e-02 9.284783840771600080e+04
1.151395323963562076e-02 0.000000000000000000e+00
1.264855132798976302e-02 7.439769509247598762e+04
1.389495400641860279e-02 3.518776323443009460e+04
1.526417862678452857e-02 7.784442993440074497e+04
1.676832820337198493e-02 0.000000000000000000e+00
1.842069839530119726e-02 6.921367311730366782e+04
2.023589503111089191e-02 8.335566269143031968e+04
2.222996321434766651e-02 1.093348303652901668e+05
2.442052915136719640e-02 5.011368498739131610e+04
2.682695595500901239e-02 7.043373519293725258e+04
2.947051480134291537e-02 5.820955959015344706e+04
3.237457295239669353e-02 5.825030773344828776e+04
3.556480030685772731e-02 4.492169726982539578e+04
3.906939630451649464e-02 5.264477061116162804e+04
4.291933919013282694e-02 4.470854492814583500e+04
4.714865984004791566e-02 3.839217833692040585e+04
5.179474257198286163e-02 3.752561351171448769e+04
5.689865559697841746e-02 3.472625749474792974e+04
6.250551403444545850e-02 3.064943238440548885e+04
6.866487869913283359e-02 3.173247704938738389e+04
7.543119418501802176e-02 2.943222879108064444e+04
8.286427011848424007e-02 2.515139774192746700e+04
9.102980983473445142e-02 2.148144256206000500e+04
9.999999115058272325e-02 1.797987991646550654e+04
1.098541043672585787e-01 1.628841867703370917e+04
1.206792531427361148e-01 1.499040765895886398e+04
1.325711244288214907e-01 1.408930244899591889e+04
1.456348342787200378e-01 1.240850060100118208e+04
1.599858570014452974e-01 1.033764971148532095e+04
1.757510458761641914e-01 9.250215619497366788e+03
1.930697544488981787e-01 8.382911425031701583e+03
2.120950683230800604e-01 7.624734546042302100e+03
2.329951583321586417e-01 6.756731312454554427e+03
2.559547670553742882e-01 6.186570832295446962e+03
2.811768418164965477e-01 5.562258491150482769e+03
3.088843286001189403e-01 5.074793354978684874e+03
3.393221427425128778e-01 4.589511788145367973e+03
3.727593338166072523e-01 4.203514056166191040e+03
4.094914638472018087e-01 3.881805409167970538e+03
4.498432198782237879e-01 3.594380530069064662e+03
4.941712839853393824e-01 3.338550515937058663e+03
5.428674861028858212e-01 3.110548190243227054e+03
5.963622675339625978e-01 2.893807613534820121e+03
6.551284857587630350e-01 2.704643250556325711e+03
7.196855941730535555e-01 2.537835234895159374e+03
7.906042337028588163e-01 2.380725126455593454e+03
8.685112768820903995e-01 2.237649018061267270e+03
9.540953689793428838e-01 2.102808316109145835e+03
1.048113015153642191e+00 0.000000000000000000e+00
