1.048113066601954503e-02 2.652843651943701116e+04
1.151395323963562076e-02 0.000000000000000000e+00
1.264855132798976302e-02 1.561019668518678009e+04
1.389495400641860279e-02 1.284706893481494808e+04
1.526417862678452857e-02 2.926696328638026171e+04
1.676832820337198493e-02 0.000000000000000000e+00
1.842069839530119726e-02 1.543931440440975712e+04
2.023589503111089191e-02 3.070576242565991924e+04
2.222996321434766651e-02 2.034896414530778566e+04
2.442052915136719640e-02 2.341035367675034649e+04
2.682695595500901239e-02 2.368360926732110966e+04
2.947051480134291537e-02 2.364791411253125989e+04
3.237457295239669353e-02 2.581535623684633902e+04
3.556480030685772731e-02 2.612046262437098267e+04
3.906939630451649464e-02 2.563685333553263263e+04
4.291933919013282694e-02 2.474344147923525452e+04
4.714865984004791566e-02 2.084404058685091150e+04
5.179474257198286163e-02 2.152365476631620550e+04
5.689865559697841746e-02 1.897906783831876965e+04
6.250551403444545850e-02 1.894147799435285924e+04
6.866487869913283359e-02 1.982517765772867642e+04
7.543119418501802176e-02 1.804919352936399082e+04
8.286427011848424007e-02 1.715556313544582372e+04
9.102980983473445142e-02 1.648238664197629623e+04
9.999999115058272325e-02 1.478277537244551422e+04
1.098541043672585787e-01 1.321581890883935921e+04
1.206792531427361148e-01 1.249873724686433525e+04
1.325711244288214907e-01 1.151875601455228389e+04
1.456348342787200378e-01 1.057967267335723591e+04
1.599858570014452974e-01 9.384823466773999826e+03
1.757510458761641914e-01 8.478535061774271526e+03
1.930697544488981787e-01 8.017752975747493110e+03
2.120950683230800604e-01 7.251400762469943402e+03
2.329951583321586417e-01 6.684273721118124740e+03
2.559547670553742882e-01 6.129300194358392218e+03
2.811768418164965477e-01 5.640953600222707792e+03
3.088843286001189403e-01 5.243009763255976395e+03
3.393221427425128778e-01 4.894370957783607992e+03
3.727593338166072523e-01 4.535338785523729712e+03
4.094914638472018087e-01 4.258562530433584470e+03
4.498432198782237879e-01 3.994580387278375838e+03
4.941712839853393824e-01 3.761903967337886570e+03
5.428674861028858212e-01 3.547751386539999203e+03
5.963622675339625978e-01 3.354599420484229086e+03
6.551284857587630350e-01 3.189030496969827709e+03
7.196855941730535555e-01 3.023975798097178085e+03
7.906042337028588163e-01 2.872997172546870388e+03
8.685112768820903995e-01 2.724974745881893796e+03
9.540953689793428838e-01 2.584215427971661484e+03
1.048113015153642191e+00 0.000000000000000000e+00
