1.048113066601954503e-02 3.519999385278181580e+04
1.151395323963562076e-02 0.000000000000000000e+00
1.264855132798976302e-02 4.351535875738051254e+04
1.389495400641860279e-02 3.786121053459793620e+04
1.526417862678452857e-02 4.092303259861125116e+04
1.676832820337198493e-02 0.000000000000000000e+00
1.842069839530119726e-02 6.217850640174104774e+04
2.023589503111089191e-02 3.530835875134390517e+04
2.222996321434766651e-02 3.404169620707136346e+04
2.442052915136719640e-02 4.407960237740373850e+04
2.682695595500901239e-02 4.281778686637658393e+04
2.947051480134291537e-02 2.957599191032351519e+04
3.237457295239669353e-02 3.530073096146523312e+04
3.556480030685772731e-02 3.607640335165576835e+04
3.906939630451649464e-02 2.953326769088814399e+04
4.291933919013282694e-02 3.057322706236769955e+04
4.714865984004791566e-02 2.567500116467719636e+04
5.179474257198286163e-02 2.339287179269578337e+04
5.689865559697841746e-02 2.186874557925121189e+04
6.250551403444545850e-02 2.106180495146299654e+04
6.866487869913283359e-02 2.081473353260457952e+04
7.543119418501802176e-02 1.934556317767628207e+04
8.286427011848424007e-02 1.683591432289237491e+04
9.102980983473445142e-02 1.577511063105440917e+04
9.999999115058272325e-02 1.249091803324967077e+04
1.098541043672585787e-01 1.160239894758492665e+04
1.206792531427361148e-01 1.059151601697308979e+04
1.325711244288214907e-01 9.625241215495338110e+03
1.456348342787200378e-01 8.543722611554549076e+03
1.599858570014452974e-01 7.417380867002219020e+03
1.757510458761641914e-01 6.418625400932770390e+03
1.930697544488981787e-01 5.870642525338951600e+03
2.120950683230800604e-01 5.218868104592271266e+03
2.329951583321586417e-01 4.611372649964920129e+03
2.559547670553742882e-01 4.153734011658590134e+03
2.811768418164965477e-01 3.750003752829489713e+03
3.088843286001189403e-01 3.346241560054625552e+03
3.393221427425128778e-01 3.039809282610526679e+03
3.727593338166072523e-01 2.727912665681695671e+03
4.094914638472018087e-01 2.491670290512221072e+03
4.498432198782237879e-01 2.285782877115768770e+03
4.941712839853393824e-01 2.094348371919765668e+03
5.428674861028858212e-01 1.927064840564251426e+03
5.963622675339625978e-01 1.780734392587092771e+03
6.551284857587630350e-01 1.647115487763796409e+03
7.196855941730535555e-01 1.535384898849448518e+03
7.906042337028588163e-01 1.431320574758399744e+03
8.685112768820903995e-01 1.337248036257180047e+03
9.540953689793428838e-01 1.253905347925097658e+03
1.048113015153642191e+00 0.000000000000000000e+00
