1.048113066601954503e-02 2.430231669767691637e+05
1.151395323963562076e-02 0.000000000000000000e+00
1.264855132798976302e-02 1.227543312904862978e+05
1.389495400641860279e-02 1.191584474866841483e+05
1.526417862678452857e-02 1.908187681789243070e+05
1.676832820337198493e-02 0.000000000000000000e+00
1.842069839530119726e-02 1.676755841128765023e+05
2.023589503111089191e-02 1.306847678320659179e+05
2.222996321434766651e-02 8.419356578652691678e+04
2.442052915136719640e-02 1.120020592423066992e+05
2.682695595500901239e-02 9.375443978324954514e+04
2.947051480134291537e-02 7.410270294358095271e+04
3.237457295239669353e-02 6.393152451646667760e+04
3.556480030685772731e-02 5.734219489985078690e+04
3.906939630451649464e-02 5.549568979691081040e+04
4.291933919013282694e-02 5.497946163142795558e+04
4.714865984004791566e-02 4.530005545597990567e+04
5.179474257198286163e-02 4.323575926015324512e+04
5.689865559697841746e-02 4.158943775320536224e+04
6.250551403444545850e-02 4.071492782363317383e+04
6.866487869913283359e-02 3.269584554647269397e+04
7.543119418501802176e-02 2.491717079195232873e+04
8.286427011848424007e-02 2.059181750994056347e+04
9.102980983473445142e-02 1.855635328255460263e+04
9.999999115058272325e-02 1.866992972385577741e+04
1.098541043672585787e-01 1.692323952809791081e+04
1.206792531427361148e-01 1.386978239710725211e+04
1.325711244288214907e-01 1.170624398419652971e+04
1.456348342787200378e-01 1.085373906739366976e+04
1.599858570014452974e-01 1.005520387441258208e+04
1.757510458761641914e-01 8.782562454854429234e+03
1.930697544488981787e-01 7.876665691519645407e+03
2.120950683230800604e-01 6.992386536736094058e+03
2.329951583321586417e-01 6.305759128247094850e+03
2.559547670553742882e-01 5.670892689648540909e+03
2.811768418164965477e-01 5.155101616534774621e+03
3.088843286001189403e-01 4.721621518408360316e+03
3.393221427425128778e-01 4.303262594587518834e+03
3.727593338166072523e-01 3.964692156059268200e+03
4.094914638472018087e-01 3.679402476203926653e+03
4.498432198782237879e-01 3.393261378455714748e+03
4.941712839853393824e-01 3.154874553166433088e+03
5.428674861028858212e-01 2.940046056573074566e+03
5.963622675339625978e-01 2.742844186029556113e+03
6.551284857587630350e-01 2.569761912371527615e+03
7.196855941730535555e-01 2.401495914255851858e+03
7.906042337028588163e-01 2.241548324367378882e+03
8.685112768820903995e-01 2.093503887236913670e+03
9.540953689793428838e-01 1.957866417252171686e+03
1.048113015153642191e+00 0.000000000000000000e+00
