1.048113066601954503e-02 2.961496051198505666e+04
1.151395323963562076e-02 0.000000000000000000e+00
1.264855132798976302e-02 9.379698585328017361e+04
1.389495400641860279e-02 5.778859165740262688e+04
1.526417862678452857e-02 9.111833053470219602e+04
1.676832820337198493e-02 0.000000000000000000e+00
1.842069839530119726e-02 6.128498217478692095e+04
2.023589503111089191e-02 5.659574154126955546e+04
2.222996321434766651e-02 5.007323255116671498e+04
2.442052915136719640e-02 4.564751085160620278e+04
2.682695595500901239e-02 7.674858475075596652e+04
2.947051480134291537e-02 5.621324933554578456e+04
3.237457295239669353e-02 5.411700977716975467e+04
3.556480030685772731e-02 5.086892390374346724e+04
3.906939630451649464e-02 5.028233340389189834e+04
4.291933919013282694e-02 4.863565520277729956e+04
4.714865984004791566e-02 4.605370626924156386e+04
5.179474257198286163e-02 3.952850514605021453e+04
5.689865559697841746e-02 3.940992879839274974e+04
6.250551403444545850e-02 3.683842437967473234e+04
6.866487869913283359e-02 3.298286903490306577e+04
7.543119418501802176e-02 3.220046303444234945e+04
8.286427011848424007e-02 2.900860914998369844e+04
9.102980983473445142e-02 2.483801973855478354e+04
9.999999115058272325e-02 2.231446909559267806e+04
1.098541043672585787e-01 2.038309329817256366e+04
1.206792531427361148e-01 1.846267165711578491e+04
1.325711244288214907e-01 1.597094826831171667e+04
1.456348342787200378e-01 1.497839051023596767e+04
1.599858570014452974e-01 1.318350774309263215e+04
1.757510458761641914e-01 1.151893456335394876e+04
1.930697544488981787e-01 1.034033486610579530e+04
2.120950683230800604e-01 9.389007148940832849e+03
2.329951583321586417e-01 8.345942602987630380e+03
2.559547670553742882e-01 7.534564700051918408e+03
2.811768418164965477e-01 6.807730344272475122e+03
3.088843286001189403e-01 6.174677216892965589e+03
3.393221427425128778e-01 5.651953033509940724e+03
3.727593338166072523e-01 5.148723703422192557e+03
4.094914638472018087e-01 4.748721771963119863e+03
4.498432198782237879e-01 4.370187889510903915e+03
4.941712839853393824e-01 4.046156856597150636e+03
5.428674861028858212e-01 3.770660927479872043e+03
5.963622675339625978e-01 3.510414644934841817e+03
6.551284857587630350e-01 3.281405080434710271e+03
7.196855941730535555e-01 3.080306059045831717e+03
7.906042337028588163e-01 2.898190767874257745e+03
8.685112768820903995e-01 2.720362366540925450e+03
9.540953689793428838e-01 2.564176067163497464e+03
1.048113015153642191e+00 0.000000000000000000e+00
