1.048113066601954503e-02 1.388212131600195426e+05
1.151395323963562076e-02 0.000000000000000000e+00
1.264855132798976302e-02 2.189794395802260260e+05
1.389495400641860279e-02 1.968598206792143756e+05
1.526417862678452857e-02 2.579601219811368501e+05
1.676832820337198493e-02 0.000000000000000000e+00
1.842069839530119726e-02 1.822383623084158171e+05
2.023589503111089191e-02 1.631794289023411111e+05
2.222996321434766651e-02 1.417437125740838819e+05
2.442052915136719640e-02 1.199876100886522909e+05
2.682695595500901239e-02 1.783408525767428800e+05
2.947051480134291537e-02 1.677925520273538423e+05
3.237457295239669353e-02 1.284830654293151747e+05
3.556480030685772731e-02 1.226511184054444748e+05
3.906939630451649464e-02 9.730823960088567401e+04
4.291933919013282694e-02 8.347470559572879574e+04
4.714865984004791566e-02 7.789062987636300386e+04
5.179474257198286163e-02 6.749394275426174863e+04
5.689865559697841746e-02 6.074309360998539341e+04
6.250551403444545850e-02 5.798873932430900459e+04
6.866487869913283359e-02 5.441992860477471550e+04
7.543119418501802176e-02 4.660993279025364609e+04
8.286427011848424007e-02 4.274314020196809724e+04
9.102980983473445142e-02 3.836810190944901115e+04
9.999999115058272325e-02 3.136680329351072578e+04
1.098541043672585787e-01 2.660627542920329870e+04
1.206792531427361148e-01 2.271340384378968884e+04
1.325711244288214907e-01 2.080607149038371790e+04
1.456348342787200378e-01 1.895370894454448353e+04
1.599858570014452974e-01 1.649819851459881465e+04
1.757510458761641914e-01 1.394693241883076735e+04
1.930697544488981787e-01 1.249492345966769790e+04
2.120950683230800604e-01 1.096080059371628704e+04
2.329951583321586417e-01 9.741499296079107808e+03
2.559547670553742882e-01 8.610631616559370741e+03
2.811768418164965477e-01 7.615263397539680227e+03
3.088843286001189403e-01 6.881567604313735501e+03
3.393221427425128778e-01 6.194457765777426175e+03
3.727593338166072523e-01 5.561593405290635928e+03
4.094914638472018087e-01 5.060081717065946577e+03
4.498432198782237879e-01 4.586870998643691564e+03
4.941712839853393824e-01 4.189771726581179792e+03
5.428674861028858212e-01 3.843628573998948013e+03
5.963622675339625978e-01 3.532148166078157374e+03
6.551284857587630350e-01 3.261544237994293781e+03
7.196855941730535555e-01 3.024600555157872805e+03
7.906042337028588163e-01 2.799014016100676599e+03
8.685112768820903995e-01 2.599386925076214538e+03
9.540953689793428838e-01 2.416317032183132596e+03
1.048113015153642191e+00 0.000000000000000000e+00
