1.048113066601954503e-02 8.023633644921473460e+05
1.151395323963562076e-02 0.000000000000000000e+00
1.264855132798976302e-02 3.653055914379497990e+05
1.389495400641860279e-02 4.913585504306721268e+05
1.526417862678452857e-02 4.980578216748260311e+05
1.676832820337198493e-02 0.000000000000000000e+00
1.842069839530119726e-02 3.712559683828229900e+05
2.023589503111089191e-02 2.385236241985984962e+05
2.222996321434766651e-02 1.740661329939670104e+05
2.442052915136719640e-02 2.149958938908803102e+05
2.682695595500901239e-02 2.215282081677629030e+05
2.947051480134291537e-02 1.331407750453104381e+05
3.237457295239669353e-02 1.135100955450149922e+05
3.556480030685772731e-02 1.040556669861829141e+05
3.906939630451649464e-02 8.013855961929612386e+04
4.291933919013282694e-02 8.249680127065985289e+04
4.714865984004791566e-02 7.392756486094678985e+04
5.179474257198286163e-02 7.061716312735571410e+04
5.689865559697841746e-02 6.717644933236209909e+04
6.250551403444545850e-02 6.049803179379100038e+04
6.866487869913283359e-02 5.148575901085809164e+04
7.543119418501802176e-02 3.999580116360171087e+04
8.286427011848424007e-02 3.284269575068417180e+04
9.102980983473445142e-02 2.633897684586651303e+04
9.999999115058272325e-02 2.436549399575697316e+04
1.098541043672585787e-01 2.141058767694041308e+04
1.206792531427361148e-01 1.901543709513363137e+04
1.325711244288214907e-01 1.588375948072866959e+04
1.456348342787200378e-01 1.334341353979887208e+04
1.599858570014452974e-01 1.175163298069253869e+04
1.757510458761641914e-01 1.030875898702971608e+04
1.930697544488981787e-01 8.843369573739284533e+03
2.120950683230800604e-01 7.845445941994761597e+03
2.329951583321586417e-01 6.806487892985838698e+03
2.559547670553742882e-01 6.026581992600329613e+03
2.811768418164965477e-01 5.325513714277722102e+03
3.088843286001189403e-01 4.690211387177655524e+03
3.393221427425128778e-01 4.168891159211421837e+03
3.727593338166072523e-01 3.739214420384480036e+03
4.094914638472018087e-01 3.364333426463642809e+03
4.498432198782237879e-01 3.030998743029966590e+03
4.941712839853393824e-01 2.750298794549092690e+03
5.428674861028858212e-01 2.497891110227423724e+03
5.963622675339625978e-01 2.271675485603398556e+03
6.551284857587630350e-01 2.076167709761928108e+03
7.196855941730535555e-01 1.903685605699570033e+03
7.906042337028588163e-01 1.755963301265072232e+03
8.685112768820903995e-01 1.617537887410832809e+03
9.540953689793428838e-01 1.487706102305046898e+03
1.048113015153642191e+00 0.000000000000000000e+00
