1.048113066601954503e-02 1.223631495440951257e+05
1.151395323963562076e-02 0.000000000000000000e+00
1.264855132798976302e-02 1.439046408918899251e+05
1.389495400641860279e-02 1.700854275385023793e+05
1.526417862678452857e-02 3.153592528417017893e+05
1.676832820337198493e-02 0.000000000000000000e+00
1.842069839530119726e-02 1.169269967448775424e+05
2.023589503111089191e-02 1.638524795373139787e+05
2.222996321434766651e-02 1.902612259653010988e+05
2.442052915136719640e-02 1.735622955319349712e+05
2.682695595500901239e-02 1.273798548836650589e+05
2.947051480134291537e-02 1.518353146293098398e+05
3.237457295239669353e-02 9.442561559424910229e+04
3.556480030685772731e-02 9.571434649962744152e+04
3.906939630451649464e-02 6.533136177077415050e+04
4.291933919013282694e-02 8.779204826550406870e+04
4.714865984004791566e-02 8.377310624508159526e+04
5.179474257198286163e-02 7.692177807374444092e+04
5.689865559697841746e-02 6.896133498360091471e+04
6.250551403444545850e-02 6.084315159386819869e+04
6.866487869913283359e-02 4.994812915725295898e+04
7.543119418501802176e-02 4.151568295861034130e+04
8.286427011848424007e-02 3.442187016059093003e+04
9.102980983473445142e-02 3.182304538884595240e+04
9.999999115058272325e-02 2.893943538791462197e+04
1.098541043672585787e-01 2.507683186596083397e+04
1.206792531427361148e-01 2.117043314685336372e+04
1.325711244288214907e-01 1.861829566037029144e+04
1.456348342787200378e-01 1.662531890305761408e+04
1.599858570014452974e-01 1.462951967858568241e+04
1.757510458761641914e-01 1.262816225367619882e+04
1.930697544488981787e-01 1.124320385612395330e+04
2.120950683230800604e-01 9.982621136281466534e+03
2.329951583321586417e-01 8.914160652580867463e+03
2.559547670553742882e-01 7.888601973138618632e+03
2.811768418164965477e-01 7.077559635853484906e+03
3.088843286001189403e-01 6.415509338479174403e+03
3.393221427425128778e-01 5.827107029749933645e+03
3.727593338166072523e-01 5.244113853461381950e+03
4.094914638472018087e-01 4.796134286172580687e+03
4.498432198782237879e-01 4.411328302757751771e+03
4.941712839853393824e-01 4.082167696912034444e+03
5.428674861028858212e-01 3.752429995471450638e+03
5.963622675339625978e-01 3.497615130779851825e+03
6.551284857587630350e-01 3.240133835456276756e+03
7.196855941730535555e-01 3.015168502342093234e+03
7.906042337028588163e-01 2.806827882005313768e+03
8.685112768820903995e-01 2.625084248948168351e+03
9.540953689793428838e-01 2.455133452351643427e+03
1.048113015153642191e+00 0.000000000000000000e+00
