1.048113066601954503e-02 1.717525144228764344e+06
1.151395323963562076e-02 0.000000000000000000e+00
1.264855132798976302e-02 1.023295465365126613e+06
1.389495400641860279e-02 1.751815152346754447e+06
1.526417862678452857e-02 1.197888097678692313e+06
1.676832820337198493e-02 0.000000000000000000e+00
1.842069839530119726e-02 1.008896867520395434e+06
2.023589503111089191e-02 1.412232676907737041e+06
2.222996321434766651e-02 8.035983959599249065e+05
2.442052915136719640e-02 5.752998235160972690e+05
2.682695595500901239e-02 4.439997287255224655e+05
2.947051480134291537e-02 3.356990769849910866e+05
3.237457295239669353e-02 1.903922432473940135e+05
3.556480030685772731e-02 1.640899228816307441e+05
3.906939630451649464e-02 1.446263298612381041e+05
4.291933919013282694e-02 1.347419721836787648e+05
4.714865984004791566e-02 1.322150629740009899e+05
5.179474257198286163e-02 1.491012982839213510e+05
5.689865559697841746e-02 1.615164413645032619e+05
6.250551403444545850e-02 1.810471063964786299e+05
6.866487869913283359e-02 1.398812808987860917e+05
7.543119418501802176e-02 1.073669282991075888e+05
8.286427011848424007e-02 7.878165281471963681e+04
9.102980983473445142e-02 6.548303400277711626e+04
9.999999115058272325e-02 6.204134220696058037e+04
1.098541043672585787e-01 6.246280686194838199e+04
1.206792531427361148e-01 5.466933652512113622e+04
1.325711244288214907e-01 4.601987482889309467e+04
1.456348342787200378e-01 4.062099208825441747e+04
1.599858570014452974e-01 3.629336791564366285e+04
1.757510458761641914e-01 3.272891089389881381e+04
1.930697544488981787e-01 3.000964958164661221e+04
2.120950683230800604e-01 2.692960007883429353e+04
2.329951583321586417e-01 2.436712759137687317e+04
2.559547670553742882e-01 2.236822292547154939e+04
2.811768418164965477e-01 2.046935124350840124e+04
3.088843286001189403e-01 1.899852087189870508e+04
3.393221427425128778e-01 1.749926790164345221e+04
3.727593338166072523e-01 1.629909105325594282e+04
4.094914638472018087e-01 1.532277942204770079e+04
4.498432198782237879e-01 1.426128799638759483e+04
4.941712839853393824e-01 1.340963872103867470e+04
5.428674861028858212e-01 1.248413527010827966e+04
5.963622675339625978e-01 1.170935909578115752e+04
6.551284857587630350e-01 1.098549865049432992e+04
7.196855941730535555e-01 1.027729266620517956e+04
7.906042337028588163e-01 9.625827227327918081e+03
8.685112768820903995e-01 8.975299780610588641e+03
9.540953689793428838e-01 8.344088447573869416e+03
1.048113015153642191e+00 0.000000000000000000e+00
