1.048113066601954503e-02 1.126131845167309802e+05
1.151395323963562076e-02 0.000000000000000000e+00
1.264855132798976302e-02 1.612585987456073635e+05
1.389495400641860279e-02 2.631229080978156999e+05
1.526417862678452857e-02 1.952150959098373423e+05
1.676832820337198493e-02 0.000000000000000000e+00
1.842069839530119726e-02 2.922639331954645459e+05
2.023589503111089191e-02 2.949422432912919903e+05
2.222996321434766651e-02 2.254861071583149605e+05
2.442052915136719640e-02 2.456692664532013296e+05
2.682695595500901239e-02 1.516955817915862426e+05
2.947051480134291537e-02 1.940544750434754824e+05
3.237457295239669353e-02 1.624282113469355681e+05
3.556480030685772731e-02 1.375953290654398734e+05
3.906939630451649464e-02 1.213665121346366795e+05
4.291933919013282694e-02 1.220915163024029171e+05
4.714865984004791566e-02 1.172000332113117038e+05
5.179474257198286163e-02 1.081715401942227909e+05
5.689865559697841746e-02 9.991744596577102493e+04
6.250551403444545850e-02 9.026953723463533970e+04
6.866487869913283359e-02 8.359841282243137539e+04
7.543119418501802176e-02 8.023739884625891864e+04
8.286427011848424007e-02 6.967192818946189072e+04
9.102980983473445142e-02 5.835190674309607130e+04
9.999999115058272325e-02 5.101261173150864488e+04
1.098541043672585787e-01 4.755890318278293853e+04
1.206792531427361148e-01 4.531150507174854283e+04
1.325711244288214907e-01 4.007007458921773650e+04
1.456348342787200378e-01 3.513551989765824692e+04
1.599858570014452974e-01 3.212455307304694361e+04
1.757510458761641914e-01 2.927660360808621772e+04
1.930697544488981787e-01 2.655597247543551930e+04
2.120950683230800604e-01 2.440837945933645824e+04
2.329951583321586417e-01 2.208244077690516133e+04
2.559547670553742882e-01 2.039111434991438728e+04
2.811768418164965477e-01 1.875350583361859753e+04
3.088843286001189403e-01 1.747039470462892496e+04
3.393221427425128778e-01 1.642109002598827647e+04
3.727593338166072523e-01 1.539111317774928102e+04
4.094914638472018087e-01 1.442724324955587144e+04
4.498432198782237879e-01 1.359152956424313379e+04
4.941712839853393824e-01 1.277453077867537468e+04
5.428674861028858212e-01 1.212020394942540588e+04
5.963622675339625978e-01 1.149183170494249862e+04
6.551284857587630350e-01 1.091321221957168746e+04
7.196855941730535555e-01 1.036330681744898902e+04
7.906042337028588163e-01 9.831022781149789807e+03
8.685112768820903995e-01 9.303856441726717094e+03
9.540953689793428838e-01 8.809171790637559752e+03
1.048113015153642191e+00 0.000000000000000000e+00
