1.048113066601954503e-02 3.318644125880224747e+05
1.151395323963562076e-02 0.000000000000000000e+00
1.264855132798976302e-02 1.927813954876603966e+05
1.389495400641860279e-02 3.549083682353245094e+05
1.526417862678452857e-02 2.508143292424189858e+05
1.676832820337198493e-02 0.000000000000000000e+00
1.842069839530119726e-02 2.358101894847940421e+05
2.023589503111089191e-02 2.781906276431138976e+05
2.222996321434766651e-02 2.408175611236221157e+05
2.442052915136719640e-02 2.708567875912885647e+05
2.682695595500901239e-02 1.711042278539570980e+05
2.947051480134291537e-02 1.646153722620496410e+05
3.237457295239669353e-02 1.225717392022741551e+05
3.556480030685772731e-02 8.274633345276431646e+04
3.906939630451649464e-02 7.223515169872854312e+04
4.291933919013282694e-02 6.084420577392476844e+04
4.714865984004791566e-02 5.229676457122572174e+04
5.179474257198286163e-02 5.969479075847050990e+04
5.689865559697841746e-02 5.323991940897523455e+04
6.250551403444545850e-02 4.676432835083341342e+04
6.866487869913283359e-02 4.176430556023131794e+04
7.543119418501802176e-02 3.443369418024215702e+04
8.286427011848424007e-02 2.711261872988554751e+04
9.102980983473445142e-02 2.085687032140014344e+04
9.999999115058272325e-02 1.871267772797249199e+04
1.098541043672585787e-01 1.706058199775626417e+04
1.206792531427361148e-01 1.546887409177482004e+04
1.325711244288214907e-01 1.277203325790781491e+04
1.456348342787200378e-01 1.065291978603855023e+04
1.599858570014452974e-01 9.049164312472996244e+03
1.757510458761641914e-01 8.041632666397528737e+03
1.930697544488981787e-01 7.027616597018020002e+03
2.120950683230800604e-01 6.008891464212504616e+03
2.329951583321586417e-01 5.263119255761906061e+03
2.559547670553742882e-01 4.630827357581546494e+03
2.811768418164965477e-01 4.066294383803370692e+03
3.088843286001189403e-01 3.566043190402596338e+03
3.393221427425128778e-01 3.173168934221937889e+03
3.727593338166072523e-01 2.817363979931059475e+03
4.094914638472018087e-01 2.515829510099924391e+03
4.498432198782237879e-01 2.251713285189028284e+03
4.941712839853393824e-01 2.034121859134462284e+03
5.428674861028858212e-01 1.840835961053606070e+03
5.963622675339625978e-01 1.669458209083769361e+03
6.551284857587630350e-01 1.516552415982062257e+03
7.196855941730535555e-01 1.386568873575390171e+03
7.906042337028588163e-01 1.272210343220593586e+03
8.685112768820903995e-01 1.170504047884002375e+03
9.540953689793428838e-01 1.074926662079339167e+03
1.048113015153642191e+00 0.000000000000000000e+00
