1.048113066601954503e-02 7.253554611103076604e+04
1.151395323963562076e-02 0.000000000000000000e+00
1.264855132798976302e-02 3.208809168277418357e+05
1.389495400641860279e-02 1.589280367669035622e+05
1.526417862678452857e-02 2.403434066154456232e+05
1.676832820337198493e-02 0.000000000000000000e+00
1.842069839530119726e-02 1.323261844651209831e+05
2.023589503111089191e-02 1.531741010505041340e+05
2.222996321434766651e-02 1.394168209870270221e+05
2.442052915136719640e-02 1.220429379866347299e+05
2.682695595500901239e-02 1.056554609834928706e+05
2.947051480134291537e-02 1.144479079217501276e+05
3.237457295239669353e-02 1.162398984136165964e+05
3.556480030685772731e-02 7.792209118111385033e+04
3.906939630451649464e-02 6.463909133910491801e+04
4.291933919013282694e-02 6.199552686848510348e+04
4.714865984004791566e-02 5.633247166827958426e+04
5.179474257198286163e-02 5.115881662297444564e+04
5.689865559697841746e-02 5.201054363387529156e+04
6.250551403444545850e-02 5.292477168441997492e+04
6.866487869913283359e-02 4.567461968811519182e+04
7.543119418501802176e-02 3.618777030569555791e+04
8.286427011848424007e-02 2.931707910082042872e+04
9.102980983473445142e-02 2.440730272574217088e+04
9.999999115058272325e-02 2.263529565696791178e+04
1.098541043672585787e-01 2.190964636088728366e+04
1.206792531427361148e-01 2.038626273041563036e+04
1.325711244288214907e-01 1.729102731850516284e+04
1.456348342787200378e-01 1.469958227398066265e+04
1.599858570014452974e-01 1.313329836894186701e+04
1.757510458761641914e-01 1.225250091903020984e+04
1.930697544488981787e-01 1.086357519816888998e+04
2.120950683230800604e-01 9.568464485062540916e+03
2.329951583321586417e-01 8.706861242905895779e+03
2.559547670553742882e-01 7.979128767422680539e+03
2.811768418164965477e-01 7.200130687320170182e+03
3.088843286001189403e-01 6.575566015369912748e+03
3.393221427425128778e-01 6.027442543746820775e+03
3.727593338166072523e-01 5.559359592140961468e+03
4.094914638472018087e-01 5.142380615735070933e+03
4.498432198782237879e-01 4.781936238912279805e+03
4.941712839853393824e-01 4.464010932496304122e+03
5.428674861028858212e-01 4.158303137005699682e+03
5.963622675339625978e-01 3.888870572518708286e+03
6.551284857587630350e-01 3.642163809924634734e+03
7.196855941730535555e-01 3.430906258367022929e+03
7.906042337028588163e-01 3.223992154896322063e+03
8.685112768820903995e-01 3.036218782379243748e+03
9.540953689793428838e-01 2.854633899810057301e+03
1.048113015153642191e+00 0.000000000000000000e+00
