1.048113066601954503e-02 6.046200025374827674e+05
1.151395323963562076e-02 0.000000000000000000e+00
1.264855132798976302e-02 2.722182906296786387e+05
1.389495400641860279e-02 9.977393579259765102e+05
1.526417862678452857e-02 6.228487543320427649e+05
1.676832820337198493e-02 0.000000000000000000e+00
1.842069839530119726e-02 5.887530605980567634e+05
2.023589503111089191e-02 6.062213745462121442e+05
2.222996321434766651e-02 4.518082798678944819e+05
2.442052915136719640e-02 5.220844807554979343e+05
2.682695595500901239e-02 4.025148274924418074e+05
2.947051480134291537e-02 3.771795730638162931e+05
3.237457295239669353e-02 2.742671695910580456e+05
3.556480030685772731e-02 2.835771095301200985e+05
3.906939630451649464e-02 1.941977144317543425e+05
4.291933919013282694e-02 1.935788870887824451e+05
4.714865984004791566e-02 1.644190645827226399e+05
5.179474257198286163e-02 1.648901037594732188e+05
5.689865559697841746e-02 1.653953570015508449e+05
6.250551403444545850e-02 1.640898600339360419e+05
6.866487869913283359e-02 1.383134022103399038e+05
7.543119418501802176e-02 1.121116430251279526e+05
8.286427011848424007e-02 9.736217060982581461e+04
9.102980983473445142e-02 7.828645673853796325e+04
9.999999115058272325e-02 7.174941231217960012e+04
1.098541043672585787e-01 6.609382837427163031e+04
1.206792531427361148e-01 6.147671162768424256e+04
1.325711244288214907e-01 5.264161405683241901e+04
1.456348342787200378e-01 4.706188000261307752e+04
1.599858570014452974e-01 4.248932590981474641e+04
1.757510458761641914e-01 3.858330204429823789e+04
1.930697544488981787e-01 3.529192141944338073e+04
2.120950683230800604e-01 3.216842536621451654e+04
2.329951583321586417e-01 2.918125624742657237e+04
2.559547670553742882e-01 2.684956758858009562e+04
2.811768418164965477e-01 2.498945396396972865e+04
3.088843286001189403e-01 2.290400506084881636e+04
3.393221427425128778e-01 2.147690389805682571e+04
3.727593338166072523e-01 1.995153784311526033e+04
4.094914638472018087e-01 1.865937397870687710e+04
4.498432198782237879e-01 1.755256265474007159e+04
4.941712839853393824e-01 1.659879471031169669e+04
5.428674861028858212e-01 1.558021772636042078e+04
5.963622675339625978e-01 1.472047026041300705e+04
6.551284857587630350e-01 1.388201024123850948e+04
7.196855941730535555e-01 1.306796665681761806e+04
7.906042337028588163e-01 1.221542724970888958e+04
8.685112768820903995e-01 1.146697314097598792e+04
9.540953689793428838e-01 1.071782359255895062e+04
1.048113015153642191e+00 0.000000000000000000e+00
