1.048113066601954503e-02 7.022582269437806099e+04
1.151395323963562076e-02 0.000000000000000000e+00
1.264855132798976302e-02 8.689574184426234569e+04
1.389495400641860279e-02 8.242125040142063517e+04
1.526417862678452857e-02 7.596226227361449855e+04
1.676832820337198493e-02 0.000000000000000000e+00
1.842069839530119726e-02 1.072422694079964567e+05
2.023589503111089191e-02 1.360639191696107737e+05
2.222996321434766651e-02 8.789588173698492756e+04
2.442052915136719640e-02 6.831224183304778126e+04
2.682695595500901239e-02 7.361940429131321434e+04
2.947051480134291537e-02 6.326615789861790108e+04
3.237457295239669353e-02 7.289851603686502494e+04
3.556480030685772731e-02 6.759054437319705903e+04
3.906939630451649464e-02 5.781234554186369496e+04
4.291933919013282694e-02 5.911810797326293687e+04
4.714865984004791566e-02 4.876972675139400235e+04
5.179474257198286163e-02 4.881709439145387296e+04
5.689865559697841746e-02 4.382851573134015780e+04
6.250551403444545850e-02 4.378518245452765404e+04
6.866487869913283359e-02 3.632047997012045380e+04
7.543119418501802176e-02 3.391833928736207599e+04
8.286427011848424007e-02 2.957060648862750895e+04
9.102980983473445142e-02 2.523387342635348614e+04
9.999999115058272325e-02 2.227566758452575959e+04
1.098541043672585787e-01 1.898401459203959894e+04
1.206792531427361148e-01 1.722145769431458757e+04
1.325711244288214907e-01 1.602914018798379038e+04
1.456348342787200378e-01 1.380120147344373072e+04
1.599858570014452974e-01 1.192803972376963065e+04
1.757510458761641914e-01 1.061377631713865412e+04
1.930697544488981787e-01 9.417659039178801322e+03
2.120950683230800604e-01 8.299001045178962158e+03
2.329951583321586417e-01 7.405228634961023999e+03
2.559547670553742882e-01 6.630474356734182038e+03
2.811768418164965477e-01 5.928077518302621684e+03
3.088843286001189403e-01 5.343714106353805619e+03
3.393221427425128778e-01 4.828004116969255847e+03
3.727593338166072523e-01 4.348047492898184828e+03
4.094914638472018087e-01 3.950112721464184233e+03
4.498432198782237879e-01 3.624119728497667893e+03
4.941712839853393824e-01 3.311734469814549811e+03
5.428674861028858212e-01 3.062248094012180445e+03
5.963622675339625978e-01 2.816545509746423704e+03
6.551284857587630350e-01 2.616764242448021832e+03
7.196855941730535555e-01 2.419377653909671608e+03
7.906042337028588163e-01 2.264474214198387017e+03
8.685112768820903995e-01 2.107017097549871778e+03
9.540953689793428838e-01 1.971879130292350283e+03
1.048113015153642191e+00 0.000000000000000000e+00
