1.048113066601954503e-02 6.599575781494496914e+04
1.151395323963562076e-02 0.000000000000000000e+00
1.264855132798976302e-02 6.741710338745612535e+04
1.389495400641860279e-02 5.736471185447218886e+04
1.526417862678452857e-02 7.671215472774152295e+04
1.676832820337198493e-02 0.000000000000000000e+00
1.842069839530119726e-02 7.704600128292354930e+04
2.023589503111089191e-02 1.302223194993745565e+05
2.222996321434766651e-02 7.122597784136622795e+04
2.442052915136719640e-02 6.506705086665798444e+04
2.682695595500901239e-02 8.698147481500067806e+04
2.947051480134291537e-02 8.210708233133345493e+04
3.237457295239669353e-02 8.708137268367869547e+04
3.556480030685772731e-02 5.509776251206593588e+04
3.906939630451649464e-02 7.464298035803955281e+04
4.291933919013282694e-02 6.037445579049332446e+04
4.714865984004791566e-02 5.927028054951514059e+04
5.179474257198286163e-02 5.904822247501659149e+04
5.689865559697841746e-02 5.364882136105912650e+04
6.250551403444545850e-02 4.961915097162371967e+04
6.866487869913283359e-02 5.035956220210769970e+04
7.543119418501802176e-02 4.451627579061820870e+04
8.286427011848424007e-02 3.905949847464983759e+04
9.102980983473445142e-02 3.603908787218338693e+04
9.999999115058272325e-02 3.123432669778100535e+04
1.098541043672585787e-01 2.861073864460258483e+04
1.206792531427361148e-01 2.688363680049737013e+04
1.325711244288214907e-01 2.433588223528868548e+04
1.456348342787200378e-01 2.136207303755258908e+04
1.599858570014452974e-01 1.976715227127469916e+04
1.757510458761641914e-01 1.752433757715340471e+04
1.930697544488981787e-01 1.666651782712938075e+04
2.120950683230800604e-01 1.480210910497075565e+04
2.329951583321586417e-01 1.349180665872285499e+04
2.559547670553742882e-01 1.237021166662582618e+04
2.811768418164965477e-01 1.134420157539876163e+04
3.088843286001189403e-01 1.046060753876254421e+04
3.393221427425128778e-01 9.752192074429567583e+03
3.727593338166072523e-01 9.017004137423909924e+03
4.094914638472018087e-01 8.468970489587340126e+03
4.498432198782237879e-01 7.956105795619506353e+03
4.941712839853393824e-01 7.488913779255815825e+03
5.428674861028858212e-01 7.091118301375781812e+03
5.963622675339625978e-01 6.708103128588787513e+03
6.551284857587630350e-01 6.362065081101608484e+03
7.196855941730535555e-01 6.048034664383805648e+03
7.906042337028588163e-01 5.747497614465539300e+03
8.685112768820903995e-01 5.475923372805851614e+03
9.540953689793428838e-01 5.223153794099083825e+03
1.048113015153642191e+00 0.000000000000000000e+00
