1.048113066601954503e-02 1.072861200319189666e+05
1.151395323963562076e-02 0.000000000000000000e+00
1.264855132798976302e-02 3.014326532174039676e+04
1.389495400641860279e-02 1.464898660745051457e+05
1.526417862678452857e-02 1.306977849807581661e+05
1.676832820337198493e-02 0.000000000000000000e+00
1.842069839530119726e-02 1.117847301813744707e+05
2.023589503111089191e-02 1.927315354812581791e+05
2.222996321434766651e-02 1.847547207704780449e+05
2.442052915136719640e-02 1.379157037515844859e+05
2.682695595500901239e-02 1.285563863905098988e+05
2.947051480134291537e-02 1.249408914396424079e+05
3.237457295239669353e-02 1.051974600858797057e+05
3.556480030685772731e-02 8.692810055546215153e+04
3.906939630451649464e-02 1.064855977469079953e+05
4.291933919013282694e-02 9.547008782054386393e+04
4.714865984004791566e-02 7.916391760712336691e+04
5.179474257198286163e-02 8.633796887637028703e+04
5.689865559697841746e-02 6.499748406167352368e+04
6.250551403444545850e-02 7.291741561475508206e+04
6.866487869913283359e-02 6.902126057480834424e+04
7.543119418501802176e-02 6.395254464542929782e+04
8.286427011848424007e-02 5.552478902983955049e+04
9.102980983473445142e-02 4.611878358600301726e+04
9.999999115058272325e-02 4.402091402174203540e+04
1.098541043672585787e-01 3.891517617660722317e+04
1.206792531427361148e-01 3.658318262712249998e+04
1.325711244288214907e-01 3.353069137206947198e+04
1.456348342787200378e-01 3.073320436523215540e+04
1.599858570014452974e-01 2.682948113855775955e+04
1.757510458761641914e-01 2.485221912996747415e+04
1.930697544488981787e-01 2.271737654696564641e+04
2.120950683230800604e-01 2.123057566628350469e+04
2.329951583321586417e-01 1.944816546059554457e+04
2.559547670553742882e-01 1.785373819583293516e+04
2.811768418164965477e-01 1.656085799059701094e+04
3.088843286001189403e-01 1.543111398905661918e+04
3.393221427425128778e-01 1.449756230982561465e+04
3.727593338166072523e-01 1.355666498967406005e+04
4.094914638472018087e-01 1.278580310736683896e+04
4.498432198782237879e-01 1.211051625503207470e+04
4.941712839853393824e-01 1.146631139593453918e+04
5.428674861028858212e-01 1.092188322312928176e+04
5.963622675339625978e-01 1.041052721247405316e+04
6.551284857587630350e-01 9.921814542952666670e+03
7.196855941730535555e-01 9.468523897307401057e+03
7.906042337028588163e-01 9.026211485436992007e+03
8.685112768820903995e-01 8.612481703426899912e+03
9.540953689793428838e-01 8.221893779290452585e+03
1.048113015153642191e+00 0.000000000000000000e+00
