1.048113066601954503e-02 1.602950907402391567e+04
1.151395323963562076e-02 0.000000000000000000e+00
1.264855132798976302e-02 1.332582000201268056e+04
1.389495400641860279e-02 1.150976919793176603e+04
1.526417862678452857e-02 1.348904731920047016e+04
1.676832820337198493e-02 0.000000000000000000e+00
1.842069839530119726e-02 1.523401424177979970e+04
2.023589503111089191e-02 1.355847703150306552e+04
2.222996321434766651e-02 1.557851273934690289e+04
2.442052915136719640e-02 2.212345006658207421e+04
2.682695595500901239e-02 1.648423536975148090e+04
2.947051480134291537e-02 1.387255849660341846e+04
3.237457295239669353e-02 1.925120812165342068e+04
3.556480030685772731e-02 1.525299324267094562e+04
3.906939630451649464e-02 1.742505277688294882e+04
4.291933919013282694e-02 1.717355486521268176e+04
4.714865984004791566e-02 1.417101934704916130e+04
5.179474257198286163e-02 1.300358387439583930e+04
5.689865559697841746e-02 1.340365025819720904e+04
6.250551403444545850e-02 1.351367147902355100e+04
6.866487869913283359e-02 1.367677633979374150e+04
7.543119418501802176e-02 1.274263774788629053e+04
8.286427011848424007e-02 1.140252600642701691e+04
9.102980983473445142e-02 1.079142292381375592e+04
9.999999115058272325e-02 9.979450231706759951e+03
1.098541043672585787e-01 8.592323365116928471e+03
1.206792531427361148e-01 8.056671821667432596e+03
1.325711244288214907e-01 7.440025077125606913e+03
1.456348342787200378e-01 6.970372928320692154e+03
1.599858570014452974e-01 6.320091862739493990e+03
1.757510458761641914e-01 5.493145594486393748e+03
1.930697544488981787e-01 5.096173251987272124e+03
2.120950683230800604e-01 4.666298084546445352e+03
2.329951583321586417e-01 4.216722033864692094e+03
2.559547670553742882e-01 3.815381529830485761e+03
2.811768418164965477e-01 3.492706916367648319e+03
3.088843286001189403e-01 3.222949757667062840e+03
3.393221427425128778e-01 2.948042034232222250e+03
3.727593338166072523e-01 2.715502771713250695e+03
4.094914638472018087e-01 2.522090426299685987e+03
4.498432198782237879e-01 2.346273904032633709e+03
4.941712839853393824e-01 2.196618684153518643e+03
5.428674861028858212e-01 2.056593337696680464e+03
5.963622675339625978e-01 1.924725652565883138e+03
6.551284857587630350e-01 1.816403669700768887e+03
7.196855941730535555e-01 1.710642981732498811e+03
7.906042337028588163e-01 1.616779494216820467e+03
8.685112768820903995e-01 1.529533618706901734e+03
9.540953689793428838e-01 1.446498090399071543e+03
1.048113015153642191e+00 0.000000000000000000e+00
