1.048113066601954503e-02 3.641946459782507009e+04
1.151395323963562076e-02 0.000000000000000000e+00
1.264855132798976302e-02 5.265481684435780335e+04
1.389495400641860279e-02 7.345262154014465341e+04
1.526417862678452857e-02 3.915191504566442018e+04
1.676832820337198493e-02 0.000000000000000000e+00
1.842069839530119726e-02 4.073930836084402836e+04
2.023589503111089191e-02 6.139904603829397820e+04
2.222996321434766651e-02 3.484922889397435938e+04
2.442052915136719640e-02 4.006453008214959846e+04
2.682695595500901239e-02 5.297426264162489679e+04
2.947051480134291537e-02 5.368697898358697421e+04
3.237457295239669353e-02 5.227482021709100081e+04
3.556480030685772731e-02 4.856460661450767657e+04
3.906939630451649464e-02 4.640413963383744704e+04
4.291933919013282694e-02 3.845549011222242552e+04
4.714865984004791566e-02 3.926236576174383663e+04
5.179474257198286163e-02 3.623957639472438314e+04
5.689865559697841746e-02 3.018192429936955887e+04
6.250551403444545850e-02 3.277203799450103543e+04
6.866487869913283359e-02 3.033623915137761651e+04
7.543119418501802176e-02 2.763326203986814653e+04
8.286427011848424007e-02 2.497677467900743795e+04
9.102980983473445142e-02 2.408174383888193552e+04
9.999999115058272325e-02 2.236770614407318499e+04
1.098541043672585787e-01 1.882643148270410165e+04
1.206792531427361148e-01 1.701645236144955925e+04
1.325711244288214907e-01 1.577642060700305592e+04
1.456348342787200378e-01 1.436392276715612752e+04
1.599858570014452974e-01 1.264103146712676789e+04
1.757510458761641914e-01 1.107751249148717943e+04
1.930697544488981787e-01 1.025457787654343520e+04
2.120950683230800604e-01 9.155058056706609932e+03
2.329951583321586417e-01 8.260187492243479937e+03
2.559547670553742882e-01 7.371969550448076006e+03
2.811768418164965477e-01 6.749485519333447883e+03
3.088843286001189403e-01 6.153665545983675656e+03
3.393221427425128778e-01 5.577231833818324958e+03
3.727593338166072523e-01 5.114058315847306403e+03
4.094914638472018087e-01 4.668614170843463398e+03
4.498432198782237879e-01 4.350895175445651148e+03
4.941712839853393824e-01 4.022395647919284784e+03
5.428674861028858212e-01 3.744864864032415426e+03
5.963622675339625978e-01 3.487336686167385324e+03
6.551284857587630350e-01 3.261352203413060579e+03
7.196855941730535555e-01 3.064879522119275862e+03
7.906042337028588163e-01 2.881882281655012321e+03
8.685112768820903995e-01 2.717833203972466436e+03
9.540953689793428838e-01 2.574286669326922492e+03
1.048113015153642191e+00 0.000000000000000000e+00
