1.048113066601954503e-02 1.393551463498962112e+05
1.151395323963562076e-02 0.000000000000000000e+00
1.264855132798976302e-02 9.505911711859337811e+04
1.389495400641860279e-02 1.481905883905143710e+05
1.526417862678452857e-02 2.042494753268856439e+05
1.676832820337198493e-02 0.000000000000000000e+00
1.842069839530119726e-02 1.487895053344550834e+05
2.023589503111089191e-02 8.104507262863233336e+04
2.222996321434766651e-02 1.118906011999886396e+05
2.442052915136719640e-02 8.320423465523304185e+04
2.682695595500901239e-02 6.835592133144628315e+04
2.947051480134291537e-02 7.035928600388288032e+04
3.237457295239669353e-02 4.890382163488260267e+04
3.556480030685772731e-02 5.786517754754386260e+04
3.906939630451649464e-02 4.184519225356902461e+04
4.291933919013282694e-02 3.807606537830906746e+04
4.714865984004791566e-02 3.323639489924155350e+04
5.179474257198286163e-02 3.182953749577802228e+04
5.689865559697841746e-02 3.495104809977361583e+04
6.250551403444545850e-02 3.125140036250177218e+04
6.866487869913283359e-02 2.571954820379200100e+04
7.543119418501802176e-02 1.915948983411048175e+04
8.286427011848424007e-02 1.483085186241403972e+04
9.102980983473445142e-02 1.264199063336811923e+04
9.999999115058272325e-02 1.179081662301889082e+04
1.098541043672585787e-01 1.157077397214649136e+04
1.206792531427361148e-01 9.937485905852801807e+03
1.325711244288214907e-01 7.730311568077502670e+03
1.456348342787200378e-01 6.526882994660809345e+03
1.599858570014452974e-01 5.968985726401579086e+03
1.757510458761641914e-01 5.127545623864519257e+03
1.930697544488981787e-01 4.401848984165690126e+03
2.120950683230800604e-01 3.850805570894003267e+03
2.329951583321586417e-01 3.397478165087591151e+03
2.559547670553742882e-01 2.967074331936541057e+03
2.811768418164965477e-01 2.602637095325470909e+03
3.088843286001189403e-01 2.290580472119998376e+03
3.393221427425128778e-01 2.056103655472532409e+03
3.727593338166072523e-01 1.817971533642988561e+03
4.094914638472018087e-01 1.628276786518166546e+03
4.498432198782237879e-01 1.464551071159557978e+03
4.941712839853393824e-01 1.319150373043925811e+03
5.428674861028858212e-01 1.195490730361175110e+03
5.963622675339625978e-01 1.091570053853795798e+03
6.551284857587630350e-01 9.940319739093038152e+02
7.196855941730535555e-01 9.090320829666452482e+02
7.906042337028588163e-01 8.363233474092521647e+02
8.685112768820903995e-01 7.693050818259511061e+02
9.540953689793428838e-01 7.107506286364027801e+02
1.048113015153642191e+00 0.000000000000000000e+00
