1.048113066601954503e-02 4.298099590818048455e+04
1.151395323963562076e-02 0.000000000000000000e+00
1.264855132798976302e-02 1.366210747492931114e+04
1.389495400641860279e-02 2.499313708011545896e+04
1.526417862678452857e-02 2.596263609703667316e+04
1.676832820337198493e-02 0.000000000000000000e+00
1.842069839530119726e-02 1.631605141213429852e+04
2.023589503111089191e-02 2.251670430629744078e+04
2.222996321434766651e-02 2.206037097681631349e+04
2.442052915136719640e-02 3.208975541959501061e+04
2.682695595500901239e-02 2.323838755458491869e+04
2.947051480134291537e-02 2.828040422160549133e+04
3.237457295239669353e-02 2.832529941434070133e+04
3.556480030685772731e-02 2.801556951982764804e+04
3.906939630451649464e-02 2.498957583344620070e+04
4.291933919013282694e-02 2.191741136022644423e+04
4.714865984004791566e-02 2.249735407505608237e+04
5.179474257198286163e-02 1.999859773066650087e+04
5.689865559697841746e-02 1.958288704899086224e+04
6.250551403444545850e-02 1.838508801538593980e+04
6.866487869913283359e-02 1.878992371708307837e+04
7.543119418501802176e-02 1.614435085178266309e+04
8.286427011848424007e-02 1.680424624296894763e+04
9.102980983473445142e-02 1.512467206843120039e+04
9.999999115058272325e-02 1.356087798922772345e+04
1.098541043672585787e-01 1.108264449414949922e+04
1.206792531427361148e-01 1.042776915807158002e+04
1.325711244288214907e-01 9.612036735180030519e+03
1.456348342787200378e-01 9.026043054519306679e+03
1.599858570014452974e-01 7.976563968313038458e+03
1.757510458761641914e-01 7.094463309972079514e+03
1.930697544488981787e-01 6.395570641564734615e+03
2.120950683230800604e-01 5.855904758181231045e+03
2.329951583321586417e-01 5.268742900466227184e+03
2.559547670553742882e-01 4.757848714411275978e+03
2.811768418164965477e-01 4.310885663297856809e+03
3.088843286001189403e-01 3.923202771890165423e+03
3.393221427425128778e-01 3.574365473763496993e+03
3.727593338166072523e-01 3.251781790206015557e+03
4.094914638472018087e-01 2.999691042727813056e+03
4.498432198782237879e-01 2.773655079333033882e+03
4.941712839853393824e-01 2.563949478702653323e+03
5.428674861028858212e-01 2.380509347703978165e+03
5.963622675339625978e-01 2.234990259741396585e+03
6.551284857587630350e-01 2.087666150680347528e+03
7.196855941730535555e-01 1.960393267217021730e+03
7.906042337028588163e-01 1.840738672090004002e+03
8.685112768820903995e-01 1.745134093521880914e+03
9.540953689793428838e-01 1.647483605590319030e+03
1.048113015153642191e+00 0.000000000000000000e+00
