1.048113066601954503e-02 3.680157675243598351e+04
1.151395323963562076e-02 0.000000000000000000e+00
1.264855132798976302e-02 3.263634818163509772e+04
1.389495400641860279e-02 3.734870065173377952e+04
1.526417862678452857e-02 4.037600180614995770e+04
1.676832820337198493e-02 0.000000000000000000e+00
1.842069839530119726e-02 3.246828622141368032e+04
2.023589503111089191e-02 3.359990981195888889e+04
2.222996321434766651e-02 4.356857987385430170e+04
2.442052915136719640e-02 2.524698890211848993e+04
2.682695595500901239e-02 2.723830493055531770e+04
2.947051480134291537e-02 3.228165876863765152e+04
3.237457295239669353e-02 2.562430058563611237e+04
3.556480030685772731e-02 2.402016206306671302e+04
3.906939630451649464e-02 2.346975379911160780e+04
4.291933919013282694e-02 2.099308944684269954e+04
4.714865984004791566e-02 1.903833418432100370e+04
5.179474257198286163e-02 1.904864453819499613e+04
5.689865559697841746e-02 1.712258215401529014e+04
6.250551403444545850e-02 1.733548086888629405e+04
6.866487869913283359e-02 1.701623964642152350e+04
7.543119418501802176e-02 1.506428732569020212e+04
8.286427011848424007e-02 1.373594460165564305e+04
9.102980983473445142e-02 1.157690692566013422e+04
9.999999115058272325e-02 9.654068491073065161e+03
1.098541043672585787e-01 9.029244907720436458e+03
1.206792531427361148e-01 8.459110264777998964e+03
1.325711244288214907e-01 7.385358199334072197e+03
1.456348342787200378e-01 6.700107013582593027e+03
1.599858570014452974e-01 5.690868317838705480e+03
1.757510458761641914e-01 5.167778512075424260e+03
1.930697544488981787e-01 4.728106875628910529e+03
2.120950683230800604e-01 4.160301759561838480e+03
2.329951583321586417e-01 3.699249803531724410e+03
2.559547670553742882e-01 3.364737104472027113e+03
2.811768418164965477e-01 3.004271334431135983e+03
3.088843286001189403e-01 2.710686775957599821e+03
3.393221427425128778e-01 2.470160291180914101e+03
3.727593338166072523e-01 2.239110050890767525e+03
4.094914638472018087e-01 2.050974926998872888e+03
4.498432198782237879e-01 1.878730126868700381e+03
4.941712839853393824e-01 1.723275961509364606e+03
5.428674861028858212e-01 1.593930092325470241e+03
5.963622675339625978e-01 1.480028240510366004e+03
6.551284857587630350e-01 1.374939732653702777e+03
7.196855941730535555e-01 1.281421591538464554e+03
7.906042337028588163e-01 1.199394879711893509e+03
8.685112768820903995e-01 1.124952895696710129e+03
9.540953689793428838e-01 1.058764165229898481e+03
1.048113015153642191e+00 0.000000000000000000e+00
