1.048113066601954503e-02 9.633456329231733980e+04
1.151395323963562076e-02 0.000000000000000000e+00
1.264855132798976302e-02 1.793491595635126578e+05
1.389495400641860279e-02 1.131666633364716399e+05
1.526417862678452857e-02 1.437271790610698517e+05
1.676832820337198493e-02 0.000000000000000000e+00
1.842069839530119726e-02 1.294154797202705668e+05
2.023589503111089191e-02 1.209381200108189951e+05
2.222996321434766651e-02 1.240035083354082890e+05
2.442052915136719640e-02 9.761621004062247812e+04
2.682695595500901239e-02 1.039909364618388790e+05
2.947051480134291537e-02 1.082197150482416764e+05
3.237457295239669353e-02 8.192755939430699800e+04
3.556480030685772731e-02 8.844616172096962691e+04
3.906939630451649464e-02 7.544140187321766280e+04
4.291933919013282694e-02 7.361617186183985905e+04
4.714865984004791566e-02 7.081729362591225072e+04
5.179474257198286163e-02 5.967943780866116140e+04
5.689865559697841746e-02 5.639295336110256903e+04
6.250551403444545850e-02 4.954069146289884520e+04
6.866487869913283359e-02 4.629488018920760805e+04
7.543119418501802176e-02 4.189932608055668970e+04
8.286427011848424007e-02 3.614750260788210289e+04
9.102980983473445142e-02 3.087165865330492670e+04
9.999999115058272325e-02 2.645593273012603458e+04
1.098541043672585787e-01 2.413910619375297392e+04
1.206792531427361148e-01 2.116753643158317936e+04
1.325711244288214907e-01 1.994432074350190669e+04
1.456348342787200378e-01 1.757557011168234749e+04
1.599858570014452974e-01 1.521266070097820921e+04
1.757510458761641914e-01 1.389172237236263209e+04
1.930697544488981787e-01 1.248424040425869680e+04
2.120950683230800604e-01 1.117773521633622113e+04
2.329951583321586417e-01 1.013014562157060936e+04
2.559547670553742882e-01 9.355909923844264995e+03
2.811768418164965477e-01 8.490269130612145091e+03
3.088843286001189403e-01 7.755330507738661254e+03
3.393221427425128778e-01 7.168959699708873814e+03
3.727593338166072523e-01 6.641247539628148843e+03
4.094914638472018087e-01 6.180673063139894111e+03
4.498432198782237879e-01 5.739880845042007422e+03
4.941712839853393824e-01 5.352350313086558344e+03
5.428674861028858212e-01 5.002680077849479858e+03
5.963622675339625978e-01 4.692155663250469843e+03
6.551284857587630350e-01 4.390448968283432805e+03
7.196855941730535555e-01 4.101475271949939270e+03
7.906042337028588163e-01 3.838037319840628697e+03
8.685112768820903995e-01 3.578354452922079872e+03
9.540953689793428838e-01 3.333582256994150157e+03
1.048113015153642191e+00 0.000000000000000000e+00
