1.048113066601954503e-02 5.734371948380011600e+04
1.151395323963562076e-02 0.000000000000000000e+00
1.264855132798976302e-02 9.061790486187911301e+04
1.389495400641860279e-02 2.691963517243972747e+05
1.526417862678452857e-02 1.777201925128456205e+05
1.676832820337198493e-02 0.000000000000000000e+00
1.842069839530119726e-02 1.315446339125685627e+05
2.023589503111089191e-02 2.473277039165071328e+05
2.222996321434766651e-02 1.450803904208941967e+05
2.442052915136719640e-02 1.310497324544690928e+05
2.682695595500901239e-02 1.344853797050720023e+05
2.947051480134291537e-02 9.550571259344462305e+04
3.237457295239669353e-02 8.116882386288823909e+04
3.556480030685772731e-02 6.230590528230086784e+04
3.906939630451649464e-02 5.744839622478988895e+04
4.291933919013282694e-02 4.913554236981340364e+04
4.714865984004791566e-02 4.954570936195969261e+04
5.179474257198286163e-02 5.148691923680605396e+04
5.689865559697841746e-02 4.976346190165376174e+04
6.250551403444545850e-02 5.365868179074421641e+04
6.866487869913283359e-02 4.586234788458362164e+04
7.543119418501802176e-02 3.717546767993964750e+04
8.286427011848424007e-02 2.710654698061803356e+04
9.102980983473445142e-02 2.133704035309651226e+04
9.999999115058272325e-02 1.888544409445546626e+04
1.098541043672585787e-01 1.992189920099474330e+04
1.206792531427361148e-01 1.844658442858450144e+04
1.325711244288214907e-01 1.517940079091871121e+04
1.456348342787200378e-01 1.194118768179151266e+04
1.599858570014452974e-01 1.057716762303184441e+04
1.757510458761641914e-01 9.948331193573485507e+03
1.930697544488981787e-01 8.669194607108507626e+03
2.120950683230800604e-01 7.423953253552894239e+03
2.329951583321586417e-01 6.661132804523864252e+03
2.559547670553742882e-01 5.850682578209238272e+03
2.811768418164965477e-01 5.164385477188627192e+03
3.088843286001189403e-01 4.661306252210053572e+03
3.393221427425128778e-01 4.161749390578706880e+03
3.727593338166072523e-01 3.752121158000335527e+03
4.094914638472018087e-01 3.376313778047395317e+03
4.498432198782237879e-01 3.076453146470310458e+03
4.941712839853393824e-01 2.814304735804023949e+03
5.428674861028858212e-01 2.567494354545096030e+03
5.963622675339625978e-01 2.363772569748542082e+03
6.551284857587630350e-01 2.176128774180469009e+03
7.196855941730535555e-01 2.016778010099138100e+03
7.906042337028588163e-01 1.875731776632016590e+03
8.685112768820903995e-01 1.748424321841067467e+03
9.540953689793428838e-01 1.632248597495074591e+03
1.048113015153642191e+00 0.000000000000000000e+00
