1.048113066601954503e-02 3.309528390565206064e+04
1.151395323963562076e-02 0.000000000000000000e+00
1.264855132798976302e-02 1.474805584137321239e+04
1.389495400641860279e-02 5.183284535935365420e+04
1.526417862678452857e-02 3.678882726942031877e+04
1.676832820337198493e-02 0.000000000000000000e+00
1.842069839530119726e-02 5.803042160514495481e+04
2.023589503111089191e-02 6.059836828947949107e+04
2.222996321434766651e-02 3.143692657094667084e+04
2.442052915136719640e-02 5.227697958919250232e+04
2.682695595500901239e-02 4.916389915662079147e+04
2.947051480134291537e-02 3.783648863178119063e+04
3.237457295239669353e-02 4.253167535708544892e+04
3.556480030685772731e-02 3.494777114074608835e+04
3.906939630451649464e-02 2.938237894233172119e+04
4.291933919013282694e-02 3.043079047698209615e+04
4.714865984004791566e-02 2.933633080349218289e+04
5.179474257198286163e-02 3.021937946055026259e+04
5.689865559697841746e-02 3.205831464609842806e+04
6.250551403444545850e-02 3.006439330894570958e+04
6.866487869913283359e-02 2.602122554411509918e+04
7.543119418501802176e-02 2.440188686070463154e+04
8.286427011848424007e-02 2.259164265460736351e+04
9.102980983473445142e-02 1.959307264129137911e+04
9.999999115058272325e-02 1.781311583055110532e+04
1.098541043672585787e-01 1.614439730800453253e+04
1.206792531427361148e-01 1.425561292711393617e+04
1.325711244288214907e-01 1.322520441895276235e+04
1.456348342787200378e-01 1.224112465382379196e+04
1.599858570014452974e-01 1.081179185681047056e+04
1.757510458761641914e-01 9.548604332374254227e+03
1.930697544488981787e-01 8.852912434266798300e+03
2.120950683230800604e-01 7.952949751187450602e+03
2.329951583321586417e-01 7.156953634803252498e+03
2.559547670553742882e-01 6.474260538484031713e+03
2.811768418164965477e-01 5.917836629179591910e+03
3.088843286001189403e-01 5.363409354173189968e+03
3.393221427425128778e-01 4.942243830603062634e+03
3.727593338166072523e-01 4.512040665688953595e+03
4.094914638472018087e-01 4.155427153685406665e+03
4.498432198782237879e-01 3.869593891342729421e+03
4.941712839853393824e-01 3.607468452905161030e+03
5.428674861028858212e-01 3.355752510485148377e+03
5.963622675339625978e-01 3.135439209169527203e+03
6.551284857587630350e-01 2.948013868814543457e+03
7.196855941730535555e-01 2.781649324593091478e+03
7.906042337028588163e-01 2.623158879786000398e+03
8.685112768820903995e-01 2.478957382996644355e+03
9.540953689793428838e-01 2.349615406430798885e+03
1.048113015153642191e+00 0.000000000000000000e+00
