1.048113066601954503e-02 3.965119831024325686e+04
1.151395323963562076e-02 0.000000000000000000e+00
1.264855132798976302e-02 4.904249077619186573e+04
1.389495400641860279e-02 4.265186662814260490e+04
1.526417862678452857e-02 4.609380997086150455e+04
1.676832820337198493e-02 0.000000000000000000e+00
1.842069839530119726e-02 7.005053886166955635e+04
2.023589503111089191e-02 3.977907597159381839e+04
2.222996321434766651e-02 3.836200353909032856e+04
2.442052915136719640e-02 4.964949327499330684e+04
2.682695595500901239e-02 4.822964238272052171e+04
2.947051480134291537e-02 3.331268701753950154e+04
3.237457295239669353e-02 3.977788154778277385e+04
3.556480030685772731e-02 4.065353716585068469e+04
3.906939630451649464e-02 3.328180199043847824e+04
4.291933919013282694e-02 3.446018750268704025e+04
4.714865984004791566e-02 2.893839142888887727e+04
5.179474257198286163e-02 2.637469456284891930e+04
5.689865559697841746e-02 2.465552728817776369e+04
6.250551403444545850e-02 2.375803714639088867e+04
6.866487869913283359e-02 2.347959296148599242e+04
7.543119418501802176e-02 2.183153098752925143e+04
8.286427011848424007e-02 1.900874336933145241e+04
9.102980983473445142e-02 1.781679272976355423e+04
9.999999115058272325e-02 1.411502154079241154e+04
1.098541043672585787e-01 1.311757971619300224e+04
1.206792531427361148e-01 1.198019646687397653e+04
1.325711244288214907e-01 1.089477710195505279e+04
1.456348342787200378e-01 9.676158303925018117e+03
1.599858570014452974e-01 8.406445943199907560e+03
1.757510458761641914e-01 7.282584460538379062e+03
1.930697544488981787e-01 6.665975843130282556e+03
2.120950683230800604e-01 5.931348911598398445e+03
2.329951583321586417e-01 5.246581306774363838e+03
2.559547670553742882e-01 4.731053027560793453e+03
2.811768418164965477e-01 4.276145787426068637e+03
3.088843286001189403e-01 3.820445262705276946e+03
3.393221427425128778e-01 3.474835620864807879e+03
3.727593338166072523e-01 3.122264928227916243e+03
4.094914638472018087e-01 2.855709582228505496e+03
4.498432198782237879e-01 2.623166962641733335e+03
4.941712839853393824e-01 2.406730147015216062e+03
5.428674861028858212e-01 2.217507995347739325e+03
5.963622675339625978e-01 2.051915163184242374e+03
6.551284857587630350e-01 1.900498710730165840e+03
7.196855941730535555e-01 1.774056466049595201e+03
7.906042337028588163e-01 1.656068771527823174e+03
8.685112768820903995e-01 1.549346182244057218e+03
9.540953689793428838e-01 1.454838304674464780e+03
1.048113015153642191e+00 0.000000000000000000e+00
