1.048113066601954503e-02 4.865443372881328833e+04
1.151395323963562076e-02 0.000000000000000000e+00
1.264855132798976302e-02 4.975526515044818370e+04
1.389495400641860279e-02 4.230958511621040816e+04
1.526417862678452857e-02 5.657970416876135278e+04
1.676832820337198493e-02 0.000000000000000000e+00
1.842069839530119726e-02 5.683057253288291395e+04
2.023589503111089191e-02 9.607233610410244728e+04
2.222996321434766651e-02 5.250801385957864841e+04
2.442052915136719640e-02 4.793781901156652020e+04
2.682695595500901239e-02 6.415941965293278918e+04
2.947051480134291537e-02 6.046680863236269215e+04
3.237457295239669353e-02 6.418803527241772099e+04
3.556480030685772731e-02 4.060107220321981004e+04
3.906939630451649464e-02 5.496347555740037933e+04
4.291933919013282694e-02 4.445420446254715353e+04
4.714865984004791566e-02 4.361105832781999925e+04
5.179474257198286163e-02 4.344733876504369255e+04
5.689865559697841746e-02 3.946221437327854073e+04
6.250551403444545850e-02 3.645701914064475568e+04
6.866487869913283359e-02 3.699127709944734670e+04
7.543119418501802176e-02 3.267596967798324476e+04
8.286427011848424007e-02 2.865951387326758049e+04
9.102980983473445142e-02 2.639217213035676832e+04
9.999999115058272325e-02 2.286172247539856835e+04
1.098541043672585787e-01 2.089830962705397542e+04
1.206792531427361148e-01 1.961608107549903434e+04
1.325711244288214907e-01 1.772634721596681629e+04
1.456348342787200378e-01 1.552449080984055945e+04
1.599858570014452974e-01 1.433792652227061262e+04
1.757510458761641914e-01 1.268485733459410403e+04
1.930697544488981787e-01 1.203192901616855852e+04
2.120950683230800604e-01 1.066179931012144698e+04
2.329951583321586417e-01 9.691595769769010076e+03
2.559547670553742882e-01 8.863484126322939119e+03
2.811768418164965477e-01 8.104234631345772868e+03
3.088843286001189403e-01 7.453216451415424672e+03
3.393221427425128778e-01 6.927914167746779640e+03
3.727593338166072523e-01 6.386995051753909138e+03
4.094914638472018087e-01 5.981421087848249954e+03
4.498432198782237879e-01 5.602487419221675736e+03
4.941712839853393824e-01 5.258409745449575894e+03
5.428674861028858212e-01 4.964369405590101451e+03
5.963622675339625978e-01 4.682847512674453355e+03
6.551284857587630350e-01 4.428366812668726197e+03
7.196855941730535555e-01 4.197973213352252969e+03
7.906042337028588163e-01 3.977768045967759463e+03
8.685112768820903995e-01 3.778668701661264095e+03
9.540953689793428838e-01 3.593533841444017526e+03
1.048113015153642191e+00 0.000000000000000000e+00
