1.048113066601954503e-02 1.399901211595011177e+06
1.151395323963562076e-02 0.000000000000000000e+00
1.264855132798976302e-02 8.349785982242263854e+05
1.389495400641860279e-02 1.425229084721995518e+06
1.526417862678452857e-02 9.747107822162200464e+05
1.676832820337198493e-02 0.000000000000000000e+00
1.842069839530119726e-02 8.193659857690010685e+05
2.023589503111089191e-02 1.148121287336740876e+06
2.222996321434766651e-02 6.517934396689567948e+05
2.442052915136719640e-02 4.662218325293993694e+05
2.682695595500901239e-02 3.602216849828379927e+05
2.947051480134291537e-02 2.723548132098499336e+05
3.237457295239669353e-02 1.544845736745269678e+05
3.556480030685772731e-02 1.330172167416709126e+05
3.906939630451649464e-02 1.170250240481324436e+05
4.291933919013282694e-02 1.091818169846501260e+05
4.714865984004791566e-02 1.070595131975067925e+05
5.179474257198286163e-02 1.207827110701857164e+05
5.689865559697841746e-02 1.307439442320215749e+05
6.250551403444545850e-02 1.464007709187992150e+05
6.866487869913283359e-02 1.128746480635752378e+05
7.543119418501802176e-02 8.648004549480280548e+04
8.286427011848424007e-02 6.332936150967281719e+04
9.102980983473445142e-02 5.256663813147810288e+04
9.999999115058272325e-02 4.979063440232232097e+04
1.098541043672585787e-01 5.010752474755511503e+04
1.206792531427361148e-01 4.380107656922173919e+04
1.325711244288214907e-01 3.679191956645248865e+04
1.456348342787200378e-01 3.242258406814451882e+04
1.599858570014452974e-01 2.892651846364244921e+04
1.757510458761641914e-01 2.604521908425194852e+04
1.930697544488981787e-01 2.384040018451428114e+04
2.120950683230800604e-01 2.136043799770175247e+04
2.329951583321586417e-01 1.929278342935290857e+04
2.559547670553742882e-01 1.768310246752117018e+04
2.811768418164965477e-01 1.615281183306924686e+04
3.088843286001189403e-01 1.496615309561056347e+04
3.393221427425128778e-01 1.376396823692305406e+04
3.727593338166072523e-01 1.279737349929428456e+04
4.094914638472018087e-01 1.201042881255050634e+04
4.498432198782237879e-01 1.116037803146628721e+04
4.941712839853393824e-01 1.047617375974270362e+04
5.428674861028858212e-01 9.738157282768273944e+03
5.963622675339625978e-01 9.118875796754988187e+03
6.551284857587630350e-01 8.541110845012835853e+03
7.196855941730535555e-01 7.977424299097144285e+03
7.906042337028588163e-01 7.459204483377665383e+03
8.685112768820903995e-01 6.943293066215726867e+03
9.540953689793428838e-01 6.443885737184646132e+03
1.048113015153642191e+00 0.000000000000000000e+00
