1.048113066601954503e-02 9.683350079562803148e+04
1.151395323963562076e-02 0.000000000000000000e+00
1.264855132798976302e-02 8.517005029771910631e+04
1.389495400641860279e-02 1.044744265818561253e+05
1.526417862678452857e-02 8.196815622092195554e+04
1.676832820337198493e-02 0.000000000000000000e+00
1.842069839530119726e-02 1.262375981583048124e+05
2.023589503111089191e-02 1.437212301683709957e+05
2.222996321434766651e-02 1.027858390538952372e+05
2.442052915136719640e-02 1.166335905566335714e+05
2.682695595500901239e-02 1.394388724656101840e+05
2.947051480134291537e-02 1.188909891521385434e+05
3.237457295239669353e-02 1.180325513574665383e+05
3.556480030685772731e-02 1.137244804162744986e+05
3.906939630451649464e-02 9.686297610135212017e+04
4.291933919013282694e-02 9.477220629264300806e+04
4.714865984004791566e-02 8.360139943726039201e+04
5.179474257198286163e-02 7.341217650560171751e+04
5.689865559697841746e-02 6.959844252103328472e+04
6.250551403444545850e-02 6.607809599933930440e+04
6.866487869913283359e-02 6.200711078364976856e+04
7.543119418501802176e-02 6.097701227192391525e+04
8.286427011848424007e-02 5.823216580003132549e+04
9.102980983473445142e-02 5.017028579985166289e+04
9.999999115058272325e-02 4.385471928140934324e+04
1.098541043672585787e-01 3.812072419409562281e+04
1.206792531427361148e-01 3.479114507279141981e+04
1.325711244288214907e-01 3.225886300269494677e+04
1.456348342787200378e-01 2.893269918848169618e+04
1.599858570014452974e-01 2.671922580598517379e+04
1.757510458761641914e-01 2.367150838459791703e+04
1.930697544488981787e-01 2.152011263383350888e+04
2.120950683230800604e-01 1.962806814128736733e+04
2.329951583321586417e-01 1.795411798919765715e+04
2.559547670553742882e-01 1.630248091974164163e+04
2.811768418164965477e-01 1.517860795040332232e+04
3.088843286001189403e-01 1.391718769818091096e+04
3.393221427425128778e-01 1.303882627830885031e+04
3.727593338166072523e-01 1.211049567654651401e+04
4.094914638472018087e-01 1.130226029176597331e+04
4.498432198782237879e-01 1.064497234811414091e+04
4.941712839853393824e-01 1.003543440706586989e+04
5.428674861028858212e-01 9.500433351582876639e+03
5.963622675339625978e-01 8.992983602710759442e+03
6.551284857587630350e-01 8.527026748762793432e+03
7.196855941730535555e-01 8.073592400433444709e+03
7.906042337028588163e-01 7.667113864978920901e+03
8.685112768820903995e-01 7.233080168382808552e+03
9.540953689793428838e-01 6.836820424971517241e+03
1.048113015153642191e+00 0.000000000000000000e+00
