1.048113066601954503e-02 1.359630303164364304e+05
1.151395323963562076e-02 0.000000000000000000e+00
1.264855132798976302e-02 1.600102718368814094e+05
1.389495400641860279e-02 1.890693290524968179e+05
1.526417862678452857e-02 3.506457495547950966e+05
1.676832820337198493e-02 0.000000000000000000e+00
1.842069839530119726e-02 1.300333795075297239e+05
2.023589503111089191e-02 1.822058708046766988e+05
2.222996321434766651e-02 2.115908257838813588e+05
2.442052915136719640e-02 1.929340212800973095e+05
2.682695595500901239e-02 1.416446570908859139e+05
2.947051480134291537e-02 1.688307942084855458e+05
3.237457295239669353e-02 1.050418156987310649e+05
3.556480030685772731e-02 1.064830281020977563e+05
3.906939630451649464e-02 7.270322542613898986e+04
4.291933919013282694e-02 9.767969310727578704e+04
4.714865984004791566e-02 9.324525109158194391e+04
5.179474257198286163e-02 8.564496726797131123e+04
5.689865559697841746e-02 7.678756576338392915e+04
6.250551403444545850e-02 6.779323491238060524e+04
6.866487869913283359e-02 5.566869789305055747e+04
7.543119418501802176e-02 4.628618925732791831e+04
8.286427011848424007e-02 3.839053236274703522e+04
9.102980983473445142e-02 3.550100732512636750e+04
9.999999115058272325e-02 3.230809575279118508e+04
1.098541043672585787e-01 2.800752448593360896e+04
1.206792531427361148e-01 2.366354217700945810e+04
1.325711244288214907e-01 2.082353738914753922e+04
1.456348342787200378e-01 1.860577540707646403e+04
1.599858570014452974e-01 1.638216923462437626e+04
1.757510458761641914e-01 1.415237336247619896e+04
1.930697544488981787e-01 1.261142765363853869e+04
2.120950683230800604e-01 1.120654216755950983e+04
2.329951583321586417e-01 1.001520575246642693e+04
2.559547670553742882e-01 8.870556456077592884e+03
2.811768418164965477e-01 7.965784446093673068e+03
3.088843286001189403e-01 7.227153261947735700e+03
3.393221427425128778e-01 6.570580007925995233e+03
3.727593338166072523e-01 5.918433435061134332e+03
4.094914638472018087e-01 5.417938211087948730e+03
4.498432198782237879e-01 4.987933674045195403e+03
4.941712839853393824e-01 4.619904410174620352e+03
5.428674861028858212e-01 4.250687346222306587e+03
5.963622675339625978e-01 3.965733031083423157e+03
6.551284857587630350e-01 3.677049916729376037e+03
7.196855941730535555e-01 3.424836172512354551e+03
7.906042337028588163e-01 3.191026415241379254e+03
8.685112768820903995e-01 2.987136520347455189e+03
9.540953689793428838e-01 2.796324841224818556e+03
1.048113015153642191e+00 0.000000000000000000e+00
