1.048113066601954503e-02 1.479221130169312892e+04
1.151395323963562076e-02 0.000000000000000000e+00
1.264855132798976302e-02 1.968579851258893177e+04
1.389495400641860279e-02 1.657709393318584625e+04
1.526417862678452857e-02 1.572373900016748848e+04
1.676832820337198493e-02 0.000000000000000000e+00
1.842069839530119726e-02 1.928944851909127465e+04
2.023589503111089191e-02 1.696457661596882099e+04
2.222996321434766651e-02 1.542160226572077590e+04
2.442052915136719640e-02 2.243702494450010636e+04
2.682695595500901239e-02 2.056968313177644450e+04
2.947051480134291537e-02 2.134442383657058963e+04
3.237457295239669353e-02 2.161349430139586912e+04
3.556480030685772731e-02 2.006089052067573357e+04
3.906939630451649464e-02 1.985059362603845148e+04
4.291933919013282694e-02 2.271268304016022012e+04
4.714865984004791566e-02 2.033357570129152009e+04
5.179474257198286163e-02 1.893156511242816123e+04
5.689865559697841746e-02 1.725591961876177811e+04
6.250551403444545850e-02 1.709127131118183024e+04
6.866487869913283359e-02 1.694246815734883421e+04
7.543119418501802176e-02 1.587042847992927454e+04
8.286427011848424007e-02 1.497032578090070638e+04
9.102980983473445142e-02 1.355475801611389397e+04
9.999999115058272325e-02 1.265831291367337690e+04
1.098541043672585787e-01 1.125132389004711149e+04
1.206792531427361148e-01 1.054117784295158708e+04
1.325711244288214907e-01 9.836360501803870648e+03
1.456348342787200378e-01 8.942875777004433985e+03
1.599858570014452974e-01 7.973945341214546715e+03
1.757510458761641914e-01 7.181650702459839522e+03
1.930697544488981787e-01 6.650681675456797166e+03
2.120950683230800604e-01 6.009101908790352354e+03
2.329951583321586417e-01 5.457397446830190347e+03
2.559547670553742882e-01 4.918605114290025995e+03
2.811768418164965477e-01 4.539888319271679393e+03
3.088843286001189403e-01 4.096663851091921060e+03
3.393221427425128778e-01 3.771680459839771174e+03
3.727593338166072523e-01 3.454203880708530050e+03
4.094914638472018087e-01 3.182047605030293198e+03
4.498432198782237879e-01 2.951559647429573488e+03
4.941712839853393824e-01 2.750151380994946521e+03
5.428674861028858212e-01 2.578252283769828864e+03
5.963622675339625978e-01 2.417147508410344926e+03
6.551284857587630350e-01 2.274822666146912979e+03
7.196855941730535555e-01 2.141079679123047754e+03
7.906042337028588163e-01 2.028519519365998349e+03
8.685112768820903995e-01 1.921222420385607165e+03
9.540953689793428838e-01 1.826433107289249847e+03
1.048113015153642191e+00 0.000000000000000000e+00
