1.048113066601954503e-02 1.138001780293670163e+05
1.151395323963562076e-02 0.000000000000000000e+00
1.264855132798976302e-02 6.548012206421856536e+04
1.389495400641860279e-02 9.441970388075470692e+04
1.526417862678452857e-02 1.048944679086952819e+05
1.676832820337198493e-02 0.000000000000000000e+00
1.842069839530119726e-02 9.052221787383905030e+04
2.023589503111089191e-02 8.743181937000619655e+04
2.222996321434766651e-02 7.805659564004949061e+04
2.442052915136719640e-02 8.536125960455178574e+04
2.682695595500901239e-02 1.037035397634495166e+05
2.947051480134291537e-02 9.726808210715543828e+04
3.237457295239669353e-02 8.065897222392464755e+04
3.556480030685772731e-02 6.692229663620461361e+04
3.906939630451649464e-02 6.572586260762605525e+04
4.291933919013282694e-02 5.921130840373846877e+04
4.714865984004791566e-02 5.594788834749437228e+04
5.179474257198286163e-02 4.994124790573683276e+04
5.689865559697841746e-02 4.650485712278418214e+04
6.250551403444545850e-02 4.431431882435426814e+04
6.866487869913283359e-02 4.140556714649929199e+04
7.543119418501802176e-02 3.754605644801687595e+04
8.286427011848424007e-02 3.276249877843334252e+04
9.102980983473445142e-02 2.900689350075646507e+04
9.999999115058272325e-02 2.452314045988134967e+04
1.098541043672585787e-01 2.237400407478064517e+04
1.206792531427361148e-01 1.999359807787582395e+04
1.325711244288214907e-01 1.798023836541055789e+04
1.456348342787200378e-01 1.613482966095347001e+04
1.599858570014452974e-01 1.403657122363332019e+04
1.757510458761641914e-01 1.284741324013912345e+04
1.930697544488981787e-01 1.150325552102439724e+04
2.120950683230800604e-01 1.016453144431974579e+04
2.329951583321586417e-01 9.248052034428827028e+03
2.559547670553742882e-01 8.356244829252387717e+03
2.811768418164965477e-01 7.626857430773628948e+03
3.088843286001189403e-01 6.896155882181414199e+03
3.393221427425128778e-01 6.342170242364411024e+03
3.727593338166072523e-01 5.830036822558078711e+03
4.094914638472018087e-01 5.349177220134344680e+03
4.498432198782237879e-01 4.953415975468427860e+03
4.941712839853393824e-01 4.620111015120080083e+03
5.428674861028858212e-01 4.296004290560792469e+03
5.963622675339625978e-01 4.020102522508592301e+03
6.551284857587630350e-01 3.764586374470150076e+03
7.196855941730535555e-01 3.536244194923706345e+03
7.906042337028588163e-01 3.316518444053373969e+03
8.685112768820903995e-01 3.115306986815186974e+03
9.540953689793428838e-01 2.933387690725373432e+03
1.048113015153642191e+00 0.000000000000000000e+00
