1.048113066601954503e-02 1.149623298467791319e+05
1.151395323963562076e-02 0.000000000000000000e+00
1.264855132798976302e-02 3.214009033349027231e+04
1.389495400641860279e-02 4.299376608538110304e+04
1.526417862678452857e-02 7.013378138522419613e+04
1.676832820337198493e-02 0.000000000000000000e+00
1.842069839530119726e-02 6.618862360986575368e+04
2.023589503111089191e-02 7.863403192171304545e+04
2.222996321434766651e-02 6.741963848097644222e+04
2.442052915136719640e-02 8.181877043067569321e+04
2.682695595500901239e-02 6.635030464436314651e+04
2.947051480134291537e-02 5.552243147494161531e+04
3.237457295239669353e-02 4.417105687104127719e+04
3.556480030685772731e-02 3.956578352018514852e+04
3.906939630451649464e-02 3.847229799660726712e+04
4.291933919013282694e-02 3.500532352782224189e+04
4.714865984004791566e-02 3.388494078793394874e+04
5.179474257198286163e-02 3.346656285270325316e+04
5.689865559697841746e-02 2.982509976264708894e+04
6.250551403444545850e-02 2.888092487628268282e+04
6.866487869913283359e-02 2.669570681988832075e+04
7.543119418501802176e-02 2.296593557887940551e+04
8.286427011848424007e-02 2.026794623034895994e+04
9.102980983473445142e-02 1.862041919560329188e+04
9.999999115058272325e-02 1.605287984490212693e+04
1.098541043672585787e-01 1.385453905163654053e+04
1.206792531427361148e-01 1.359683613614218484e+04
1.325711244288214907e-01 1.154765155138179216e+04
1.456348342787200378e-01 1.020649025616322069e+04
1.599858570014452974e-01 8.887401126944956559e+03
1.757510458761641914e-01 8.005952752308283380e+03
1.930697544488981787e-01 7.242592468506727528e+03
2.120950683230800604e-01 6.447141768246945503e+03
2.329951583321586417e-01 5.706161716612181408e+03
2.559547670553742882e-01 5.153201339410607943e+03
2.811768418164965477e-01 4.671330345147301159e+03
3.088843286001189403e-01 4.207360829607766391e+03
3.393221427425128778e-01 3.807856691906474680e+03
3.727593338166072523e-01 3.480287677452410207e+03
4.094914638472018087e-01 3.177906782603011834e+03
4.498432198782237879e-01 2.925518167098467075e+03
4.941712839853393824e-01 2.699501033039203776e+03
5.428674861028858212e-01 2.496669687551627703e+03
5.963622675339625978e-01 2.318517426436535516e+03
6.551284857587630350e-01 2.160513259299806123e+03
7.196855941730535555e-01 2.012627273890156630e+03
7.906042337028588163e-01 1.882934312525687801e+03
8.685112768820903995e-01 1.760328390809676421e+03
9.540953689793428838e-01 1.647109794020444042e+03
1.048113015153642191e+00 0.000000000000000000e+00
