1.048113066601954503e-02 7.511659755819707061e+04
1.151395323963562076e-02 0.000000000000000000e+00
1.264855132798976302e-02 1.247002263960903801e+05
1.389495400641860279e-02 1.134055954717079585e+05
1.526417862678452857e-02 6.093703121298411133e+04
1.676832820337198493e-02 0.000000000000000000e+00
1.842069839530119726e-02 6.366643313258088892e+04
2.023589503111089191e-02 8.807429261237614264e+04
2.222996321434766651e-02 7.721564424716067151e+04
2.442052915136719640e-02 9.733915519743258483e+04
2.682695595500901239e-02 9.195072237586199481e+04
2.947051480134291537e-02 6.502235799680509081e+04
3.237457295239669353e-02 7.364473882208828581e+04
3.556480030685772731e-02 8.242847281533278874e+04
3.906939630451649464e-02 6.148742932515739085e+04
4.291933919013282694e-02 6.288255409841521032e+04
4.714865984004791566e-02 5.627433330158659373e+04
5.179474257198286163e-02 4.277267708394839428e+04
5.689865559697841746e-02 4.378175366579528782e+04
6.250551403444545850e-02 4.429183504391615861e+04
6.866487869913283359e-02 3.937755605322503834e+04
7.543119418501802176e-02 3.573153998440240684e+04
8.286427011848424007e-02 3.430389924353747483e+04
9.102980983473445142e-02 2.910816811456322830e+04
9.999999115058272325e-02 2.633276219170681361e+04
1.098541043672585787e-01 2.219675013775461412e+04
1.206792531427361148e-01 2.026606310966403180e+04
1.325711244288214907e-01 1.822811498841943467e+04
1.456348342787200378e-01 1.731603942308419209e+04
1.599858570014452974e-01 1.522736206294428666e+04
1.757510458761641914e-01 1.352664799199605841e+04
1.930697544488981787e-01 1.214451862227873789e+04
2.120950683230800604e-01 1.099090603771997485e+04
2.329951583321586417e-01 9.933075807174200236e+03
2.559547670553742882e-01 8.964349967678572284e+03
2.811768418164965477e-01 8.079674157397646923e+03
3.088843286001189403e-01 7.402464755058224910e+03
3.393221427425128778e-01 6.786251698238475001e+03
3.727593338166072523e-01 6.207459849451472110e+03
4.094914638472018087e-01 5.761762184256474939e+03
4.498432198782237879e-01 5.351968781445618333e+03
4.941712839853393824e-01 4.971280584626216296e+03
5.428674861028858212e-01 4.630500231119645832e+03
5.963622675339625978e-01 4.345002356958995733e+03
6.551284857587630350e-01 4.067389515233157908e+03
7.196855941730535555e-01 3.820831784383178274e+03
7.906042337028588163e-01 3.602619691429598333e+03
8.685112768820903995e-01 3.391417678722783421e+03
9.540953689793428838e-01 3.192149916471988035e+03
1.048113015153642191e+00 0.000000000000000000e+00
