1.048113066601954503e-02 7.180001109980447218e+05
1.151395323963562076e-02 0.000000000000000000e+00
1.264855132798976302e-02 3.266541800739882747e+05
1.389495400641860279e-02 4.393743676875756355e+05
1.526417862678452857e-02 4.456341310200979933e+05
1.676832820337198493e-02 0.000000000000000000e+00
1.842069839530119726e-02 3.318112800125703798e+05
2.023589503111089191e-02 2.131651493237429531e+05
2.222996321434766651e-02 1.556136535604605451e+05
2.442052915136719640e-02 1.922434150561120478e+05
2.682695595500901239e-02 1.979806005251558672e+05
2.947051480134291537e-02 1.190874152954836172e+05
3.237457295239669353e-02 1.014181929465524154e+05
3.556480030685772731e-02 9.300785676957915712e+04
3.906939630451649464e-02 7.159071185660653282e+04
4.291933919013282694e-02 7.369008021574166196e+04
4.714865984004791566e-02 6.605215916368443868e+04
5.179474257198286163e-02 6.304502836079186818e+04
5.689865559697841746e-02 5.995219966485484474e+04
6.250551403444545850e-02 5.396923740208187519e+04
6.866487869913283359e-02 4.592630277858239424e+04
7.543119418501802176e-02 3.564602769090687798e+04
8.286427011848424007e-02 2.926369079347469960e+04
9.102980983473445142e-02 2.346048542704878128e+04
9.999999115058272325e-02 2.169044204464675204e+04
1.098541043672585787e-01 1.904967651716558976e+04
1.206792531427361148e-01 1.690974271742216661e+04
1.325711244288214907e-01 1.411262251626186844e+04
1.456348342787200378e-01 1.184688769656062868e+04
1.599858570014452974e-01 1.042579362464147925e+04
1.757510458761641914e-01 9.139557055964680330e+03
1.930697544488981787e-01 7.832747953451296780e+03
2.120950683230800604e-01 6.943825692946212257e+03
2.329951583321586417e-01 6.018538426885137596e+03
2.559547670553742882e-01 5.324268808648183040e+03
2.811768418164965477e-01 4.700480668570437047e+03
3.088843286001189403e-01 4.135690821019818031e+03
3.393221427425128778e-01 3.672563580684144654e+03
3.727593338166072523e-01 3.290863947457743052e+03
4.094914638472018087e-01 2.957975495184091415e+03
4.498432198782237879e-01 2.662334506408944890e+03
4.941712839853393824e-01 2.413291961612334489e+03
5.428674861028858212e-01 2.189714362100993640e+03
5.963622675339625978e-01 1.989479371773595176e+03
6.551284857587630350e-01 1.816521750286276756e+03
7.196855941730535555e-01 1.664022327166193008e+03
7.906042337028588163e-01 1.533397164174115005e+03
8.685112768820903995e-01 1.411143392644581809e+03
9.540953689793428838e-01 1.296658852149015502e+03
1.048113015153642191e+00 0.000000000000000000e+00
