1.048113066601954503e-02 3.281459105415343074e+05
1.151395323963562076e-02 0.000000000000000000e+00
1.264855132798976302e-02 4.244611412936133565e+05
1.389495400641860279e-02 8.502349540368560702e+05
1.526417862678452857e-02 3.291662220495798392e+05
1.676832820337198493e-02 0.000000000000000000e+00
1.842069839530119726e-02 3.387153228484999272e+05
2.023589503111089191e-02 3.923891000965191051e+05
2.222996321434766651e-02 2.381463165830617072e+05
2.442052915136719640e-02 3.126474789004183840e+05
2.682695595500901239e-02 1.389626262200594356e+05
2.947051480134291537e-02 1.222692966374203097e+05
3.237457295239669353e-02 1.020992110675603908e+05
3.556480030685772731e-02 7.773442475323853432e+04
3.906939630451649464e-02 7.436593986148069962e+04
4.291933919013282694e-02 7.007724939522372733e+04
4.714865984004791566e-02 7.102957679343300697e+04
5.179474257198286163e-02 7.837745387027887045e+04
5.689865559697841746e-02 6.859357895055325935e+04
6.250551403444545850e-02 5.113402214514429215e+04
6.866487869913283359e-02 3.905321084178121237e+04
7.543119418501802176e-02 2.629644591949729511e+04
8.286427011848424007e-02 2.190108916994959509e+04
9.102980983473445142e-02 2.225442044838664151e+04
9.999999115058272325e-02 2.231918571130056444e+04
1.098541043672585787e-01 1.861355687372955435e+04
1.206792531427361148e-01 1.372706068921490441e+04
1.325711244288214907e-01 1.175092044819642979e+04
1.456348342787200378e-01 1.084262833057842727e+04
1.599858570014452974e-01 9.161855177571678723e+03
1.757510458761641914e-01 7.731832041717078027e+03
1.930697544488981787e-01 6.890713853612546700e+03
2.120950683230800604e-01 6.000523036525825773e+03
2.329951583321586417e-01 5.115058376663419949e+03
2.559547670553742882e-01 4.549746052789241730e+03
2.811768418164965477e-01 3.969662342273794820e+03
3.088843286001189403e-01 3.501574233278071915e+03
3.393221427425128778e-01 3.113344055098802983e+03
3.727593338166072523e-01 2.745574528116093461e+03
4.094914638472018087e-01 2.432791088858740750e+03
4.498432198782237879e-01 2.189448283105512019e+03
4.941712839853393824e-01 1.981766572551558056e+03
5.428674861028858212e-01 1.787839009366364280e+03
5.963622675339625978e-01 1.622938550597033782e+03
6.551284857587630350e-01 1.478933679973439212e+03
7.196855941730535555e-01 1.353917359679488527e+03
7.906042337028588163e-01 1.235133315047499764e+03
8.685112768820903995e-01 1.133920056171076567e+03
9.540953689793428838e-01 1.036341076383105019e+03
1.048113015153642191e+00 0.000000000000000000e+00
