1.048113066601954503e-02 1.051724114337857580e+06
1.151395323963562076e-02 0.000000000000000000e+00
1.264855132798976302e-02 9.755800621377837379e+05
1.389495400641860279e-02 5.246165174956389237e+05
1.526417862678452857e-02 4.497141058722948655e+05
1.676832820337198493e-02 0.000000000000000000e+00
1.842069839530119726e-02 7.137196634544580011e+05
2.023589503111089191e-02 4.402827866235895781e+05
2.222996321434766651e-02 3.686753766747543123e+05
2.442052915136719640e-02 3.360889783971583238e+05
2.682695595500901239e-02 3.136538121969240601e+05
2.947051480134291537e-02 1.687546887647026742e+05
3.237457295239669353e-02 1.327587106859434862e+05
3.556480030685772731e-02 1.370011430620294705e+05
3.906939630451649464e-02 1.136390117558521742e+05
4.291933919013282694e-02 8.773367411077878205e+04
4.714865984004791566e-02 7.477156166067207232e+04
5.179474257198286163e-02 7.408415002568562340e+04
5.689865559697841746e-02 7.955362774342321791e+04
6.250551403444545850e-02 8.154267253279715078e+04
6.866487869913283359e-02 7.265259368966144393e+04
7.543119418501802176e-02 6.283158919934515143e+04
8.286427011848424007e-02 4.316678463415356237e+04
9.102980983473445142e-02 3.111797766704503738e+04
9.999999115058272325e-02 2.608187245431773044e+04
1.098541043672585787e-01 2.603161096099083443e+04
1.206792531427361148e-01 2.649409914964963900e+04
1.325711244288214907e-01 2.152518628261221602e+04
1.456348342787200378e-01 1.686815763614807292e+04
1.599858570014452974e-01 1.420550519196540699e+04
1.757510458761641914e-01 1.322618174925600761e+04
1.930697544488981787e-01 1.172983398571125508e+04
2.120950683230800604e-01 9.721470624236124422e+03
2.329951583321586417e-01 8.664725178005879570e+03
2.559547670553742882e-01 7.697644082474220340e+03
2.811768418164965477e-01 6.692773361968336758e+03
3.088843286001189403e-01 5.912691136964105681e+03
3.393221427425128778e-01 5.262526663251216632e+03
3.727593338166072523e-01 4.681375079451045167e+03
4.094914638472018087e-01 4.219129481946038140e+03
4.498432198782237879e-01 3.781278067641488633e+03
4.941712839853393824e-01 3.442922538689895191e+03
5.428674861028858212e-01 3.118438494766430267e+03
5.963622675339625978e-01 2.836060236191962304e+03
6.551284857587630350e-01 2.595209154365275026e+03
7.196855941730535555e-01 2.387244481447439739e+03
7.906042337028588163e-01 2.198412403511148113e+03
8.685112768820903995e-01 2.026023791282909315e+03
9.540953689793428838e-01 1.874728484336770407e+03
1.048113015153642191e+00 0.000000000000000000e+00
