1.048113066601954503e-02 5.849679892810049932e+04
1.151395323963562076e-02 0.000000000000000000e+00
1.264855132798976302e-02 8.240286705179975252e+04
1.389495400641860279e-02 1.017218271764319943e+05
1.526417862678452857e-02 5.181655974197228352e+04
1.676832820337198493e-02 0.000000000000000000e+00
1.842069839530119726e-02 5.838629564144654432e+04
2.023589503111089191e-02 5.778433859568625485e+04
2.222996321434766651e-02 9.339654637507801817e+04
2.442052915136719640e-02 6.460928101976607286e+04
2.682695595500901239e-02 7.246258043911321147e+04
2.947051480134291537e-02 6.105011100278081722e+04
3.237457295239669353e-02 6.011419226541278476e+04
3.556480030685772731e-02 5.001014993277136819e+04
3.906939630451649464e-02 5.156396004450577311e+04
4.291933919013282694e-02 4.091031491195822309e+04
4.714865984004791566e-02 3.890787549397516705e+04
5.179474257198286163e-02 3.761045495186622429e+04
5.689865559697841746e-02 3.369285858608952549e+04
6.250551403444545850e-02 2.977523715243540209e+04
6.866487869913283359e-02 2.932350125784545162e+04
7.543119418501802176e-02 2.561209218192763365e+04
8.286427011848424007e-02 2.148318461797683995e+04
9.102980983473445142e-02 1.913032464069819252e+04
9.999999115058272325e-02 1.751697438311362566e+04
1.098541043672585787e-01 1.533621866888244404e+04
1.206792531427361148e-01 1.390806568489236088e+04
1.325711244288214907e-01 1.239154822751903521e+04
1.456348342787200378e-01 1.046030177357898356e+04
1.599858570014452974e-01 9.299122212350293921e+03
1.757510458761641914e-01 8.351128770056549911e+03
1.930697544488981787e-01 7.496770146605441369e+03
2.120950683230800604e-01 6.446269384967558835e+03
2.329951583321586417e-01 5.740690929641858020e+03
2.559547670553742882e-01 5.106663088062030511e+03
2.811768418164965477e-01 4.580420065355483530e+03
3.088843286001189403e-01 4.073134009397774207e+03
3.393221427425128778e-01 3.655912325747853174e+03
3.727593338166072523e-01 3.283148555563000627e+03
4.094914638472018087e-01 2.966164382581468089e+03
4.498432198782237879e-01 2.706561473203633795e+03
4.941712839853393824e-01 2.458875100521789136e+03
5.428674861028858212e-01 2.251112575122828730e+03
5.963622675339625978e-01 2.068214853442554158e+03
6.551284857587630350e-01 1.904813171827171573e+03
7.196855941730535555e-01 1.763807541191641576e+03
7.906042337028588163e-01 1.636604481600722465e+03
8.685112768820903995e-01 1.523481372748431795e+03
9.540953689793428838e-01 1.424948106870436050e+03
1.048113015153642191e+00 0.000000000000000000e+00
