1.048113066601954503e-02 1.842744089142997473e+04
1.151395323963562076e-02 0.000000000000000000e+00
1.264855132798976302e-02 2.453415148228540056e+04
1.389495400641860279e-02 2.066697237132343434e+04
1.526417862678452857e-02 1.959563166516710044e+04
1.676832820337198493e-02 0.000000000000000000e+00
1.842069839530119726e-02 2.404031075704109389e+04
2.023589503111089191e-02 2.114881076894638682e+04
2.222996321434766651e-02 1.922794571467569040e+04
2.442052915136719640e-02 2.797255418963942066e+04
2.682695595500901239e-02 2.564310044850167469e+04
2.947051480134291537e-02 2.660864575790349409e+04
3.237457295239669353e-02 2.695186292280718772e+04
3.556480030685772731e-02 2.502757566584680171e+04
3.906939630451649464e-02 2.476172638287836526e+04
4.291933919013282694e-02 2.832385816548396542e+04
4.714865984004791566e-02 2.536977828215152113e+04
5.179474257198286163e-02 2.362663433097169036e+04
5.689865559697841746e-02 2.154142300740012797e+04
6.250551403444545850e-02 2.134367129942281827e+04
6.866487869913283359e-02 2.115994288374443568e+04
7.543119418501802176e-02 1.982773721107927850e+04
8.286427011848424007e-02 1.871328100084855760e+04
9.102980983473445142e-02 1.695778913963954619e+04
9.999999115058272325e-02 1.584626425260668657e+04
1.098541043672585787e-01 1.409462346551495648e+04
1.206792531427361148e-01 1.321502628697914042e+04
1.325711244288214907e-01 1.234567446231791837e+04
1.456348342787200378e-01 1.123686970401318104e+04
1.599858570014452974e-01 1.003225985791684070e+04
1.757510458761641914e-01 9.046827950905299076e+03
1.930697544488981787e-01 8.391853563521150136e+03
2.120950683230800604e-01 7.593776545908980552e+03
2.329951583321586417e-01 6.908823201802797485e+03
2.559547670553742882e-01 6.239123851625858151e+03
2.811768418164965477e-01 5.771004631972150491e+03
3.088843286001189403e-01 5.217788125334475808e+03
3.393221427425128778e-01 4.814604978280778596e+03
3.727593338166072523e-01 4.419685652329943878e+03
4.094914638472018087e-01 4.081005796539524454e+03
4.498432198782237879e-01 3.794619288918716848e+03
4.941712839853393824e-01 3.544271768934991997e+03
5.428674861028858212e-01 3.330898996208222343e+03
5.963622675339625978e-01 3.130610554906567813e+03
6.551284857587630350e-01 2.953647503167479044e+03
7.196855941730535555e-01 2.786990970394215765e+03
7.906042337028588163e-01 2.647104041986318862e+03
8.685112768820903995e-01 2.513530042198488445e+03
9.540953689793428838e-01 2.395628828868360870e+03
1.048113015153642191e+00 0.000000000000000000e+00
