1.048113066601954503e-02 3.915132659457848640e+05
1.151395323963562076e-02 0.000000000000000000e+00
1.264855132798976302e-02 1.248685901852921117e+06
1.389495400641860279e-02 7.109803001287358347e+05
1.526417862678452857e-02 5.614972620708571048e+05
1.676832820337198493e-02 0.000000000000000000e+00
1.842069839530119726e-02 5.817179704161258414e+05
2.023589503111089191e-02 5.929615257520168088e+05
2.222996321434766651e-02 4.215991699294400751e+05
2.442052915136719640e-02 3.720529561492521316e+05
2.682695595500901239e-02 2.706780209666143055e+05
2.947051480134291537e-02 2.542442477354321163e+05
3.237457295239669353e-02 1.828584809618039289e+05
3.556480030685772731e-02 1.893525731666713255e+05
3.906939630451649464e-02 1.425303826466952742e+05
4.291933919013282694e-02 1.128559224567159545e+05
4.714865984004791566e-02 9.708819273571488156e+04
5.179474257198286163e-02 9.256699063539991039e+04
5.689865559697841746e-02 9.314266717547117150e+04
6.250551403444545850e-02 8.171870896750985412e+04
6.866487869913283359e-02 7.549803465521732869e+04
7.543119418501802176e-02 6.028464629812563362e+04
8.286427011848424007e-02 4.675205306154100981e+04
9.102980983473445142e-02 3.822520659520840854e+04
9.999999115058272325e-02 3.320245256992868963e+04
1.098541043672585787e-01 2.988836142410780303e+04
1.206792531427361148e-01 2.823460477826248461e+04
1.325711244288214907e-01 2.378613091902252199e+04
1.456348342787200378e-01 2.029329905891270027e+04
1.599858570014452974e-01 1.728009864228320657e+04
1.757510458761641914e-01 1.518263289121785965e+04
1.930697544488981787e-01 1.353636163948015383e+04
2.120950683230800604e-01 1.189276727731622668e+04
2.329951583321586417e-01 1.046454410602696771e+04
2.559547670553742882e-01 9.283680712624782245e+03
2.811768418164965477e-01 8.302610958922810823e+03
3.088843286001189403e-01 7.450565249415140897e+03
3.393221427425128778e-01 6.655556431285511280e+03
3.727593338166072523e-01 6.001064980882931195e+03
4.094914638472018087e-01 5.441979475619984441e+03
4.498432198782237879e-01 4.961280622903201220e+03
4.941712839853393824e-01 4.541310891259789059e+03
5.428674861028858212e-01 4.158391080524230347e+03
5.963622675339625978e-01 3.831112775240127121e+03
6.551284857587630350e-01 3.524230966440206430e+03
7.196855941730535555e-01 3.251762587598794198e+03
7.906042337028588163e-01 3.003534661168288039e+03
8.685112768820903995e-01 2.794316644867265950e+03
9.540953689793428838e-01 2.595216598136627908e+03
1.048113015153642191e+00 0.000000000000000000e+00
