1.048113066601954503e-02 7.144599662118090782e+04
1.151395323963562076e-02 0.000000000000000000e+00
1.264855132798976302e-02 6.280798507841794344e+04
1.389495400641860279e-02 7.709112085701260366e+04
1.526417862678452857e-02 6.046801473595177958e+04
1.676832820337198493e-02 0.000000000000000000e+00
1.842069839530119726e-02 9.322378553311241558e+04
2.023589503111089191e-02 1.060414517460880015e+05
2.222996321434766651e-02 7.570677846876025433e+04
2.442052915136719640e-02 8.606335717685068084e+04
2.682695595500901239e-02 1.027963187397607544e+05
2.947051480134291537e-02 8.765392279563832562e+04
3.237457295239669353e-02 8.703852620698878309e+04
3.556480030685772731e-02 8.372497966941291816e+04
3.906939630451649464e-02 7.137515344482683577e+04
4.291933919013282694e-02 6.978068504978064448e+04
4.714865984004791566e-02 6.151649520774133271e+04
5.179474257198286163e-02 5.398376898883019021e+04
5.689865559697841746e-02 5.116102607414092927e+04
6.250551403444545850e-02 4.854427240877784789e+04
6.866487869913283359e-02 4.551390967062549316e+04
7.543119418501802176e-02 4.470260369233116944e+04
8.286427011848424007e-02 4.263956867491543380e+04
9.102980983473445142e-02 3.669136327609504951e+04
9.999999115058272325e-02 3.202541219822086714e+04
1.098541043672585787e-01 2.777622638931464462e+04
1.206792531427361148e-01 2.532863327341973854e+04
1.325711244288214907e-01 2.342431535665325282e+04
1.456348342787200378e-01 2.096566938572081199e+04
1.599858570014452974e-01 1.931578728543666512e+04
1.757510458761641914e-01 1.707602867271886862e+04
1.930697544488981787e-01 1.548303980079279427e+04
2.120950683230800604e-01 1.408275693389927801e+04
2.329951583321586417e-01 1.285018152143237057e+04
2.559547670553742882e-01 1.163538074457032417e+04
2.811768418164965477e-01 1.080212649155107829e+04
3.088843286001189403e-01 9.875618111875968680e+03
3.393221427425128778e-01 9.227635587595374091e+03
3.727593338166072523e-01 8.545817223402136733e+03
4.094914638472018087e-01 7.952130479184748765e+03
4.498432198782237879e-01 7.468267557778106493e+03
4.941712839853393824e-01 7.020878306878841613e+03
5.428674861028858212e-01 6.627689824997687538e+03
5.963622675339625978e-01 6.255892118364012276e+03
6.551284857587630350e-01 5.915466317692693337e+03
7.196855941730535555e-01 5.584779235368095215e+03
7.906042337028588163e-01 5.288618209625441523e+03
8.685112768820903995e-01 4.974763208929460234e+03
9.540953689793428838e-01 4.688278195421215059e+03
1.048113015153642191e+00 0.000000000000000000e+00
