1.048113066601954503e-02 5.666110425659941393e+04
1.151395323963562076e-02 0.000000000000000000e+00
1.264855132798976302e-02 4.978818303819478751e+04
1.389495400641860279e-02 6.114322481131109816e+04
1.526417862678452857e-02 4.794807683149843797e+04
1.676832820337198493e-02 0.000000000000000000e+00
1.842069839530119726e-02 7.398968797498362255e+04
2.023589503111089191e-02 8.409808740552344534e+04
2.222996321434766651e-02 5.995000979430607549e+04
2.442052915136719640e-02 6.825978759941147291e+04
2.682695595500901239e-02 8.146577980507171014e+04
2.947051480134291537e-02 6.946988050706899958e+04
3.237457295239669353e-02 6.899419272488143179e+04
3.556480030685772731e-02 6.627329887554967718e+04
3.906939630451649464e-02 5.654226830292581872e+04
4.291933919013282694e-02 5.524201299237351486e+04
4.714865984004791566e-02 4.867296426292635442e+04
5.179474257198286163e-02 4.268892243007720390e+04
5.689865559697841746e-02 4.044450763645300322e+04
6.250551403444545850e-02 3.835623517240109504e+04
6.866487869913283359e-02 3.593488254921189946e+04
7.543119418501802176e-02 3.525653765499647852e+04
8.286427011848424007e-02 3.359450655670375272e+04
9.102980983473445142e-02 2.887753667620643682e+04
9.999999115058272325e-02 2.517321186411964663e+04
1.098541043672585787e-01 2.179106236175451704e+04
1.206792531427361148e-01 1.985621748106816813e+04
1.325711244288214907e-01 1.832168517082812104e+04
1.456348342787200378e-01 1.636894470351402015e+04
1.599858570014452974e-01 1.504927249855052651e+04
1.757510458761641914e-01 1.327922442613099156e+04
1.930697544488981787e-01 1.201225217591365436e+04
2.120950683230800604e-01 1.089903450362090734e+04
2.329951583321586417e-01 9.923384050030766957e+03
2.559547670553742882e-01 8.962730477600263839e+03
2.811768418164965477e-01 8.299343884323614475e+03
3.088843286001189403e-01 7.567615288604491980e+03
3.393221427425128778e-01 7.053940435144188086e+03
3.727593338166072523e-01 6.515520067235431270e+03
4.094914638472018087e-01 6.046697338397747444e+03
4.498432198782237879e-01 5.663912503458034735e+03
4.941712839853393824e-01 5.310896591333965262e+03
5.428674861028858212e-01 5.000343126357558504e+03
5.963622675339625978e-01 4.707486249611611129e+03
6.551284857587630350e-01 4.440023206591573398e+03
7.196855941730535555e-01 4.180649884966679565e+03
7.906042337028588163e-01 3.948589912410125180e+03
8.685112768820903995e-01 3.704286176390254695e+03
9.540953689793428838e-01 3.481379614716715878e+03
1.048113015153642191e+00 0.000000000000000000e+00
