1.048113066601954503e-02 6.255849166781039821e+04
1.151395323963562076e-02 0.000000000000000000e+00
1.264855132798976302e-02 5.434120816083124373e+04
1.389495400641860279e-02 6.884290860547441116e+04
1.526417862678452857e-02 6.556445260320708621e+04
1.676832820337198493e-02 0.000000000000000000e+00
1.842069839530119726e-02 5.626717356013804238e+04
2.023589503111089191e-02 1.009114256647098227e+05
2.222996321434766651e-02 5.742571393796001939e+04
2.442052915136719640e-02 5.645520630666032957e+04
2.682695595500901239e-02 5.505110026933772315e+04
2.947051480134291537e-02 6.696993791164449067e+04
3.237457295239669353e-02 6.259293262798207434e+04
3.556480030685772731e-02 5.368422354494070169e+04
3.906939630451649464e-02 4.921757223512604833e+04
4.291933919013282694e-02 4.593958215636026580e+04
4.714865984004791566e-02 4.569152490193083941e+04
5.179474257198286163e-02 4.536546839602552063e+04
5.689865559697841746e-02 4.096504574648091511e+04
6.250551403444545850e-02 3.711654581225266156e+04
6.866487869913283359e-02 3.712934273032125202e+04
7.543119418501802176e-02 3.350132743795132410e+04
8.286427011848424007e-02 3.179878712849246222e+04
9.102980983473445142e-02 2.845929226523639591e+04
9.999999115058272325e-02 2.570482487225388104e+04
1.098541043672585787e-01 2.211678267031563882e+04
1.206792531427361148e-01 2.002051657635327865e+04
1.325711244288214907e-01 1.852545858539970868e+04
1.456348342787200378e-01 1.684040125796184657e+04
1.599858570014452974e-01 1.512518725043693121e+04
1.757510458761641914e-01 1.359117174738000176e+04
1.930697544488981787e-01 1.222306784126763887e+04
2.120950683230800604e-01 1.097938216565618313e+04
2.329951583321586417e-01 9.972838793096507288e+03
2.559547670553742882e-01 9.112113083728972924e+03
2.811768418164965477e-01 8.277474104855709811e+03
3.088843286001189403e-01 7.654702845726736996e+03
3.393221427425128778e-01 7.064494249940489681e+03
3.727593338166072523e-01 6.453896852476225831e+03
4.094914638472018087e-01 6.001386813034236184e+03
4.498432198782237879e-01 5.574553507048753090e+03
4.941712839853393824e-01 5.235084745466738241e+03
5.428674861028858212e-01 4.881947445852336386e+03
5.963622675339625978e-01 4.578541085763903538e+03
6.551284857587630350e-01 4.328165282486599608e+03
7.196855941730535555e-01 4.087308281197254018e+03
7.906042337028588163e-01 3.869995076591366342e+03
8.685112768820903995e-01 3.657896101035959873e+03
9.540953689793428838e-01 3.461772057139678054e+03
1.048113015153642191e+00 0.000000000000000000e+00
