1.048113066601954503e-02 1.293012954912632995e+05
1.151395323963562076e-02 0.000000000000000000e+00
1.264855132798976302e-02 3.488773130380135262e+05
1.389495400641860279e-02 3.539293547630399698e+05
1.526417862678452857e-02 1.895019461397717241e+05
1.676832820337198493e-02 0.000000000000000000e+00
1.842069839530119726e-02 2.367010794238847448e+05
2.023589503111089191e-02 1.573800400090828771e+05
2.222996321434766651e-02 1.894876163611164084e+05
2.442052915136719640e-02 1.530550261639152886e+05
2.682695595500901239e-02 1.398310851276736357e+05
2.947051480134291537e-02 1.707885924589858041e+05
3.237457295239669353e-02 9.438162696897910791e+04
3.556480030685772731e-02 8.276741004234140564e+04
3.906939630451649464e-02 7.925424016012680659e+04
4.291933919013282694e-02 7.524578548339082045e+04
4.714865984004791566e-02 7.611465100047699525e+04
5.179474257198286163e-02 5.934732613298454089e+04
5.689865559697841746e-02 6.378684093135847070e+04
6.250551403444545850e-02 6.360200845175542054e+04
6.866487869913283359e-02 5.664113730718223087e+04
7.543119418501802176e-02 4.548763132908599073e+04
8.286427011848424007e-02 3.419289663708342414e+04
9.102980983473445142e-02 2.985459214279870139e+04
9.999999115058272325e-02 2.690117817038779322e+04
1.098541043672585787e-01 2.618912998061471808e+04
1.206792531427361148e-01 2.373667059306212832e+04
1.325711244288214907e-01 1.959666642413008958e+04
1.456348342787200378e-01 1.705218647759624582e+04
1.599858570014452974e-01 1.561641290826015393e+04
1.757510458761641914e-01 1.413421004157798598e+04
1.930697544488981787e-01 1.237732943187103047e+04
2.120950683230800604e-01 1.117619701783163509e+04
2.329951583321586417e-01 1.005184100036738892e+04
2.559547670553742882e-01 9.150268210506468677e+03
2.811768418164965477e-01 8.256435581773301237e+03
3.088843286001189403e-01 7.514169905999931871e+03
3.393221427425128778e-01 6.999719937582338389e+03
3.727593338166072523e-01 6.382669440778901844e+03
4.094914638472018087e-01 5.903059872755383367e+03
4.498432198782237879e-01 5.490316498583400062e+03
4.941712839853393824e-01 5.124491101976598657e+03
5.428674861028858212e-01 4.779535089811261059e+03
5.963622675339625978e-01 4.465745594085830817e+03
6.551284857587630350e-01 4.190865725610015033e+03
7.196855941730535555e-01 3.928646454203121266e+03
7.906042337028588163e-01 3.688058750589512783e+03
8.685112768820903995e-01 3.464193284350185877e+03
9.540953689793428838e-01 3.259387534567263174e+03
1.048113015153642191e+00 0.000000000000000000e+00
