1.048113066601954503e-02 5.249387288361213723e+04
1.151395323963562076e-02 0.000000000000000000e+00
1.264855132798976302e-02 2.190160824716630304e+04
1.389495400641860279e-02 3.152296549925516229e+04
1.526417862678452857e-02 3.791005336292629363e+04
1.676832820337198493e-02 0.000000000000000000e+00
1.842069839530119726e-02 4.917009941274690209e+04
2.023589503111089191e-02 5.335049486212973716e+04
2.222996321434766651e-02 5.970447650927245559e+04
2.442052915136719640e-02 7.111911793714572559e+04
2.682695595500901239e-02 6.739092551472592459e+04
2.947051480134291537e-02 5.855608104490858386e+04
3.237457295239669353e-02 5.612667163561505731e+04
3.556480030685772731e-02 5.355806664919073228e+04
3.906939630451649464e-02 4.978305073032489599e+04
4.291933919013282694e-02 4.828747572638127167e+04
4.714865984004791566e-02 4.411820575327399274e+04
5.179474257198286163e-02 4.480852014059614885e+04
5.689865559697841746e-02 4.356055159252524027e+04
6.250551403444545850e-02 4.578646797013567993e+04
6.866487869913283359e-02 3.921054620325022552e+04
7.543119418501802176e-02 3.667890183920642448e+04
8.286427011848424007e-02 3.348314658544909616e+04
9.102980983473445142e-02 3.086165177794034025e+04
9.999999115058272325e-02 2.787596228556446295e+04
1.098541043672585787e-01 2.564051553665099709e+04
1.206792531427361148e-01 2.275203481167398422e+04
1.325711244288214907e-01 2.111291611263062805e+04
1.456348342787200378e-01 1.985745609991538004e+04
1.599858570014452974e-01 1.795075365451779362e+04
1.757510458761641914e-01 1.599819200991842627e+04
1.930697544488981787e-01 1.484632082856763373e+04
2.120950683230800604e-01 1.366383173406314381e+04
2.329951583321586417e-01 1.242496872946951953e+04
2.559547670553742882e-01 1.141324658334875858e+04
2.811768418164965477e-01 1.062356204491213066e+04
3.088843286001189403e-01 9.748434829987672856e+03
3.393221427425128778e-01 9.112000599790662818e+03
3.727593338166072523e-01 8.496033773454239054e+03
4.094914638472018087e-01 7.997975534415010770e+03
4.498432198782237879e-01 7.514747250920167062e+03
4.941712839853393824e-01 7.078707591267335374e+03
5.428674861028858212e-01 6.710393343953823205e+03
5.963622675339625978e-01 6.364302921799906471e+03
6.551284857587630350e-01 6.059934486761259905e+03
7.196855941730535555e-01 5.753511030892033887e+03
7.906042337028588163e-01 5.467242372570384759e+03
8.685112768820903995e-01 5.190468299845062575e+03
9.540953689793428838e-01 4.917807608409515524e+03
1.048113015153642191e+00 0.000000000000000000e+00
