1.048113066601954503e-02 3.081812512417715334e+04
1.151395323963562076e-02 0.000000000000000000e+00
1.264855132798976302e-02 3.226655891698675259e+04
1.389495400641860279e-02 6.363681774659289658e+04
1.526417862678452857e-02 5.540279530337278266e+04
1.676832820337198493e-02 0.000000000000000000e+00
1.842069839530119726e-02 4.647724935767416900e+04
2.023589503111089191e-02 5.596919178174360422e+04
2.222996321434766651e-02 6.392544154169122339e+04
2.442052915136719640e-02 5.061486588414027938e+04
2.682695595500901239e-02 5.140828365138421213e+04
2.947051480134291537e-02 5.349390776234363148e+04
3.237457295239669353e-02 5.232307911785802571e+04
3.556480030685772731e-02 4.968599847804394813e+04
3.906939630451649464e-02 5.652064757875834766e+04
4.291933919013282694e-02 4.554218101425299392e+04
4.714865984004791566e-02 4.526623086712956137e+04
5.179474257198286163e-02 4.922594991295954242e+04
5.689865559697841746e-02 4.105982790401663806e+04
6.250551403444545850e-02 3.539835027026425814e+04
6.866487869913283359e-02 3.876665363579753466e+04
7.543119418501802176e-02 3.161233940719983730e+04
8.286427011848424007e-02 3.183405507392093932e+04
9.102980983473445142e-02 2.860969431263749357e+04
9.999999115058272325e-02 2.706572547653732909e+04
1.098541043672585787e-01 2.388547449614031939e+04
1.206792531427361148e-01 2.145723520202138025e+04
1.325711244288214907e-01 1.985068635008734054e+04
1.456348342787200378e-01 1.826986394963871135e+04
1.599858570014452974e-01 1.641605472689365706e+04
1.757510458761641914e-01 1.474094829476913583e+04
1.930697544488981787e-01 1.302423739613550060e+04
2.120950683230800604e-01 1.211415486671806138e+04
2.329951583321586417e-01 1.096561517387012282e+04
2.559547670553742882e-01 1.002470328919640087e+04
2.811768418164965477e-01 9.247697742127838865e+03
3.088843286001189403e-01 8.453084399845954977e+03
3.393221427425128778e-01 7.826521948950440674e+03
3.727593338166072523e-01 7.261015161467852522e+03
4.094914638472018087e-01 6.765506246428408303e+03
4.498432198782237879e-01 6.319859147771325297e+03
4.941712839853393824e-01 5.937765249211332957e+03
5.428674861028858212e-01 5.592758969566438282e+03
5.963622675339625978e-01 5.279677310429098725e+03
6.551284857587630350e-01 4.989199974909879529e+03
7.196855941730535555e-01 4.725942737525590928e+03
7.906042337028588163e-01 4.477305973946822633e+03
8.685112768820903995e-01 4.255661088383503738e+03
9.540953689793428838e-01 4.046694270788127142e+03
1.048113015153642191e+00 0.000000000000000000e+00
