1.048113066601954503e-02 3.424937145836759009e+04
1.151395323963562076e-02 0.000000000000000000e+00
1.264855132798976302e-02 2.979170834819066295e+04
1.389495400641860279e-02 3.772968926167756581e+04
1.526417862678452857e-02 3.588434989458470227e+04
1.676832820337198493e-02 0.000000000000000000e+00
1.842069839530119726e-02 3.086398428099582816e+04
2.023589503111089191e-02 5.519789159438906063e+04
2.222996321434766651e-02 3.146501486872508758e+04
2.442052915136719640e-02 3.087939916923645069e+04
2.682695595500901239e-02 3.010640262276028079e+04
2.947051480134291537e-02 3.667975964421155368e+04
3.237457295239669353e-02 3.422771731410814391e+04
3.556480030685772731e-02 2.929738348000209589e+04
3.906939630451649464e-02 2.691623306967245662e+04
4.291933919013282694e-02 2.507778525321385314e+04
4.714865984004791566e-02 2.493934150059787498e+04
5.179474257198286163e-02 2.474641420842768639e+04
5.689865559697841746e-02 2.232861647380565046e+04
6.250551403444545850e-02 2.018226014669173310e+04
6.866487869913283359e-02 2.014486725785011367e+04
7.543119418501802176e-02 1.816216672401468531e+04
8.286427011848424007e-02 1.719355760527705570e+04
9.102980983473445142e-02 1.534031100711201361e+04
9.999999115058272325e-02 1.383273060261219507e+04
1.098541043672585787e-01 1.186092069085039657e+04
1.206792531427361148e-01 1.070167924976535505e+04
1.325711244288214907e-01 9.865865654872353844e+03
1.456348342787200378e-01 8.932684220916598861e+03
1.599858570014452974e-01 7.986466877509106780e+03
1.757510458761641914e-01 7.133316069617143512e+03
1.930697544488981787e-01 6.384042991576308850e+03
2.120950683230800604e-01 5.700352510785203776e+03
2.329951583321586417e-01 5.146176590141632914e+03
2.559547670553742882e-01 4.671414670842339547e+03
2.811768418164965477e-01 4.216504451509948922e+03
3.088843286001189403e-01 3.872323054633933225e+03
3.393221427425128778e-01 3.547593659854454017e+03
3.727593338166072523e-01 3.218819084882984043e+03
4.094914638472018087e-01 2.971485108976071388e+03
4.498432198782237879e-01 2.740127351514867769e+03
4.941712839853393824e-01 2.554812131543638316e+03
5.428674861028858212e-01 2.365266673811007422e+03
5.963622675339625978e-01 2.202251979075412692e+03
6.551284857587630350e-01 2.066652945075295065e+03
7.196855941730535555e-01 1.937147168801888711e+03
7.906042337028588163e-01 1.820552641650553142e+03
8.685112768820903995e-01 1.707966904210625898e+03
9.540953689793428838e-01 1.604199977408953146e+03
1.048113015153642191e+00 0.000000000000000000e+00
