1.048113066601954503e-02 3.631343678175738751e+04
1.151395323963562076e-02 0.000000000000000000e+00
1.264855132798976302e-02 3.254479956188364667e+04
1.389495400641860279e-02 4.708834150905725255e+04
1.526417862678452857e-02 2.948941724061616333e+04
1.676832820337198493e-02 0.000000000000000000e+00
1.842069839530119726e-02 3.834577398745407845e+04
2.023589503111089191e-02 4.450813685088169586e+04
2.222996321434766651e-02 3.061451038835904910e+04
2.442052915136719640e-02 2.973840636385104153e+04
2.682695595500901239e-02 3.667278445930228190e+04
2.947051480134291537e-02 4.892878469306846091e+04
3.237457295239669353e-02 3.810206547484343173e+04
3.556480030685772731e-02 3.489772196606155194e+04
3.906939630451649464e-02 3.923785380973137217e+04
4.291933919013282694e-02 3.737516851667992887e+04
4.714865984004791566e-02 3.376356558707918157e+04
5.179474257198286163e-02 3.124760438697759673e+04
5.689865559697841746e-02 3.156671099785467959e+04
6.250551403444545850e-02 3.077575021358299273e+04
6.866487869913283359e-02 2.933436503573170921e+04
7.543119418501802176e-02 2.891344881867232471e+04
8.286427011848424007e-02 2.666788334123366803e+04
9.102980983473445142e-02 2.379696797568340480e+04
9.999999115058272325e-02 2.146457069255210445e+04
1.098541043672585787e-01 1.950071134494325452e+04
1.206792531427361148e-01 1.880768888179843634e+04
1.325711244288214907e-01 1.738837101253270521e+04
1.456348342787200378e-01 1.599632922789771692e+04
1.599858570014452974e-01 1.426547344206008529e+04
1.757510458761641914e-01 1.295308014503293634e+04
1.930697544488981787e-01 1.203223462037659556e+04
2.120950683230800604e-01 1.107243997272356319e+04
2.329951583321586417e-01 9.995558782965184946e+03
2.559547670553742882e-01 9.317141335822550900e+03
2.811768418164965477e-01 8.578016418044808233e+03
3.088843286001189403e-01 8.036153568626901688e+03
3.393221427425128778e-01 7.455497867160031092e+03
3.727593338166072523e-01 6.953584024795452933e+03
4.094914638472018087e-01 6.535746780056788339e+03
4.498432198782237879e-01 6.173287544271449406e+03
4.941712839853393824e-01 5.809636700920154908e+03
5.428674861028858212e-01 5.525696661398365904e+03
5.963622675339625978e-01 5.259953423952436424e+03
6.551284857587630350e-01 5.005666924154196749e+03
7.196855941730535555e-01 4.767466494129092098e+03
7.906042337028588163e-01 4.542982288817435801e+03
8.685112768820903995e-01 4.327486879588399461e+03
9.540953689793428838e-01 4.127813829871172857e+03
1.048113015153642191e+00 0.000000000000000000e+00
