1.048113066601954503e-02 4.052182608996087220e+04
1.151395323963562076e-02 0.000000000000000000e+00
1.264855132798976302e-02 3.951147668552962568e+04
1.389495400641860279e-02 1.961915991367116658e+04
1.526417862678452857e-02 3.280717706875476870e+04
1.676832820337198493e-02 0.000000000000000000e+00
1.842069839530119726e-02 5.028461960195779830e+04
2.023589503111089191e-02 3.121093901483870286e+04
2.222996321434766651e-02 5.006471036430691311e+04
2.442052915136719640e-02 4.462941238025536586e+04
2.682695595500901239e-02 3.704316680611916672e+04
2.947051480134291537e-02 3.430849999934903462e+04
3.237457295239669353e-02 3.314169209111252712e+04
3.556480030685772731e-02 2.685439794773725225e+04
3.906939630451649464e-02 2.878447784986004990e+04
4.291933919013282694e-02 2.837043075088314799e+04
4.714865984004791566e-02 2.207373936373754259e+04
5.179474257198286163e-02 2.494331747384718619e+04
5.689865559697841746e-02 2.133412271666284505e+04
6.250551403444545850e-02 2.164100997997087688e+04
6.866487869913283359e-02 2.021770593667057983e+04
7.543119418501802176e-02 1.886664944033655047e+04
8.286427011848424007e-02 1.687327786315176854e+04
9.102980983473445142e-02 1.552991371738805537e+04
9.999999115058272325e-02 1.366740063769929293e+04
1.098541043672585787e-01 1.247754569518991957e+04
1.206792531427361148e-01 1.076873461318017507e+04
1.325711244288214907e-01 1.009756982749185590e+04
1.456348342787200378e-01 9.080171743099101150e+03
1.599858570014452974e-01 8.141670207896915599e+03
1.757510458761641914e-01 7.083011719541484126e+03
1.930697544488981787e-01 6.404833078478887728e+03
2.120950683230800604e-01 5.759482262737968995e+03
2.329951583321586417e-01 5.168367978924135969e+03
2.559547670553742882e-01 4.644528393642655828e+03
2.811768418164965477e-01 4.148334865509337760e+03
3.088843286001189403e-01 3.759823026093252338e+03
3.393221427425128778e-01 3.445495575757745883e+03
3.727593338166072523e-01 3.124874331784065816e+03
4.094914638472018087e-01 2.845331753749898780e+03
4.498432198782237879e-01 2.623553933017071358e+03
4.941712839853393824e-01 2.411922825775056936e+03
5.428674861028858212e-01 2.228192466040628460e+03
5.963622675339625978e-01 2.074113690541202686e+03
6.551284857587630350e-01 1.923421264267968127e+03
7.196855941730535555e-01 1.800942194976742485e+03
7.906042337028588163e-01 1.683764219067088561e+03
8.685112768820903995e-01 1.581701451233695479e+03
9.540953689793428838e-01 1.486125969773552697e+03
1.048113015153642191e+00 0.000000000000000000e+00
