1.048113066601954503e-02 2.606376376263823186e+05
1.151395323963562076e-02 0.000000000000000000e+00
1.264855132798976302e-02 1.510534323626547412e+05
1.389495400641860279e-02 2.781940637815005030e+05
1.526417862678452857e-02 1.967598761885422864e+05
1.676832820337198493e-02 0.000000000000000000e+00
1.842069839530119726e-02 1.846598352463851916e+05
2.023589503111089191e-02 2.179801134211077588e+05
2.222996321434766651e-02 1.889230667468873435e+05
2.442052915136719640e-02 2.122829069506146188e+05
2.682695595500901239e-02 1.339645479290322692e+05
2.947051480134291537e-02 1.287562260521534336e+05
3.237457295239669353e-02 9.585115977921412559e+04
3.556480030685772731e-02 6.459204578493865847e+04
3.906939630451649464e-02 5.649561920332608861e+04
4.291933919013282694e-02 4.755234847368529154e+04
4.714865984004791566e-02 4.083113745152935735e+04
5.179474257198286163e-02 4.659446299600356724e+04
5.689865559697841746e-02 4.150801417378773476e+04
6.250551403444545850e-02 3.646985345062447595e+04
6.866487869913283359e-02 3.252849641532536771e+04
7.543119418501802176e-02 2.678775639636865890e+04
8.286427011848424007e-02 2.106064531595362132e+04
9.102980983473445142e-02 1.618131566148245111e+04
9.999999115058272325e-02 1.449966378235277261e+04
1.098541043672585787e-01 1.321534318664377497e+04
1.206792531427361148e-01 1.197137837337132805e+04
1.325711244288214907e-01 9.862728332514456270e+03
1.456348342787200378e-01 8.210234433353032728e+03
1.599858570014452974e-01 6.963491451761894496e+03
1.757510458761641914e-01 6.179840303658948869e+03
1.930697544488981787e-01 5.387246322358358157e+03
2.120950683230800604e-01 4.597877684934077479e+03
2.329951583321586417e-01 4.019919837595570243e+03
2.559547670553742882e-01 3.528916171755887262e+03
2.811768418164965477e-01 3.091803712744496352e+03
3.088843286001189403e-01 2.705341945334001139e+03
3.393221427425128778e-01 2.401495276447317337e+03
3.727593338166072523e-01 2.127419808738442953e+03
4.094914638472018087e-01 1.895156005982290253e+03
4.498432198782237879e-01 1.692168092205262610e+03
4.941712839853393824e-01 1.524841645380942737e+03
5.428674861028858212e-01 1.376589461399527863e+03
5.963622675339625978e-01 1.245414866203304200e+03
6.551284857587630350e-01 1.128597537874615682e+03
7.196855941730535555e-01 1.029373574655422772e+03
7.906042337028588163e-01 9.421887586114326041e+02
8.685112768820903995e-01 8.647561478116194849e+02
9.540953689793428838e-01 7.922629716786534573e+02
1.048113015153642191e+00 0.000000000000000000e+00
