1.048113066601954503e-02 7.950902925933629740e+04
1.151395323963562076e-02 0.000000000000000000e+00
1.264855132798976302e-02 4.577932544433050498e+04
1.389495400641860279e-02 6.596163414731148805e+04
1.526417862678452857e-02 7.332033415823869291e+04
1.676832820337198493e-02 0.000000000000000000e+00
1.842069839530119726e-02 6.328788307222077856e+04
2.023589503111089191e-02 6.112537064837198704e+04
2.222996321434766651e-02 5.464760254553410778e+04
2.442052915136719640e-02 5.967403923834916350e+04
2.682695595500901239e-02 7.249555038259144931e+04
2.947051480134291537e-02 6.789885838323654025e+04
3.237457295239669353e-02 5.623666342068716040e+04
3.556480030685772731e-02 4.668210713318947091e+04
3.906939630451649464e-02 4.584930682559661363e+04
4.291933919013282694e-02 4.127577383551008825e+04
4.714865984004791566e-02 3.898493149992854887e+04
5.179474257198286163e-02 3.474840776307138003e+04
5.689865559697841746e-02 3.237729153806533577e+04
6.250551403444545850e-02 3.079896787309693900e+04
6.866487869913283359e-02 2.878034636094920279e+04
7.543119418501802176e-02 2.603446855639879868e+04
8.286427011848424007e-02 2.269703465114827486e+04
9.102980983473445142e-02 2.004346972988773996e+04
9.999999115058272325e-02 1.692602085037881625e+04
1.098541043672585787e-01 1.540805512095445192e+04
1.206792531427361148e-01 1.374913044072458615e+04
1.325711244288214907e-01 1.232883649881535530e+04
1.456348342787200378e-01 1.103454164879513337e+04
1.599858570014452974e-01 9.567357870959791398e+03
1.757510458761641914e-01 8.736365779955094695e+03
1.930697544488981787e-01 7.799667604233241946e+03
2.120950683230800604e-01 6.866262784953460141e+03
2.329951583321586417e-01 6.225071131946097921e+03
2.559547670553742882e-01 5.605590169370405420e+03
2.811768418164965477e-01 5.095973117096958049e+03
3.088843286001189403e-01 4.589828487553636478e+03
3.393221427425128778e-01 4.204215474045542578e+03
3.727593338166072523e-01 3.849556310249661237e+03
4.094914638472018087e-01 3.518135697629314564e+03
4.498432198782237879e-01 3.244496733088599285e+03
4.941712839853393824e-01 3.013814070329295646e+03
5.428674861028858212e-01 2.791200032148706214e+03
5.963622675339625978e-01 2.601740776568244200e+03
6.551284857587630350e-01 2.426312177922784031e+03
7.196855941730535555e-01 2.269946558542981620e+03
7.906042337028588163e-01 2.120447892078172117e+03
8.685112768820903995e-01 1.983682571288377403e+03
9.540953689793428838e-01 1.860091587739383158e+03
1.048113015153642191e+00 0.000000000000000000e+00
