1.048113066601954503e-02 4.770581232365195319e+04
1.151395323963562076e-02 0.000000000000000000e+00
1.264855132798976302e-02 2.959530635161084138e+04
1.389495400641860279e-02 6.038508977953439899e+04
1.526417862678452857e-02 6.334496498977133160e+04
1.676832820337198493e-02 0.000000000000000000e+00
1.842069839530119726e-02 7.208875323617563117e+04
2.023589503111089191e-02 5.922491676776043460e+04
2.222996321434766651e-02 3.930240427694605023e+04
2.442052915136719640e-02 5.709379748413463676e+04
2.682695595500901239e-02 6.530596464867129544e+04
2.947051480134291537e-02 7.302439931734633865e+04
3.237457295239669353e-02 5.833966282391820278e+04
3.556480030685772731e-02 5.222004995984195557e+04
3.906939630451649464e-02 4.366993519593456585e+04
4.291933919013282694e-02 4.583876522331782326e+04
4.714865984004791566e-02 3.877831630526648223e+04
5.179474257198286163e-02 3.668139283811660425e+04
5.689865559697841746e-02 3.837615425971666991e+04
6.250551403444545850e-02 3.457752879326664697e+04
6.866487869913283359e-02 3.412180165606109949e+04
7.543119418501802176e-02 2.828958099571901403e+04
8.286427011848424007e-02 2.642064553197516216e+04
9.102980983473445142e-02 2.380271731178982736e+04
9.999999115058272325e-02 1.943297376628394341e+04
1.098541043672585787e-01 1.765176898822196017e+04
1.206792531427361148e-01 1.679615656203399703e+04
1.325711244288214907e-01 1.551849130611654437e+04
1.456348342787200378e-01 1.346875351740488077e+04
1.599858570014452974e-01 1.179094800010430481e+04
1.757510458761641914e-01 1.081109227586387351e+04
1.930697544488981787e-01 9.967566374744445056e+03
2.120950683230800604e-01 8.974819385474696901e+03
2.329951583321586417e-01 8.139047781110336473e+03
2.559547670553742882e-01 7.498010296108483089e+03
2.811768418164965477e-01 6.897482916013477734e+03
3.088843286001189403e-01 6.348599409380694851e+03
3.393221427425128778e-01 5.833596118180345002e+03
3.727593338166072523e-01 5.409264749391270925e+03
4.094914638472018087e-01 5.062623324463897006e+03
4.498432198782237879e-01 4.737843136714684078e+03
4.941712839853393824e-01 4.441304102235790197e+03
5.428674861028858212e-01 4.187275291438621935e+03
5.963622675339625978e-01 3.931497956542985321e+03
6.551284857587630350e-01 3.710883625541572655e+03
7.196855941730535555e-01 3.505840994983907876e+03
7.906042337028588163e-01 3.302540542930429183e+03
8.685112768820903995e-01 3.103609526284360982e+03
9.540953689793428838e-01 2.921237054064897166e+03
1.048113015153642191e+00 0.000000000000000000e+00
