1.048113066601954503e-02 2.761177202035040682e+04
1.151395323963562076e-02 0.000000000000000000e+00
1.264855132798976302e-02 3.020212218076130739e+04
1.389495400641860279e-02 2.603841410139546861e+04
1.526417862678452857e-02 3.031522252828562341e+04
1.676832820337198493e-02 0.000000000000000000e+00
1.842069839530119726e-02 2.999687680294680104e+04
2.023589503111089191e-02 3.714073084657617437e+04
2.222996321434766651e-02 2.960790764507637141e+04
2.442052915136719640e-02 4.712761987149351626e+04
2.682695595500901239e-02 4.059607340563494654e+04
2.947051480134291537e-02 4.163899752235044434e+04
3.237457295239669353e-02 3.956580684356053098e+04
3.556480030685772731e-02 2.930240224368464260e+04
3.906939630451649464e-02 3.169446051870412703e+04
4.291933919013282694e-02 2.675519707119796658e+04
4.714865984004791566e-02 2.527536642029360155e+04
5.179474257198286163e-02 2.543377762227654603e+04
5.689865559697841746e-02 2.409008956166887219e+04
6.250551403444545850e-02 2.125027752682039500e+04
6.866487869913283359e-02 2.153956102030868351e+04
7.543119418501802176e-02 1.976054989539442613e+04
8.286427011848424007e-02 1.855868660374021783e+04
9.102980983473445142e-02 1.706535651948485611e+04
9.999999115058272325e-02 1.487355429453853685e+04
1.098541043672585787e-01 1.288764237042516470e+04
1.206792531427361148e-01 1.190674596452688456e+04
1.325711244288214907e-01 1.078434629941254207e+04
1.456348342787200378e-01 1.008807429475971367e+04
1.599858570014452974e-01 9.032431261779640408e+03
1.757510458761641914e-01 7.996274261462779577e+03
1.930697544488981787e-01 7.293676567161346611e+03
2.120950683230800604e-01 6.684455913646113004e+03
2.329951583321586417e-01 6.025632442914374224e+03
2.559547670553742882e-01 5.505741688307550248e+03
2.811768418164965477e-01 5.070697765337748933e+03
3.088843286001189403e-01 4.632736839862937813e+03
3.393221427425128778e-01 4.290862807940546190e+03
3.727593338166072523e-01 3.959434611796404170e+03
4.094914638472018087e-01 3.687857869734234555e+03
4.498432198782237879e-01 3.455368531267025901e+03
4.941712839853393824e-01 3.229995840752271761e+03
5.428674861028858212e-01 3.031927498973743241e+03
5.963622675339625978e-01 2.848589156016671041e+03
6.551284857587630350e-01 2.669938690562451939e+03
7.196855941730535555e-01 2.516276049883603264e+03
7.906042337028588163e-01 2.369654115454642124e+03
8.685112768820903995e-01 2.228856214284028283e+03
9.540953689793428838e-01 2.096348317035769014e+03
1.048113015153642191e+00 0.000000000000000000e+00
