1.048113066601954503e-02 8.033064033126406139e+04
1.151395323963562076e-02 0.000000000000000000e+00
1.264855132798976302e-02 2.257707460869307397e+04
1.389495400641860279e-02 1.097198758361211367e+05
1.526417862678452857e-02 9.783419324441620847e+04
1.676832820337198493e-02 0.000000000000000000e+00
1.842069839530119726e-02 8.356300798907747958e+04
2.023589503111089191e-02 1.441923248521082278e+05
2.222996321434766651e-02 1.383289947398171644e+05
2.442052915136719640e-02 1.031641522041714052e+05
2.682695595500901239e-02 9.618248045986940269e+04
2.947051480134291537e-02 9.352543954316986492e+04
3.237457295239669353e-02 7.864281956513434125e+04
3.556480030685772731e-02 6.500941911568782234e+04
3.906939630451649464e-02 7.962287305364797066e+04
4.291933919013282694e-02 7.130597424513781152e+04
4.714865984004791566e-02 5.911818081298289326e+04
5.179474257198286163e-02 6.447565893334834254e+04
5.689865559697841746e-02 4.848449862758215022e+04
6.250551403444545850e-02 5.434822397828692920e+04
6.866487869913283359e-02 5.144225771484198049e+04
7.543119418501802176e-02 4.762222176427034719e+04
8.286427011848424007e-02 4.129773059786050726e+04
9.102980983473445142e-02 3.427063383429987152e+04
9.999999115058272325e-02 3.267439297919051751e+04
1.098541043672585787e-01 2.883321797283412161e+04
1.206792531427361148e-01 2.707243035332861473e+04
1.325711244288214907e-01 2.477237116095337115e+04
1.456348342787200378e-01 2.266599222064453352e+04
1.599858570014452974e-01 1.973650075000255310e+04
1.757510458761641914e-01 1.824477323684172006e+04
1.930697544488981787e-01 1.664147220692627161e+04
2.120950683230800604e-01 1.551585258287042234e+04
2.329951583321586417e-01 1.417515743670852680e+04
2.559547670553742882e-01 1.298177858722287783e+04
2.811768418164965477e-01 1.201030754390013499e+04
3.088843286001189403e-01 1.116050947383049970e+04
3.393221427425128778e-01 1.045806690894385247e+04
3.727593338166072523e-01 9.753820857482478459e+03
4.094914638472018087e-01 9.175030803490612016e+03
4.498432198782237879e-01 8.667506215968294782e+03
4.941712839853393824e-01 8.185054884639307602e+03
5.428674861028858212e-01 7.776342574263567258e+03
5.963622675339625978e-01 7.393430395884859536e+03
6.551284857587630350e-01 7.028081643319877003e+03
7.196855941730535555e-01 6.690083671023214265e+03
7.906042337028588163e-01 6.361293419320370049e+03
8.685112768820903995e-01 6.053861599097723229e+03
9.540953689793428838e-01 5.763708941203014547e+03
1.048113015153642191e+00 0.000000000000000000e+00
