1.048113066601954503e-02 2.341782348576499498e+04
1.151395323963562076e-02 0.000000000000000000e+00
1.264855132798976302e-02 5.728394298000747222e+04
1.389495400641860279e-02 4.615945093903489760e+04
1.526417862678452857e-02 4.227011235238751397e+04
1.676832820337198493e-02 0.000000000000000000e+00
1.842069839530119726e-02 4.376164711302615615e+04
2.023589503111089191e-02 5.949566410884777724e+04
2.222996321434766651e-02 3.724695760405446345e+04
2.442052915136719640e-02 6.023694711091169302e+04
2.682695595500901239e-02 6.406896070877305465e+04
2.947051480134291537e-02 6.786635222278033325e+04
3.237457295239669353e-02 5.258796875781480048e+04
3.556480030685772731e-02 4.772033216610218369e+04
3.906939630451649464e-02 4.863418835567979841e+04
4.291933919013282694e-02 4.768473265371713205e+04
4.714865984004791566e-02 4.343037335789236386e+04
5.179474257198286163e-02 4.332784824382491934e+04
5.689865559697841746e-02 3.901699281132809119e+04
6.250551403444545850e-02 3.962868656905733224e+04
6.866487869913283359e-02 3.567722103053011233e+04
7.543119418501802176e-02 3.398155952556349803e+04
8.286427011848424007e-02 3.008030190094331920e+04
9.102980983473445142e-02 2.729011029785706705e+04
9.999999115058272325e-02 2.378935957099693769e+04
1.098541043672585787e-01 2.236747018491577546e+04
1.206792531427361148e-01 2.027586800034809858e+04
1.325711244288214907e-01 1.858976433773704412e+04
1.456348342787200378e-01 1.688866438487213964e+04
1.599858570014452974e-01 1.501498547371331006e+04
1.757510458761641914e-01 1.360038335960298355e+04
1.930697544488981787e-01 1.246426287432030949e+04
2.120950683230800604e-01 1.133894156831658620e+04
2.329951583321586417e-01 1.035956431544128645e+04
2.559547670553742882e-01 9.461381307966996246e+03
2.811768418164965477e-01 8.688066768708611562e+03
3.088843286001189403e-01 8.005438087594089666e+03
3.393221427425128778e-01 7.371340171526810082e+03
3.727593338166072523e-01 6.805545463398419997e+03
4.094914638472018087e-01 6.360950105796335265e+03
4.498432198782237879e-01 5.955322325723466747e+03
4.941712839853393824e-01 5.572037475060031284e+03
5.428674861028858212e-01 5.246793832605026182e+03
5.963622675339625978e-01 4.959541798977332292e+03
6.551284857587630350e-01 4.703510774055776892e+03
7.196855941730535555e-01 4.446573823801395520e+03
7.906042337028588163e-01 4.237152045492275647e+03
8.685112768820903995e-01 4.009706863991655155e+03
9.540953689793428838e-01 3.808633322411326844e+03
1.048113015153642191e+00 0.000000000000000000e+00
