1.048113066601954503e-02 4.197894407044316758e+05
1.151395323963562076e-02 0.000000000000000000e+00
1.264855132798976302e-02 3.271923348901608842e+05
1.389495400641860279e-02 4.076016412935249973e+05
1.526417862678452857e-02 3.193483457438517362e+05
1.676832820337198493e-02 0.000000000000000000e+00
1.842069839530119726e-02 3.054198489877243410e+05
2.023589503111089191e-02 2.360960433150228928e+05
2.222996321434766651e-02 3.143172234463550267e+05
2.442052915136719640e-02 2.549672212845575996e+05
2.682695595500901239e-02 2.148632349462446000e+05
2.947051480134291537e-02 2.063826052310743835e+05
3.237457295239669353e-02 2.193113681557459058e+05
3.556480030685772731e-02 1.607102082572269428e+05
3.906939630451649464e-02 1.180189904702628846e+05
4.291933919013282694e-02 1.150942749651807972e+05
4.714865984004791566e-02 1.004376792930675292e+05
5.179474257198286163e-02 9.687792044073517900e+04
5.689865559697841746e-02 7.786987966601952212e+04
6.250551403444545850e-02 8.641431275558123889e+04
6.866487869913283359e-02 7.693750012635334861e+04
7.543119418501802176e-02 7.300685364421698614e+04
8.286427011848424007e-02 6.033628217968337412e+04
9.102980983473445142e-02 5.260019004609585681e+04
9.999999115058272325e-02 4.292196277870836639e+04
1.098541043672585787e-01 3.615379009526579466e+04
1.206792531427361148e-01 3.398761623429616884e+04
1.325711244288214907e-01 3.101668226918948494e+04
1.456348342787200378e-01 2.780375032888395071e+04
1.599858570014452974e-01 2.395191840113341459e+04
1.757510458761641914e-01 2.139515075002374215e+04
1.930697544488981787e-01 1.925431695393678092e+04
2.120950683230800604e-01 1.767012890397939918e+04
2.329951583321586417e-01 1.584695786758501163e+04
2.559547670553742882e-01 1.446893955593898136e+04
2.811768418164965477e-01 1.314264144619106446e+04
3.088843286001189403e-01 1.202627643521790378e+04
3.393221427425128778e-01 1.107359619892708724e+04
3.727593338166072523e-01 1.016011713018903902e+04
4.094914638472018087e-01 9.499070571002652287e+03
4.498432198782237879e-01 8.814768955017596454e+03
4.941712839853393824e-01 8.222691721750135912e+03
5.428674861028858212e-01 7.693017469441800131e+03
5.963622675339625978e-01 7.170698110800189170e+03
6.551284857587630350e-01 6.756157033101326306e+03
7.196855941730535555e-01 6.308575090667254699e+03
7.906042337028588163e-01 5.898752780040462312e+03
8.685112768820903995e-01 5.508171429998112217e+03
9.540953689793428838e-01 5.133377540195915572e+03
1.048113015153642191e+00 0.000000000000000000e+00
