1.048113066601954503e-02 9.627361492132549174e+05
1.151395323963562076e-02 0.000000000000000000e+00
1.264855132798976302e-02 1.159312136768572265e+06
1.389495400641860279e-02 9.655784617053405382e+05
1.526417862678452857e-02 5.257388104915218428e+05
1.676832820337198493e-02 0.000000000000000000e+00
1.842069839530119726e-02 6.093784994508951204e+05
2.023589503111089191e-02 6.862482072267641779e+05
2.222996321434766651e-02 5.440576853981839959e+05
2.442052915136719640e-02 3.021478097696630866e+05
2.682695595500901239e-02 3.690773570225806907e+05
2.947051480134291537e-02 3.336319285871775355e+05
3.237457295239669353e-02 2.159855372708220384e+05
3.556480030685772731e-02 1.978899765804113995e+05
3.906939630451649464e-02 1.294014822048095375e+05
4.291933919013282694e-02 1.395827030734004511e+05
4.714865984004791566e-02 1.149435958341025398e+05
5.179474257198286163e-02 1.122294972115246783e+05
5.689865559697841746e-02 1.166009160366040887e+05
6.250551403444545850e-02 1.060589342455538572e+05
6.866487869913283359e-02 9.725598061738950491e+04
7.543119418501802176e-02 7.994546961461658066e+04
8.286427011848424007e-02 6.483574178658633173e+04
9.102980983473445142e-02 5.204433481933037547e+04
9.999999115058272325e-02 4.441652868469594250e+04
1.098541043672585787e-01 4.355408049075985764e+04
1.206792531427361148e-01 3.856935691128472536e+04
1.325711244288214907e-01 3.340385864488710649e+04
1.456348342787200378e-01 2.955717047249772440e+04
1.599858570014452974e-01 2.663372438197805604e+04
1.757510458761641914e-01 2.400192308510008297e+04
1.930697544488981787e-01 2.127771825967225959e+04
2.120950683230800604e-01 1.937822577112873114e+04
2.329951583321586417e-01 1.746837083025612810e+04
2.559547670553742882e-01 1.586178180539888490e+04
2.811768418164965477e-01 1.464342270960600217e+04
3.088843286001189403e-01 1.343038451164167418e+04
3.393221427425128778e-01 1.238652758635145983e+04
3.727593338166072523e-01 1.143190532037137928e+04
4.094914638472018087e-01 1.051648482567341853e+04
4.498432198782237879e-01 9.829869708402231481e+03
4.941712839853393824e-01 9.089367162036842274e+03
5.428674861028858212e-01 8.480049672335329888e+03
5.963622675339625978e-01 7.868826561646071241e+03
6.551284857587630350e-01 7.295813590504541935e+03
7.196855941730535555e-01 6.761990228278715222e+03
7.906042337028588163e-01 6.207366174106803555e+03
8.685112768820903995e-01 5.699892827048346589e+03
9.540953689793428838e-01 5.213777009191907382e+03
1.048113015153642191e+00 0.000000000000000000e+00
