1.048113066601954503e-02 1.673608157672978938e+06
1.151395323963562076e-02 0.000000000000000000e+00
1.264855132798976302e-02 1.116466331763834227e+06
1.389495400641860279e-02 7.866516031760474434e+05
1.526417862678452857e-02 1.029220007191763492e+06
1.676832820337198493e-02 0.000000000000000000e+00
1.842069839530119726e-02 6.306796650333282305e+05
2.023589503111089191e-02 5.289643680283071008e+05
2.222996321434766651e-02 3.807346767925132299e+05
2.442052915136719640e-02 2.847146000371968839e+05
2.682695595500901239e-02 3.104487435931520304e+05
2.947051480134291537e-02 3.465334223448815173e+05
3.237457295239669353e-02 2.305085354725370416e+05
3.556480030685772731e-02 1.725840261817625142e+05
3.906939630451649464e-02 1.726614317396286351e+05
4.291933919013282694e-02 1.684827735201548494e+05
4.714865984004791566e-02 1.611163338430628355e+05
5.179474257198286163e-02 1.745823883881026995e+05
5.689865559697841746e-02 1.522530443882629334e+05
6.250551403444545850e-02 1.261930344923306402e+05
6.866487869913283359e-02 8.787683976789827284e+04
7.543119418501802176e-02 6.960185738391742052e+04
8.286427011848424007e-02 6.280497371929786459e+04
9.102980983473445142e-02 6.073547379560639092e+04
9.999999115058272325e-02 5.706376899792517361e+04
1.098541043672585787e-01 5.038391554636678484e+04
1.206792531427361148e-01 3.975036585148876475e+04
1.325711244288214907e-01 3.490382487002782727e+04
1.456348342787200378e-01 3.243430297355223593e+04
1.599858570014452974e-01 2.891839006271897961e+04
1.757510458761641914e-01 2.502177758675584482e+04
1.930697544488981787e-01 2.225168822121922858e+04
2.120950683230800604e-01 2.002004737723169092e+04
2.329951583321586417e-01 1.820708836105719456e+04
2.559547670553742882e-01 1.644433048876362955e+04
2.811768418164965477e-01 1.480589623707341889e+04
3.088843286001189403e-01 1.338282450943714503e+04
3.393221427425128778e-01 1.231325586640395704e+04
3.727593338166072523e-01 1.125342516225490363e+04
4.094914638472018087e-01 1.042043508509332059e+04
4.498432198782237879e-01 9.667915877209707105e+03
4.941712839853393824e-01 8.912022837518730739e+03
5.428674861028858212e-01 8.261363660116565370e+03
5.963622675339625978e-01 7.714939182083895503e+03
6.551284857587630350e-01 7.210154640336862030e+03
7.196855941730535555e-01 6.714201882992989340e+03
7.906042337028588163e-01 6.269188105468127105e+03
8.685112768820903995e-01 5.851469095796046531e+03
9.540953689793428838e-01 5.458582517569008814e+03
1.048113015153642191e+00 0.000000000000000000e+00
