1.048113066601954503e-02 2.791134862704106490e+05
1.151395323963562076e-02 0.000000000000000000e+00
1.264855132798976302e-02 1.911125794916788000e+05
1.389495400641860279e-02 2.960304271545936354e+05
1.526417862678452857e-02 4.090270301307668560e+05
1.676832820337198493e-02 0.000000000000000000e+00
1.842069839530119726e-02 2.989833657692777924e+05
2.023589503111089191e-02 1.623948032825271366e+05
2.222996321434766651e-02 2.242611217030069092e+05
2.442052915136719640e-02 1.667304140428949322e+05
2.682695595500901239e-02 1.374966017899380531e+05
2.947051480134291537e-02 1.414531067042438663e+05
3.237457295239669353e-02 9.848638560801683343e+04
3.556480030685772731e-02 1.167535227025723725e+05
3.906939630451649464e-02 8.439707627928967122e+04
4.291933919013282694e-02 7.705562554947769968e+04
4.714865984004791566e-02 6.706744638967791980e+04
5.179474257198286163e-02 6.452479232195636723e+04
5.689865559697841746e-02 7.096245109698771557e+04
6.250551403444545850e-02 6.350605480896617519e+04
6.866487869913283359e-02 5.242462075636334339e+04
7.543119418501802176e-02 3.919130227186845150e+04
8.286427011848424007e-02 3.043578364541837800e+04
9.102980983473445142e-02 2.598196141058661306e+04
9.999999115058272325e-02 2.425893496320857957e+04
1.098541043672585787e-01 2.384895614988721354e+04
1.206792531427361148e-01 2.057067435036863390e+04
1.325711244288214907e-01 1.610470762276234018e+04
1.456348342787200378e-01 1.365800577566657739e+04
1.599858570014452974e-01 1.251245146355377619e+04
1.757510458761641914e-01 1.079998268032074338e+04
1.930697544488981787e-01 9.328362511572649964e+03
2.120950683230800604e-01 8.204146145750051801e+03
2.329951583321586417e-01 7.279874396575307401e+03
2.559547670553742882e-01 6.394774067594022199e+03
2.811768418164965477e-01 5.641299365425729775e+03
3.088843286001189403e-01 4.996968378456807841e+03
3.393221427425128778e-01 4.516554117730715006e+03
3.727593338166072523e-01 4.019901668827745198e+03
4.094914638472018087e-01 3.625085057824057003e+03
4.498432198782237879e-01 3.282714233514535863e+03
4.941712839853393824e-01 2.978042104392633519e+03
5.428674861028858212e-01 2.717354330902566289e+03
5.963622675339625978e-01 2.498748404830094842e+03
6.551284857587630350e-01 2.291269217692381972e+03
7.196855941730535555e-01 2.109510743585015916e+03
7.906042337028588163e-01 1.954478420223159901e+03
8.685112768820903995e-01 1.810254160343913782e+03
9.540953689793428838e-01 1.684058867030645160e+03
1.048113015153642191e+00 0.000000000000000000e+00
