1.048113066601954503e-02 7.069776447774303961e+04
1.151395323963562076e-02 0.000000000000000000e+00
1.264855132798976302e-02 4.659657916873008799e+04
1.389495400641860279e-02 4.893876259394527733e+04
1.526417862678452857e-02 3.793299232023188961e+04
1.676832820337198493e-02 0.000000000000000000e+00
1.842069839530119726e-02 5.648919111818136298e+04
2.023589503111089191e-02 4.941691311298434448e+04
2.222996321434766651e-02 5.372403562940000847e+04
2.442052915136719640e-02 3.903909048695114325e+04
2.682695595500901239e-02 6.771902607190280105e+04
2.947051480134291537e-02 5.593446364789946529e+04
3.237457295239669353e-02 4.752576645728811854e+04
3.556480030685772731e-02 5.172981715070480277e+04
3.906939630451649464e-02 3.996744881940613413e+04
4.291933919013282694e-02 4.247663367352003843e+04
4.714865984004791566e-02 3.978268401507363888e+04
5.179474257198286163e-02 3.522106869587817346e+04
5.689865559697841746e-02 3.446540193416773400e+04
6.250551403444545850e-02 3.032640365805735200e+04
6.866487869913283359e-02 2.895443036720179225e+04
7.543119418501802176e-02 2.844437049864899745e+04
8.286427011848424007e-02 2.500367270960941823e+04
9.102980983473445142e-02 2.161410004089094582e+04
9.999999115058272325e-02 1.926138665125421176e+04
1.098541043672585787e-01 1.687930899708343350e+04
1.206792531427361148e-01 1.621694131356383878e+04
1.325711244288214907e-01 1.477963483436398019e+04
1.456348342787200378e-01 1.343206751920369788e+04
1.599858570014452974e-01 1.142370285407767733e+04
1.757510458761641914e-01 1.038176711223298480e+04
1.930697544488981787e-01 9.497501517558204796e+03
2.120950683230800604e-01 8.435001633136258533e+03
2.329951583321586417e-01 7.440306468046299415e+03
2.559547670553742882e-01 6.787793016619869377e+03
2.811768418164965477e-01 6.118070653654911439e+03
3.088843286001189403e-01 5.531136912247795408e+03
3.393221427425128778e-01 5.028427610885632021e+03
3.727593338166072523e-01 4.583147920465759853e+03
4.094914638472018087e-01 4.184359394228647034e+03
4.498432198782237879e-01 3.846604382818037720e+03
4.941712839853393824e-01 3.563863750498790068e+03
5.428674861028858212e-01 3.295651555026881852e+03
5.963622675339625978e-01 3.070830140989386564e+03
6.551284857587630350e-01 2.859498823632345648e+03
7.196855941730535555e-01 2.667839700000762150e+03
7.906042337028588163e-01 2.506245804699811742e+03
8.685112768820903995e-01 2.356814214471058222e+03
9.540953689793428838e-01 2.221662162119152526e+03
1.048113015153642191e+00 0.000000000000000000e+00
