1.048113066601954503e-02 2.848780120777257980e+04
1.151395323963562076e-02 0.000000000000000000e+00
1.264855132798976302e-02 6.331244922509268508e+04
1.389495400641860279e-02 2.702521364971713774e+04
1.526417862678452857e-02 3.625784375579421612e+04
1.676832820337198493e-02 0.000000000000000000e+00
1.842069839530119726e-02 2.845169012392283184e+04
2.023589503111089191e-02 3.826711960241718043e+04
2.222996321434766651e-02 3.449035202345668949e+04
2.442052915136719640e-02 5.381160215812757087e+04
2.682695595500901239e-02 5.340458315632338054e+04
2.947051480134291537e-02 5.042252192915214255e+04
3.237457295239669353e-02 4.306204431407442462e+04
3.556480030685772731e-02 4.490470575854076742e+04
3.906939630451649464e-02 4.326536716549390985e+04
4.291933919013282694e-02 3.949247252409395151e+04
4.714865984004791566e-02 3.686525731387959968e+04
5.179474257198286163e-02 4.103774473042267346e+04
5.689865559697841746e-02 3.630978627808396413e+04
6.250551403444545850e-02 3.893862838297692360e+04
6.866487869913283359e-02 3.509276580495532107e+04
7.543119418501802176e-02 3.505968066861222178e+04
8.286427011848424007e-02 3.081435599410622308e+04
9.102980983473445142e-02 2.885345628378325637e+04
9.999999115058272325e-02 2.727271196012173823e+04
1.098541043672585787e-01 2.475443439447394121e+04
1.206792531427361148e-01 2.245707013072627524e+04
1.325711244288214907e-01 2.129434552231272392e+04
1.456348342787200378e-01 1.992551634128261867e+04
1.599858570014452974e-01 1.794499371070109191e+04
1.757510458761641914e-01 1.620409926775514759e+04
1.930697544488981787e-01 1.479161090093458915e+04
2.120950683230800604e-01 1.396469390635907621e+04
2.329951583321586417e-01 1.256518079842303268e+04
2.559547670553742882e-01 1.164850365583102212e+04
2.811768418164965477e-01 1.080653347594413208e+04
3.088843286001189403e-01 9.944600303879806233e+03
3.393221427425128778e-01 9.325575584441932733e+03
3.727593338166072523e-01 8.701133267880395579e+03
4.094914638472018087e-01 8.171613971063745339e+03
4.498432198782237879e-01 7.710730829440644811e+03
4.941712839853393824e-01 7.278135513679282667e+03
5.428674861028858212e-01 6.912565004063850211e+03
5.963622675339625978e-01 6.572966156444832450e+03
6.551284857587630350e-01 6.261798037951670267e+03
7.196855941730535555e-01 5.975075049569588373e+03
7.906042337028588163e-01 5.710210445278402403e+03
8.685112768820903995e-01 5.470978230256259849e+03
9.540953689793428838e-01 5.231452540837194647e+03
1.048113015153642191e+00 0.000000000000000000e+00
