1.048113066601954503e-02 4.094036082045807852e+05
1.151395323963562076e-02 0.000000000000000000e+00
1.264855132798976302e-02 1.348229647972454550e+05
1.389495400641860279e-02 2.297258018414855760e+05
1.526417862678452857e-02 3.485247784166675410e+05
1.676832820337198493e-02 0.000000000000000000e+00
1.842069839530119726e-02 3.353097310446487973e+05
2.023589503111089191e-02 2.549531883204905898e+05
2.222996321434766651e-02 1.443654972058553831e+05
2.442052915136719640e-02 1.710404730689902208e+05
2.682695595500901239e-02 1.569191095134835632e+05
2.947051480134291537e-02 1.455359860211173072e+05
3.237457295239669353e-02 9.690862204053427558e+04
3.556480030685772731e-02 8.775901865458558314e+04
3.906939630451649464e-02 8.335675662202706735e+04
4.291933919013282694e-02 6.248702293249007198e+04
4.714865984004791566e-02 5.439005025926146482e+04
5.179474257198286163e-02 5.155180763531059347e+04
5.689865559697841746e-02 5.184491191817994695e+04
6.250551403444545850e-02 5.433457533124718611e+04
6.866487869913283359e-02 4.505711751554107468e+04
7.543119418501802176e-02 3.793048897315097565e+04
8.286427011848424007e-02 3.136913244841002961e+04
9.102980983473445142e-02 2.550407531761060818e+04
9.999999115058272325e-02 2.159191913465917241e+04
1.098541043672585787e-01 1.939938861677805107e+04
1.206792531427361148e-01 1.773127545670272593e+04
1.325711244288214907e-01 1.596256633083686029e+04
1.456348342787200378e-01 1.374616026341822180e+04
1.599858570014452974e-01 1.220406216481001138e+04
1.757510458761641914e-01 1.078471166279092358e+04
1.930697544488981787e-01 9.687123529613803839e+03
2.120950683230800604e-01 8.741436557579383589e+03
2.329951583321586417e-01 7.634722785301079057e+03
2.559547670553742882e-01 6.973114878774427780e+03
2.811768418164965477e-01 6.301014119990793006e+03
3.088843286001189403e-01 5.735749420383792312e+03
3.393221427425128778e-01 5.253192347673407312e+03
3.727593338166072523e-01 4.809944379797901092e+03
4.094914638472018087e-01 4.416261733301991626e+03
4.498432198782237879e-01 4.088764108136319919e+03
4.941712839853393824e-01 3.799784136105839934e+03
5.428674861028858212e-01 3.509821289618315859e+03
5.963622675339625978e-01 3.238478380239534999e+03
6.551284857587630350e-01 2.998276336898984937e+03
7.196855941730535555e-01 2.792596465872007229e+03
7.906042337028588163e-01 2.590138964551729259e+03
8.685112768820903995e-01 2.387709466583358335e+03
9.540953689793428838e-01 2.194445340131777812e+03
1.048113015153642191e+00 0.000000000000000000e+00
