1.048113066601954503e-02 3.406509810884412582e+04
1.151395323963562076e-02 0.000000000000000000e+00
1.264855132798976302e-02 7.757415409345372609e+03
1.389495400641860279e-02 3.422034455797960982e+04
1.526417862678452857e-02 4.371802032677449461e+04
1.676832820337198493e-02 0.000000000000000000e+00
1.842069839530119726e-02 4.187086794760238263e+04
2.023589503111089191e-02 3.797202640318415797e+04
2.222996321434766651e-02 6.041782103609000478e+04
2.442052915136719640e-02 3.694439457172293623e+04
2.682695595500901239e-02 4.497403401664510602e+04
2.947051480134291537e-02 3.967990737921305117e+04
3.237457295239669353e-02 3.599640601725886518e+04
3.556480030685772731e-02 2.531061250598084371e+04
3.906939630451649464e-02 3.240811344417114015e+04
4.291933919013282694e-02 3.103741455028257406e+04
4.714865984004791566e-02 2.735579106039895851e+04
5.179474257198286163e-02 2.553104394111999500e+04
5.689865559697841746e-02 2.333857083532334946e+04
6.250551403444545850e-02 2.171665756604298804e+04
6.866487869913283359e-02 1.912706432969585876e+04
7.543119418501802176e-02 1.831227473770675715e+04
8.286427011848424007e-02 1.701272447623420157e+04
9.102980983473445142e-02 1.494773554513810086e+04
9.999999115058272325e-02 1.212522763224748451e+04
1.098541043672585787e-01 1.066140287579931100e+04
1.206792531427361148e-01 1.014114515673854476e+04
1.325711244288214907e-01 9.325484127977881144e+03
1.456348342787200378e-01 8.082911246466104785e+03
1.599858570014452974e-01 7.148801188370480304e+03
1.757510458761641914e-01 6.305970456381290205e+03
1.930697544488981787e-01 5.672076428490045146e+03
2.120950683230800604e-01 5.037381901286884386e+03
2.329951583321586417e-01 4.440087790036610386e+03
2.559547670553742882e-01 3.983208512687450366e+03
2.811768418164965477e-01 3.582839036617843703e+03
3.088843286001189403e-01 3.220426462914308104e+03
3.393221427425128778e-01 2.896385838181745385e+03
3.727593338166072523e-01 2.621084022695924432e+03
4.094914638472018087e-01 2.394022229110872104e+03
4.498432198782237879e-01 2.194375595332458943e+03
4.941712839853393824e-01 2.007092006382425780e+03
5.428674861028858212e-01 1.845705970680248811e+03
5.963622675339625978e-01 1.711092327334449692e+03
6.551284857587630350e-01 1.582763286766889223e+03
7.196855941730535555e-01 1.472161999952592168e+03
7.906042337028588163e-01 1.368442341286602414e+03
8.685112768820903995e-01 1.276007013274509745e+03
9.540953689793428838e-01 1.193858301504106294e+03
1.048113015153642191e+00 0.000000000000000000e+00
