1.048113066601954503e-02 4.751677369473410363e+04
1.151395323963562076e-02 0.000000000000000000e+00
1.264855132798976302e-02 1.567223700161191518e+05
1.389495400641860279e-02 1.209467946942335402e+05
1.526417862678452857e-02 8.182304752223739342e+04
1.676832820337198493e-02 0.000000000000000000e+00
1.842069839530119726e-02 1.135981730877115042e+05
2.023589503111089191e-02 1.357671602223340888e+05
2.222996321434766651e-02 1.627366221089010942e+05
2.442052915136719640e-02 1.719928819747872185e+05
2.682695595500901239e-02 7.961210904713172931e+04
2.947051480134291537e-02 1.005311126739382016e+05
3.237457295239669353e-02 1.325767179760309809e+05
3.556480030685772731e-02 1.186136781355638668e+05
3.906939630451649464e-02 1.035135806781954889e+05
4.291933919013282694e-02 9.666524327792928671e+04
4.714865984004791566e-02 8.996353426776167180e+04
5.179474257198286163e-02 8.353430515008070506e+04
5.689865559697841746e-02 7.692414529027459503e+04
6.250551403444545850e-02 6.970274054808213259e+04
6.866487869913283359e-02 6.703872166735849169e+04
7.543119418501802176e-02 6.256804075608117273e+04
8.286427011848424007e-02 6.064061126712954137e+04
9.102980983473445142e-02 5.089388498505922325e+04
9.999999115058272325e-02 4.559767400335725688e+04
1.098541043672585787e-01 3.983744300626597396e+04
1.206792531427361148e-01 3.606087062912191323e+04
1.325711244288214907e-01 3.319111621907731023e+04
1.456348342787200378e-01 3.081292697672966460e+04
1.599858570014452974e-01 2.719309440042833012e+04
1.757510458761641914e-01 2.439524819663431845e+04
1.930697544488981787e-01 2.268750867694241242e+04
2.120950683230800604e-01 2.082854198039036783e+04
2.329951583321586417e-01 1.901023573933688021e+04
2.559547670553742882e-01 1.759875207419181970e+04
2.811768418164965477e-01 1.606978634862781109e+04
3.088843286001189403e-01 1.502669571997394451e+04
3.393221427425128778e-01 1.396376589559941567e+04
3.727593338166072523e-01 1.298086196073961764e+04
4.094914638472018087e-01 1.226816561571517741e+04
4.498432198782237879e-01 1.159072954382532771e+04
4.941712839853393824e-01 1.090833164999056680e+04
5.428674861028858212e-01 1.034298634298943216e+04
5.963622675339625978e-01 9.796269512511036737e+03
6.551284857587630350e-01 9.300782160696147912e+03
7.196855941730535555e-01 8.809039607417687876e+03
7.906042337028588163e-01 8.366420993641533641e+03
8.685112768820903995e-01 7.914569919838628266e+03
9.540953689793428838e-01 7.478015267256801963e+03
1.048113015153642191e+00 0.000000000000000000e+00
