1.048113066601954503e-02 8.946880166684044525e+04
1.151395323963562076e-02 0.000000000000000000e+00
1.264855132798976302e-02 7.949970707170537207e+04
1.389495400641860279e-02 9.087828351759837824e+04
1.526417862678452857e-02 9.814942710510107281e+04
1.676832820337198493e-02 0.000000000000000000e+00
1.842069839530119726e-02 7.904983974644902628e+04
2.023589503111089191e-02 8.182161366848462785e+04
2.222996321434766651e-02 1.062695986761378299e+05
2.442052915136719640e-02 6.157768322763409378e+04
2.682695595500901239e-02 6.637993342542198661e+04
2.947051480134291537e-02 7.876158008503631572e+04
3.237457295239669353e-02 6.247223967241059290e+04
3.556480030685772731e-02 5.868656580947281327e+04
3.906939630451649464e-02 5.732242659771807666e+04
4.291933919013282694e-02 5.131295772250773007e+04
4.714865984004791566e-02 4.656344673682783468e+04
5.179474257198286163e-02 4.668813295991007908e+04
5.689865559697841746e-02 4.191060414332211076e+04
6.250551403444545850e-02 4.250483923741419130e+04
6.866487869913283359e-02 4.187242289116408210e+04
7.543119418501802176e-02 3.715100857426370203e+04
8.286427011848424007e-02 3.396349299623909610e+04
9.102980983473445142e-02 2.868719130807948022e+04
9.999999115058272325e-02 2.403306082151594455e+04
1.098541043672585787e-01 2.256031600722551229e+04
1.206792531427361148e-01 2.119659904576498229e+04
1.325711244288214907e-01 1.859513556901087941e+04
1.456348342787200378e-01 1.695359633795232367e+04
1.599858570014452974e-01 1.448810017551985220e+04
1.757510458761641914e-01 1.323237789987643191e+04
1.930697544488981787e-01 1.217750929992228885e+04
2.120950683230800604e-01 1.079547192289233863e+04
2.329951583321586417e-01 9.677865964627162612e+03
2.559547670553742882e-01 8.866083080851758496e+03
2.811768418164965477e-01 7.987572146908571085e+03
3.088843286001189403e-01 7.265750932794331675e+03
3.393221427425128778e-01 6.683640209123791465e+03
3.727593338166072523e-01 6.111500295133828331e+03
4.094914638472018087e-01 5.653761257979211223e+03
4.498432198782237879e-01 5.226249172725500102e+03
4.941712839853393824e-01 4.840921336302644704e+03
5.428674861028858212e-01 4.521470188622982278e+03
5.963622675339625978e-01 4.239442713165401074e+03
6.551284857587630350e-01 3.976470655018633806e+03
7.196855941730535555e-01 3.742405424408079853e+03
7.906042337028588163e-01 3.537324850022479040e+03
8.685112768820903995e-01 3.351083055159658215e+03
9.540953689793428838e-01 3.185909896323825706e+03
1.048113015153642191e+00 0.000000000000000000e+00
