1.048113066601954503e-02 2.372784035660251102e+05
1.151395323963562076e-02 0.000000000000000000e+00
1.264855132798976302e-02 2.619713622046582750e+05
1.389495400641860279e-02 1.219948372597006673e+05
1.526417862678452857e-02 1.267475596409303398e+05
1.676832820337198493e-02 0.000000000000000000e+00
1.842069839530119726e-02 1.684026161894894030e+05
2.023589503111089191e-02 1.028063759800219559e+05
2.222996321434766651e-02 1.315908469584055711e+05
2.442052915136719640e-02 1.242943825154220394e+05
2.682695595500901239e-02 1.114470060695627326e+05
2.947051480134291537e-02 9.376018588996617473e+04
3.237457295239669353e-02 9.824727286809108045e+04
3.556480030685772731e-02 1.009783800245097518e+05
3.906939630451649464e-02 7.247660410443982983e+04
4.291933919013282694e-02 7.781139969358229428e+04
4.714865984004791566e-02 7.052628304619020491e+04
5.179474257198286163e-02 6.001157943773097941e+04
5.689865559697841746e-02 5.641722122330289858e+04
6.250551403444545850e-02 5.181759030773031554e+04
6.866487869913283359e-02 4.842616182417051459e+04
7.543119418501802176e-02 4.166723654273350985e+04
8.286427011848424007e-02 3.539436957833806082e+04
9.102980983473445142e-02 2.848520534845063230e+04
9.999999115058272325e-02 2.564376837414026522e+04
1.098541043672585787e-01 2.345479403556577381e+04
1.206792531427361148e-01 2.168683331332572561e+04
1.325711244288214907e-01 1.859201758796028662e+04
1.456348342787200378e-01 1.569048900389767005e+04
1.599858570014452974e-01 1.388712036552578502e+04
1.757510458761641914e-01 1.240203727922562939e+04
1.930697544488981787e-01 1.114594037996863517e+04
2.120950683230800604e-01 9.567970596098703027e+03
2.329951583321586417e-01 8.528485379880781693e+03
2.559547670553742882e-01 7.582084912856406845e+03
2.811768418164965477e-01 6.709590217391143597e+03
3.088843286001189403e-01 6.040892413963341824e+03
3.393221427425128778e-01 5.424891353032853658e+03
3.727593338166072523e-01 4.867774587305651039e+03
4.094914638472018087e-01 4.404268774597205265e+03
4.498432198782237879e-01 4.012612955627698739e+03
4.941712839853393824e-01 3.658913474933740872e+03
5.428674861028858212e-01 3.368843191381596171e+03
5.963622675339625978e-01 3.095481833447365261e+03
6.551284857587630350e-01 2.844470143789146277e+03
7.196855941730535555e-01 2.636084288322022076e+03
7.906042337028588163e-01 2.448778267988172956e+03
8.685112768820903995e-01 2.277683357620386232e+03
9.540953689793428838e-01 2.128454594552507842e+03
1.048113015153642191e+00 0.000000000000000000e+00
