1.048113066601954503e-02 7.094316791510702751e+04
1.151395323963562076e-02 0.000000000000000000e+00
1.264855132798976302e-02 7.741936198316920490e+04
1.389495400641860279e-02 6.700740168945600453e+04
1.526417862678452857e-02 7.812632189706251665e+04
1.676832820337198493e-02 0.000000000000000000e+00
1.842069839530119726e-02 7.711958337950191344e+04
2.023589503111089191e-02 9.572445984760747524e+04
2.222996321434766651e-02 7.640664893974622828e+04
2.442052915136719640e-02 1.221291176205646771e+05
2.682695595500901239e-02 1.047592626167588023e+05
2.947051480134291537e-02 1.072785878265947977e+05
3.237457295239669353e-02 1.020820309929245850e+05
3.556480030685772731e-02 7.592592874532597489e+04
3.906939630451649464e-02 8.223291159034598968e+04
4.291933919013282694e-02 6.928008827394703985e+04
4.714865984004791566e-02 6.546209150290618709e+04
5.179474257198286163e-02 6.595530892194651824e+04
5.689865559697841746e-02 6.266917311010142294e+04
6.250551403444545850e-02 5.536810974698998325e+04
6.866487869913283359e-02 5.634216064067744446e+04
7.543119418501802176e-02 5.192589394682465354e+04
8.286427011848424007e-02 4.893933727001769876e+04
9.102980983473445142e-02 4.524684648892711266e+04
9.999999115058272325e-02 3.960387484190267423e+04
1.098541043672585787e-01 3.453478633539410657e+04
1.206792531427361148e-01 3.212006757465440387e+04
1.325711244288214907e-01 2.927397613749819720e+04
1.456348342787200378e-01 2.756882128529369220e+04
1.599858570014452974e-01 2.490980571287922066e+04
1.757510458761641914e-01 2.226418933098169509e+04
1.930697544488981787e-01 2.049501807452704816e+04
2.120950683230800604e-01 1.896494546382129920e+04
2.329951583321586417e-01 1.727873428072194656e+04
2.559547670553742882e-01 1.596185208051085283e+04
2.811768418164965477e-01 1.486494729654615367e+04
3.088843286001189403e-01 1.373788537083533083e+04
3.393221427425128778e-01 1.286733935110111270e+04
3.727593338166072523e-01 1.201691163090092778e+04
4.094914638472018087e-01 1.131991934788241633e+04
4.498432198782237879e-01 1.073474277757293021e+04
4.941712839853393824e-01 1.015373865413902604e+04
5.428674861028858212e-01 9.643179822086944114e+03
5.963622675339625978e-01 9.165517028015032338e+03
6.551284857587630350e-01 8.690369137937243067e+03
7.196855941730535555e-01 8.286944556546030071e+03
7.906042337028588163e-01 7.897361049813297541e+03
8.685112768820903995e-01 7.518418279115267069e+03
9.540953689793428838e-01 7.159815493301129209e+03
1.048113015153642191e+00 0.000000000000000000e+00
