1.048113066601954503e-02 1.315023551951282752e+04
1.151395323963562076e-02 0.000000000000000000e+00
1.264855132798976302e-02 1.379388817592358464e+04
1.389495400641860279e-02 2.720695242358219184e+04
1.526417862678452857e-02 2.372992600468749151e+04
1.676832820337198493e-02 0.000000000000000000e+00
1.842069839530119726e-02 1.986049558603650803e+04
2.023589503111089191e-02 2.391637614066438982e+04
2.222996321434766651e-02 2.735879498267239978e+04
2.442052915136719640e-02 2.161337414140586043e+04
2.682695595500901239e-02 2.198601320628220492e+04
2.947051480134291537e-02 2.280026569560196003e+04
3.237457295239669353e-02 2.229270953432487659e+04
3.556480030685772731e-02 2.122069034097666372e+04
3.906939630451649464e-02 2.411342067110365315e+04
4.291933919013282694e-02 1.934097012726929461e+04
4.714865984004791566e-02 1.926427471091670304e+04
5.179474257198286163e-02 2.092111299568496543e+04
5.689865559697841746e-02 1.742165911077621058e+04
6.250551403444545850e-02 1.499499438757456846e+04
6.866487869913283359e-02 1.634832958282183063e+04
7.543119418501802176e-02 1.331041343304528709e+04
8.286427011848424007e-02 1.337047721140835711e+04
9.102980983473445142e-02 1.197498045462715527e+04
9.999999115058272325e-02 1.128317409956039592e+04
1.098541043672585787e-01 9.914215849426069326e+03
1.206792531427361148e-01 8.871864338607869286e+03
1.325711244288214907e-01 8.165081176182133277e+03
1.456348342787200378e-01 7.466266868082429937e+03
1.599858570014452974e-01 6.663444245943414899e+03
1.757510458761641914e-01 5.943212734488912247e+03
1.930697544488981787e-01 5.208626959256967893e+03
2.120950683230800604e-01 4.803384203191309098e+03
2.329951583321586417e-01 4.311471942850533196e+03
2.559547670553742882e-01 3.905550090071072191e+03
2.811768418164965477e-01 3.568657385307084951e+03
3.088843286001189403e-01 3.229566002116122036e+03
3.393221427425128778e-01 2.958392855101517398e+03
3.727593338166072523e-01 2.717160849686503298e+03
4.094914638472018087e-01 2.503871587175746754e+03
4.498432198782237879e-01 2.314567211182230949e+03
4.941712839853393824e-01 2.150701608215294073e+03
5.428674861028858212e-01 2.003927832673470220e+03
5.963622675339625978e-01 1.871336922398796332e+03
6.551284857587630350e-01 1.749242281453171927e+03
7.196855941730535555e-01 1.639031468410976231e+03
7.906042337028588163e-01 1.536098252959902766e+03
8.685112768820903995e-01 1.443918985427914777e+03
9.540953689793428838e-01 1.357678607863639854e+03
1.048113015153642191e+00 0.000000000000000000e+00
