1.048113066601954503e-02 1.659505474165445194e+05
1.151395323963562076e-02 0.000000000000000000e+00
1.264855132798976302e-02 1.956271746090764645e+05
1.389495400641860279e-02 1.610689223934419861e+05
1.526417862678452857e-02 2.126230856413698930e+05
1.676832820337198493e-02 0.000000000000000000e+00
1.842069839530119726e-02 1.640810599459345976e+05
2.023589503111089191e-02 1.974771949658894446e+05
2.222996321434766651e-02 1.765958989852273953e+05
2.442052915136719640e-02 1.768269383832362364e+05
2.682695595500901239e-02 1.433946264949105098e+05
2.947051480134291537e-02 1.390679118319157860e+05
3.237457295239669353e-02 1.057364607685782976e+05
3.556480030685772731e-02 9.569826160708337557e+04
3.906939630451649464e-02 9.164095740719362220e+04
4.291933919013282694e-02 9.154464479271555319e+04
4.714865984004791566e-02 7.932180527211228036e+04
5.179474257198286163e-02 7.617864805911158328e+04
5.689865559697841746e-02 7.701249883614870487e+04
6.250551403444545850e-02 6.712823440535058035e+04
6.866487869913283359e-02 6.073061900158157368e+04
7.543119418501802176e-02 5.063289180784713244e+04
8.286427011848424007e-02 4.306038948593051464e+04
9.102980983473445142e-02 4.002590241328219417e+04
9.999999115058272325e-02 3.556570581612177921e+04
1.098541043672585787e-01 3.239165070733110770e+04
1.206792531427361148e-01 2.916877484543682294e+04
1.325711244288214907e-01 2.481421525616055078e+04
1.456348342787200378e-01 2.226404953379792278e+04
1.599858570014452974e-01 2.045027587652326838e+04
1.757510458761641914e-01 1.824787522757490660e+04
1.930697544488981787e-01 1.619429123148777944e+04
2.120950683230800604e-01 1.484428112717538534e+04
2.329951583321586417e-01 1.324999913003735674e+04
2.559547670553742882e-01 1.216390324839284222e+04
2.811768418164965477e-01 1.111864750274421385e+04
3.088843286001189403e-01 1.011222141536569143e+04
3.393221427425128778e-01 9.353438478115418548e+03
3.727593338166072523e-01 8.638755917132548348e+03
4.094914638472018087e-01 8.047108571452385149e+03
4.498432198782237879e-01 7.492645131079569182e+03
4.941712839853393824e-01 7.024845452558285615e+03
5.428674861028858212e-01 6.571699476428865637e+03
5.963622675339625978e-01 6.199535282363860460e+03
6.551284857587630350e-01 5.815908176993771121e+03
7.196855941730535555e-01 5.494498239739794371e+03
7.906042337028588163e-01 5.177938372549500855e+03
8.685112768820903995e-01 4.894333066451525156e+03
9.540953689793428838e-01 4.619934126097638000e+03
1.048113015153642191e+00 0.000000000000000000e+00
