1.048113066601954503e-02 6.042035492069881875e+05
1.151395323963562076e-02 0.000000000000000000e+00
1.264855132798976302e-02 5.299163899831399322e+05
1.389495400641860279e-02 3.741472056979740155e+05
1.526417862678452857e-02 2.588433530010877585e+05
1.676832820337198493e-02 0.000000000000000000e+00
1.842069839530119726e-02 4.287455203336121049e+05
2.023589503111089191e-02 2.391514733746763668e+05
2.222996321434766651e-02 2.759847767136964831e+05
2.442052915136719640e-02 2.105420876674810715e+05
2.682695595500901239e-02 2.239954766846956336e+05
2.947051480134291537e-02 1.857242063753296679e+05
3.237457295239669353e-02 1.632329796115288045e+05
3.556480030685772731e-02 1.307085180250089616e+05
3.906939630451649464e-02 1.367862785722671251e+05
4.291933919013282694e-02 1.033817910495408287e+05
4.714865984004791566e-02 1.130174125710212102e+05
5.179474257198286163e-02 1.048458563800617412e+05
5.689865559697841746e-02 9.596852044401306193e+04
6.250551403444545850e-02 8.977013039808592293e+04
6.866487869913283359e-02 7.336071936220343923e+04
7.543119418501802176e-02 5.949940019259670225e+04
8.286427011848424007e-02 5.292193631614845799e+04
9.102980983473445142e-02 4.585333390637273260e+04
9.999999115058272325e-02 4.560101972396607016e+04
1.098541043672585787e-01 3.996086951785333076e+04
1.206792531427361148e-01 3.439667520652586245e+04
1.325711244288214907e-01 3.006255393668034958e+04
1.456348342787200378e-01 2.698338957841856609e+04
1.599858570014452974e-01 2.491503506203805227e+04
1.757510458761641914e-01 2.213585649923808160e+04
1.930697544488981787e-01 1.990108832972214441e+04
2.120950683230800604e-01 1.811601131345694012e+04
2.329951583321586417e-01 1.632600575949644917e+04
2.559547670553742882e-01 1.500351131334713136e+04
2.811768418164965477e-01 1.376438794892399528e+04
3.088843286001189403e-01 1.267236225755157830e+04
3.393221427425128778e-01 1.175619622146351321e+04
3.727593338166072523e-01 1.083916372282874727e+04
4.094914638472018087e-01 1.018219265473657288e+04
4.498432198782237879e-01 9.542421624350536149e+03
4.941712839853393824e-01 8.934259895815730488e+03
5.428674861028858212e-01 8.386891988089872029e+03
5.963622675339625978e-01 7.902047456942813369e+03
6.551284857587630350e-01 7.428891517743903023e+03
7.196855941730535555e-01 6.990942784831745485e+03
7.906042337028588163e-01 6.561947514318602771e+03
8.685112768820903995e-01 6.146768511478903747e+03
9.540953689793428838e-01 5.766895143076528257e+03
1.048113015153642191e+00 0.000000000000000000e+00
