1.048113066601954503e-02 5.414174291349268606e+04
1.151395323963562076e-02 0.000000000000000000e+00
1.264855132798976302e-02 5.534503577172640507e+04
1.389495400641860279e-02 4.707382946102404094e+04
1.526417862678452857e-02 6.295069609463565575e+04
1.676832820337198493e-02 0.000000000000000000e+00
1.842069839530119726e-02 6.322790270988356497e+04
2.023589503111089191e-02 1.068797210767447250e+05
2.222996321434766651e-02 5.843084022603569611e+04
2.442052915136719640e-02 5.335735274566577573e+04
2.682695595500901239e-02 7.138160599443607498e+04
2.947051480134291537e-02 6.731306567968215677e+04
3.237457295239669353e-02 7.143186732979322551e+04
3.556480030685772731e-02 4.518778504383334803e+04
3.906939630451649464e-02 6.118924344927206403e+04
4.291933919013282694e-02 4.949059282590208750e+04
4.714865984004791566e-02 4.856425977284827241e+04
5.179474257198286163e-02 4.838205900726111577e+04
5.689865559697841746e-02 4.394929042039802152e+04
6.250551403444545850e-02 4.061920193408898194e+04
6.866487869913283359e-02 4.121842713493375049e+04
7.543119418501802176e-02 3.641943940794825903e+04
8.286427011848424007e-02 3.194732754172816567e+04
9.102980983473445142e-02 2.944082355588806968e+04
9.999999115058272325e-02 2.550737026476951360e+04
1.098541043672585787e-01 2.333441859204407956e+04
1.206792531427361148e-01 2.191121134377432463e+04
1.325711244288214907e-01 1.981297943064146602e+04
1.456348342787200378e-01 1.736662422005884582e+04
1.599858570014452974e-01 1.605059022828378511e+04
1.757510458761641914e-01 1.421088661769042665e+04
1.930697544488981787e-01 1.349265735807937745e+04
2.120950683230800604e-01 1.196619156468644360e+04
2.329951583321586417e-01 1.088825425978780913e+04
2.559547670553742882e-01 9.967226977080536017e+03
2.811768418164965477e-01 9.123475413338068392e+03
3.088843286001189403e-01 8.398848390085302526e+03
3.393221427425128778e-01 7.815508169297019776e+03
3.727593338166072523e-01 7.213116157468111851e+03
4.094914638472018087e-01 6.762399795838505270e+03
4.498432198782237879e-01 6.341037991790472006e+03
4.941712839853393824e-01 5.957982289520447011e+03
5.428674861028858212e-01 5.631059088330855957e+03
5.963622675339625978e-01 5.317406971026592146e+03
6.551284857587630350e-01 5.033931014215558207e+03
7.196855941730535555e-01 4.777057867535777405e+03
7.906042337028588163e-01 4.531418656099258442e+03
8.685112768820903995e-01 4.309360687350677836e+03
9.540953689793428838e-01 4.102796048667553805e+03
1.048113015153642191e+00 0.000000000000000000e+00
