1.048113066601954503e-02 5.731355267651715985e+04
1.151395323963562076e-02 0.000000000000000000e+00
1.264855132798976302e-02 2.490632200085032964e+05
1.389495400641860279e-02 1.243586226870189130e+05
1.526417862678452857e-02 4.331229682878815947e+04
1.676832820337198493e-02 0.000000000000000000e+00
1.842069839530119726e-02 7.216031637035307358e+04
2.023589503111089191e-02 7.948036603801177989e+04
2.222996321434766651e-02 1.070763800504623796e+05
2.442052915136719640e-02 1.094355551719104260e+05
2.682695595500901239e-02 7.215103357890108600e+04
2.947051480134291537e-02 6.324190331162534858e+04
3.237457295239669353e-02 4.955466495917178690e+04
3.556480030685772731e-02 3.670344304929763894e+04
3.906939630451649464e-02 3.542233688288287522e+04
4.291933919013282694e-02 3.226315999048166123e+04
4.714865984004791566e-02 3.375385165756128845e+04
5.179474257198286163e-02 3.244067778256727252e+04
5.689865559697841746e-02 3.092803627467196930e+04
6.250551403444545850e-02 3.066705841507701916e+04
6.866487869913283359e-02 2.711870635965132533e+04
7.543119418501802176e-02 2.050654107735181606e+04
8.286427011848424007e-02 1.598905897623285455e+04
9.102980983473445142e-02 1.330726423060343222e+04
9.999999115058272325e-02 1.146218597806660546e+04
1.098541043672585787e-01 1.095638989905125527e+04
1.206792531427361148e-01 1.034968076161464887e+04
1.325711244288214907e-01 8.617749068682369398e+03
1.456348342787200378e-01 6.991437127052300639e+03
1.599858570014452974e-01 6.284744225402545453e+03
1.757510458761641914e-01 5.686202746047099936e+03
1.930697544488981787e-01 4.885100257933965622e+03
2.120950683230800604e-01 4.229388034069079367e+03
2.329951583321586417e-01 3.780993716374046016e+03
2.559547670553742882e-01 3.296077519330661744e+03
2.811768418164965477e-01 2.938915841853531674e+03
3.088843286001189403e-01 2.594992086094639944e+03
3.393221427425128778e-01 2.322389673978039809e+03
3.727593338166072523e-01 2.076873869776777610e+03
4.094914638472018087e-01 1.864978427985284725e+03
4.498432198782237879e-01 1.687293980965787341e+03
4.941712839853393824e-01 1.518446499675355653e+03
5.428674861028858212e-01 1.388312721727034159e+03
5.963622675339625978e-01 1.272367689095152400e+03
6.551284857587630350e-01 1.166376652741192629e+03
7.196855941730535555e-01 1.074952856657320808e+03
7.906042337028588163e-01 9.945208555082599560e+02
8.685112768820903995e-01 9.233091118231741348e+02
9.540953689793428838e-01 8.553722766648509150e+02
1.048113015153642191e+00 0.000000000000000000e+00
