1.048113066601954503e-02 9.851449894590906333e+05
1.151395323963562076e-02 0.000000000000000000e+00
1.264855132798976302e-02 4.490918961247457191e+05
1.389495400641860279e-02 6.040460770913253073e+05
1.526417862678452857e-02 6.116499213450194802e+05
1.676832820337198493e-02 0.000000000000000000e+00
1.842069839530119726e-02 4.567916675512187066e+05
2.023589503111089191e-02 2.935164988717616652e+05
2.222996321434766651e-02 2.140734629041097942e+05
2.442052915136719640e-02 2.643199130982829956e+05
2.682695595500901239e-02 2.725944655084870174e+05
2.947051480134291537e-02 1.636002484174152487e+05
3.237457295239669353e-02 1.397384219082149793e+05
3.556480030685772731e-02 1.280127867797375948e+05
3.906939630451649464e-02 9.868215642781775387e+04
4.291933919013282694e-02 1.016031234504481836e+05
4.714865984004791566e-02 9.101099330480377830e+04
5.179474257198286163e-02 8.705176487551757600e+04
5.689865559697841746e-02 8.286024474726748304e+04
6.250551403444545850e-02 7.467621470440432313e+04
6.866487869913283359e-02 6.355965270130545832e+04
7.543119418501802176e-02 4.944852296229772037e+04
8.286427011848424007e-02 4.062209265707076702e+04
9.102980983473445142e-02 3.259753416425087198e+04
9.999999115058272325e-02 3.018409948606331454e+04
1.098541043672585787e-01 2.654790526041449630e+04
1.206792531427361148e-01 2.359911395602922858e+04
1.325711244288214907e-01 1.974163466303065434e+04
1.456348342787200378e-01 1.660489676935331954e+04
1.599858570014452974e-01 1.464264610304452253e+04
1.757510458761641914e-01 1.285943936788818246e+04
1.930697544488981787e-01 1.104964096102596523e+04
2.120950683230800604e-01 9.814761159107742060e+03
2.329951583321586417e-01 8.528662767161655211e+03
2.559547670553742882e-01 7.562518284777341250e+03
2.811768418164965477e-01 6.693325465872083441e+03
3.088843286001189403e-01 5.904524578561909038e+03
3.393221427425128778e-01 5.256465265268252551e+03
3.727593338166072523e-01 4.722292151872557952e+03
4.094914638472018087e-01 4.255935550933476406e+03
4.498432198782237879e-01 3.840416219362381526e+03
4.941712839853393824e-01 3.490716319370041674e+03
5.428674861028858212e-01 3.175396961153217489e+03
5.963622675339625978e-01 2.892464121250029166e+03
6.551284857587630350e-01 2.647711052296634989e+03
7.196855941730535555e-01 2.431577405640254256e+03
7.906042337028588163e-01 2.246517895845383919e+03
8.685112768820903995e-01 2.072751261787127987e+03
9.540953689793428838e-01 1.909348956295512835e+03
1.048113015153642191e+00 0.000000000000000000e+00
