1.048113066601954503e-02 5.234146937231590709e+04
1.151395323963562076e-02 0.000000000000000000e+00
1.264855132798976302e-02 5.715557020630519401e+04
1.389495400641860279e-02 4.941617132704920368e+04
1.526417862678452857e-02 5.759332905940914497e+04
1.676832820337198493e-02 0.000000000000000000e+00
1.842069839530119726e-02 5.688845447617663012e+04
2.023589503111089191e-02 7.056467299141755211e+04
2.222996321434766651e-02 5.630453194647665077e+04
2.442052915136719640e-02 8.989565173279072042e+04
2.682695595500901239e-02 7.719860018393074279e+04
2.947051480134291537e-02 7.908924598555389093e+04
3.237457295239669353e-02 7.522892524630925618e+04
3.556480030685772731e-02 5.588755196038620488e+04
3.906939630451649464e-02 6.050837093432438996e+04
4.291933919013282694e-02 5.100444684834787040e+04
4.714865984004791566e-02 4.819037800864095334e+04
5.179474257198286163e-02 4.853673940907845827e+04
5.689865559697841746e-02 4.607822127589072625e+04
6.250551403444545850e-02 4.069158091437396797e+04
6.866487869913283359e-02 4.136353247220435878e+04
7.543119418501802176e-02 3.807335325306410959e+04
8.286427011848424007e-02 3.584870215962546354e+04
9.102980983473445142e-02 3.309489032424634206e+04
9.999999115058272325e-02 2.893304136015152471e+04
1.098541043672585787e-01 2.518601467408855387e+04
1.206792531427361148e-01 2.338238195624966465e+04
1.325711244288214907e-01 2.127420889925508527e+04
1.456348342787200378e-01 1.999869309799350594e+04
1.599858570014452974e-01 1.802550646664752276e+04
1.757510458761641914e-01 1.606963075144015602e+04
1.930697544488981787e-01 1.475650725887313092e+04
2.120950683230800604e-01 1.362000104441040821e+04
2.329951583321586417e-01 1.237411651211491881e+04
2.559547670553742882e-01 1.139819865193711303e+04
2.811768418164965477e-01 1.058412297542493616e+04
3.088843286001189403e-01 9.752571702135450323e+03
3.393221427425128778e-01 9.108224546391295007e+03
3.727593338166072523e-01 8.480077404988593116e+03
4.094914638472018087e-01 7.965237257808341383e+03
4.498432198782237879e-01 7.530448761116953392e+03
4.941712839853393824e-01 7.101670575000915051e+03
5.428674861028858212e-01 6.724785130488709910e+03
5.963622675339625978e-01 6.373167326746601248e+03
6.551284857587630350e-01 6.025368255901415978e+03
7.196855941730535555e-01 5.728850830335941282e+03
7.906042337028588163e-01 5.443370884109569488e+03
8.685112768820903995e-01 5.166595188316838176e+03
9.540953689793428838e-01 4.904961359776691097e+03
1.048113015153642191e+00 0.000000000000000000e+00
