1.048113066601954503e-02 4.172820752906272537e+04
1.151395323963562076e-02 0.000000000000000000e+00
1.264855132798976302e-02 5.883023541591562389e+04
1.389495400641860279e-02 7.261202081867269590e+04
1.526417862678452857e-02 3.697806701402888575e+04
1.676832820337198493e-02 0.000000000000000000e+00
1.842069839530119726e-02 4.164404253063735086e+04
2.023589503111089191e-02 4.123365515876319841e+04
2.222996321434766651e-02 6.660883543703095347e+04
2.442052915136719640e-02 4.606974971664691111e+04
2.682695595500901239e-02 5.164965395787103625e+04
2.947051480134291537e-02 4.349768123908965936e+04
3.237457295239669353e-02 4.285825780060186662e+04
3.556480030685772731e-02 3.563664135912052734e+04
3.906939630451649464e-02 3.673887704657120776e+04
4.291933919013282694e-02 2.913273309398935089e+04
4.714865984004791566e-02 2.771209469639002418e+04
5.179474257198286163e-02 2.676559104315940203e+04
5.689865559697841746e-02 2.398761365044771810e+04
6.250551403444545850e-02 2.116680673048386961e+04
6.866487869913283359e-02 2.085292859222556581e+04
7.543119418501802176e-02 1.818816503764610025e+04
8.286427011848424007e-02 1.524853035518900469e+04
9.102980983473445142e-02 1.355809382282531078e+04
9.999999115058272325e-02 1.240577241450738620e+04
1.098541043672585787e-01 1.084713984486048139e+04
1.206792531427361148e-01 9.820307757668157137e+03
1.325711244288214907e-01 8.737492099374858299e+03
1.456348342787200378e-01 7.359206464502032759e+03
1.599858570014452974e-01 6.529948061158902419e+03
1.757510458761641914e-01 5.852343452145102674e+03
1.930697544488981787e-01 5.243212713386896212e+03
2.120950683230800604e-01 4.494494560398487920e+03
2.329951583321586417e-01 3.992478901473180485e+03
2.559547670553742882e-01 3.542706690157062440e+03
2.811768418164965477e-01 3.168597500253544695e+03
3.088843286001189403e-01 2.809463415033104411e+03
3.393221427425128778e-01 2.513838030438255373e+03
3.727593338166072523e-01 2.249987339358999634e+03
4.094914638472018087e-01 2.026202144435068476e+03
4.498432198782237879e-01 1.842570557272482347e+03
4.941712839853393824e-01 1.668374586714527140e+03
5.428674861028858212e-01 1.522164416664117880e+03
5.963622675339625978e-01 1.393622284905814467e+03
6.551284857587630350e-01 1.279254611246712557e+03
7.196855941730535555e-01 1.180470194650213443e+03
7.906042337028588163e-01 1.091517318980286973e+03
8.685112768820903995e-01 1.012563703393881724e+03
9.540953689793428838e-01 9.436985678079756781e+02
1.048113015153642191e+00 0.000000000000000000e+00
