1.048113066601954503e-02 5.809527022783708526e+04
1.151395323963562076e-02 0.000000000000000000e+00
1.264855132798976302e-02 4.446230590283604397e+04
1.389495400641860279e-02 6.230516929557773983e+04
1.526417862678452857e-02 9.472888410916404973e+04
1.676832820337198493e-02 0.000000000000000000e+00
1.842069839530119726e-02 1.113687540692602342e+05
2.023589503111089191e-02 8.436803183625618112e+04
2.222996321434766651e-02 9.853104968318007013e+04
2.442052915136719640e-02 5.080966727682045166e+04
2.682695595500901239e-02 5.871661562320537632e+04
2.947051480134291537e-02 6.684961805318732513e+04
3.237457295239669353e-02 5.713829767084618652e+04
3.556480030685772731e-02 5.843756300778703007e+04
3.906939630451649464e-02 5.786560027989420632e+04
4.291933919013282694e-02 4.849741207004187891e+04
4.714865984004791566e-02 4.294941988825658336e+04
5.179474257198286163e-02 4.086564011652505724e+04
5.689865559697841746e-02 3.886593231240005116e+04
6.250551403444545850e-02 3.676271088333851367e+04
6.866487869913283359e-02 3.606468772057857132e+04
7.543119418501802176e-02 3.289641983715917740e+04
8.286427011848424007e-02 2.693591730013229972e+04
9.102980983473445142e-02 2.340433278341591722e+04
9.999999115058272325e-02 2.041090195942397622e+04
1.098541043672585787e-01 1.891337350579220583e+04
1.206792531427361148e-01 1.756301771341665881e+04
1.325711244288214907e-01 1.575712742244306537e+04
1.456348342787200378e-01 1.341406020995500694e+04
1.599858570014452974e-01 1.202842088692041216e+04
1.757510458761641914e-01 1.080482451137748285e+04
1.930697544488981787e-01 9.554694613985910109e+03
2.120950683230800604e-01 8.464795410441856802e+03
2.329951583321586417e-01 7.557536151992313535e+03
2.559547670553742882e-01 6.839827978600020288e+03
2.811768418164965477e-01 6.180550513830523414e+03
3.088843286001189403e-01 5.526976071734827201e+03
3.393221427425128778e-01 5.018963483880113927e+03
3.727593338166072523e-01 4.558164742047578329e+03
4.094914638472018087e-01 4.159344726274662207e+03
4.498432198782237879e-01 3.826501002383191008e+03
4.941712839853393824e-01 3.517355031251576747e+03
5.428674861028858212e-01 3.247223234056988986e+03
5.963622675339625978e-01 3.017789405565472407e+03
6.551284857587630350e-01 2.805720015140766009e+03
7.196855941730535555e-01 2.621693690474646246e+03
7.906042337028588163e-01 2.453103194268667721e+03
8.685112768820903995e-01 2.301679385678361996e+03
9.540953689793428838e-01 2.165157766001004347e+03
1.048113015153642191e+00 0.000000000000000000e+00
