1.048113066601954503e-02 9.368676413299656997e+04
1.151395323963562076e-02 0.000000000000000000e+00
1.264855132798976302e-02 1.159341896428027540e+05
1.389495400641860279e-02 1.100265484090198152e+05
1.526417862678452857e-02 1.013058524541381339e+05
1.676832820337198493e-02 0.000000000000000000e+00
1.842069839530119726e-02 1.429422549485096824e+05
2.023589503111089191e-02 1.814995678470521234e+05
2.222996321434766651e-02 1.171920330401510000e+05
2.442052915136719640e-02 9.109482749392185360e+04
2.682695595500901239e-02 9.828841290165131795e+04
2.947051480134291537e-02 8.445444013064070896e+04
3.237457295239669353e-02 9.739427487663441570e+04
3.556480030685772731e-02 9.027631994840045809e+04
3.906939630451649464e-02 7.723040601142891683e+04
4.291933919013282694e-02 7.903030766768284957e+04
4.714865984004791566e-02 6.517537621736761503e+04
5.179474257198286163e-02 6.528867629964482330e+04
5.689865559697841746e-02 5.865562024261359329e+04
6.250551403444545850e-02 5.858678279525211838e+04
6.866487869913283359e-02 4.865044750960596139e+04
7.543119418501802176e-02 4.549224110448431747e+04
8.286427011848424007e-02 3.967206319419521606e+04
9.102980983473445142e-02 3.387913678415296454e+04
9.999999115058272325e-02 2.994281271920081781e+04
1.098541043672585787e-01 2.554349445356168872e+04
1.206792531427361148e-01 2.320889848215346501e+04
1.325711244288214907e-01 2.162443814754587947e+04
1.456348342787200378e-01 1.864577730464575870e+04
1.599858570014452974e-01 1.614453764561162825e+04
1.757510458761641914e-01 1.439130308645464538e+04
1.930697544488981787e-01 1.279218836898863447e+04
2.120950683230800604e-01 1.129232698739126863e+04
2.329951583321586417e-01 1.009660156736436329e+04
2.559547670553742882e-01 9.059923408609014587e+03
2.811768418164965477e-01 8.118190275927167022e+03
3.088843286001189403e-01 7.334314292299019144e+03
3.393221427425128778e-01 6.641763870663518901e+03
3.727593338166072523e-01 5.994996121957397918e+03
4.094914638472018087e-01 5.459096181031259221e+03
4.498432198782237879e-01 5.020833639500790014e+03
4.941712839853393824e-01 4.598867109320477539e+03
5.428674861028858212e-01 4.262464500564507944e+03
5.963622675339625978e-01 3.929360215997214254e+03
6.551284857587630350e-01 3.659305026747292231e+03
7.196855941730535555e-01 3.391280271668535988e+03
7.906042337028588163e-01 3.181622639328025343e+03
8.685112768820903995e-01 2.967341904431386865e+03
9.540953689793428838e-01 2.783736166047647203e+03
1.048113015153642191e+00 0.000000000000000000e+00
