1.048113066601954503e-02 2.336622006951071089e+05
1.151395323963562076e-02 0.000000000000000000e+00
1.264855132798976302e-02 7.127785113616063609e+04
1.389495400641860279e-02 8.710245546802520403e+04
1.526417862678452857e-02 1.010326650251177052e+05
1.676832820337198493e-02 0.000000000000000000e+00
1.842069839530119726e-02 1.204339503009629989e+05
2.023589503111089191e-02 8.393311513644101797e+04
2.222996321434766651e-02 1.171873753253635077e+05
2.442052915136719640e-02 1.038902242724503740e+05
2.682695595500901239e-02 1.084456120003181422e+05
2.947051480134291537e-02 7.379136741034487204e+04
3.237457295239669353e-02 8.824843749242389458e+04
3.556480030685772731e-02 6.711278392561481451e+04
3.906939630451649464e-02 5.657675829770076234e+04
4.291933919013282694e-02 5.793333466211869381e+04
4.714865984004791566e-02 4.512724734074644948e+04
5.179474257198286163e-02 4.455745098932940164e+04
5.689865559697841746e-02 3.931968367492411926e+04
6.250551403444545850e-02 3.469587317521822843e+04
6.866487869913283359e-02 3.360865962052777468e+04
7.543119418501802176e-02 3.048763487251604238e+04
8.286427011848424007e-02 2.755964062961632226e+04
9.102980983473445142e-02 2.340966440163241714e+04
9.999999115058272325e-02 2.085603878579307639e+04
1.098541043672585787e-01 1.768147463559524476e+04
1.206792531427361148e-01 1.551765102595685494e+04
1.325711244288214907e-01 1.398682659466974292e+04
1.456348342787200378e-01 1.298062129263448696e+04
1.599858570014452974e-01 1.099986339756919915e+04
1.757510458761641914e-01 9.951175398239905917e+03
1.930697544488981787e-01 9.100480558737090178e+03
2.120950683230800604e-01 8.122716614353194018e+03
2.329951583321586417e-01 7.296785013354621697e+03
2.559547670553742882e-01 6.655398105329652026e+03
2.811768418164965477e-01 6.049635303640126040e+03
3.088843286001189403e-01 5.514932135987797665e+03
3.393221427425128778e-01 5.059536024574192197e+03
3.727593338166072523e-01 4.650016392245155657e+03
4.094914638472018087e-01 4.294420694887802711e+03
4.498432198782237879e-01 3.983889698051601499e+03
4.941712839853393824e-01 3.673598723593745035e+03
5.428674861028858212e-01 3.423005256325623122e+03
5.963622675339625978e-01 3.200358410435369478e+03
6.551284857587630350e-01 2.974136811109573955e+03
7.196855941730535555e-01 2.772636918203313598e+03
7.906042337028588163e-01 2.582212710088380845e+03
8.685112768820903995e-01 2.400514025167929503e+03
9.540953689793428838e-01 2.223996119187076602e+03
1.048113015153642191e+00 0.000000000000000000e+00
