1.048113066601954503e-02 9.600775673148923088e+05
1.151395323963562076e-02 0.000000000000000000e+00
1.264855132798976302e-02 8.908026816016410012e+05
1.389495400641860279e-02 4.787533852590430761e+05
1.526417862678452857e-02 4.103348142713537673e+05
1.676832820337198493e-02 0.000000000000000000e+00
1.842069839530119726e-02 6.513666725884194020e+05
2.023589503111089191e-02 4.016826208854360157e+05
2.222996321434766651e-02 3.363499878906176309e+05
2.442052915136719640e-02 3.067119503108565696e+05
2.682695595500901239e-02 2.862557397276430856e+05
2.947051480134291537e-02 1.539396804688140110e+05
3.237457295239669353e-02 1.210869589645795932e+05
3.556480030685772731e-02 1.249631462585316331e+05
3.906939630451649464e-02 1.036499058088770835e+05
4.291933919013282694e-02 8.001578281684184913e+04
4.714865984004791566e-02 6.819526952754595550e+04
5.179474257198286163e-02 6.755203243614648818e+04
5.689865559697841746e-02 7.253304751773673343e+04
6.250551403444545850e-02 7.433327944076023414e+04
6.866487869913283359e-02 6.621855580458579061e+04
7.543119418501802176e-02 5.724420707726683031e+04
8.286427011848424007e-02 3.931101417878863867e+04
9.102980983473445142e-02 2.832375075868907879e+04
9.999999115058272325e-02 2.373178880589560504e+04
1.098541043672585787e-01 2.368834059006190000e+04
1.206792531427361148e-01 2.410082986832015013e+04
1.325711244288214907e-01 1.957274261271609066e+04
1.456348342787200378e-01 1.532618675508182787e+04
1.599858570014452974e-01 1.290210725860463936e+04
1.757510458761641914e-01 1.200906925762949140e+04
1.930697544488981787e-01 1.064489825999845198e+04
2.120950683230800604e-01 8.816372901635812013e+03
2.329951583321586417e-01 7.854345355380101864e+03
2.559547670553742882e-01 6.973540186235304645e+03
2.811768418164965477e-01 6.060150176266224662e+03
3.088843286001189403e-01 5.350384982740147279e+03
3.393221427425128778e-01 4.759315608659690042e+03
3.727593338166072523e-01 4.231113449197991940e+03
4.094914638472018087e-01 3.811014337097720272e+03
4.498432198782237879e-01 3.413376650012823120e+03
4.941712839853393824e-01 3.105976772429578432e+03
5.428674861028858212e-01 2.811457692795169351e+03
5.963622675339625978e-01 2.555333179692574049e+03
6.551284857587630350e-01 2.336894254104203355e+03
7.196855941730535555e-01 2.148290554748544764e+03
7.906042337028588163e-01 1.977153810804202749e+03
8.685112768820903995e-01 1.820994462307161484e+03
9.540953689793428838e-01 1.683962862674667122e+03
1.048113015153642191e+00 0.000000000000000000e+00
