1.048113066601954503e-02 3.050526890569616808e+04
1.151395323963562076e-02 0.000000000000000000e+00
1.264855132798976302e-02 9.150405747146013891e+04
1.389495400641860279e-02 3.306095929219792015e+04
1.526417862678452857e-02 7.131509350252988224e+04
1.676832820337198493e-02 0.000000000000000000e+00
1.842069839530119726e-02 6.562105953954579309e+04
2.023589503111089191e-02 7.009238862550430349e+04
2.222996321434766651e-02 5.903454890001067542e+04
2.442052915136719640e-02 9.535038641200371785e+04
2.682695595500901239e-02 6.638026372634319705e+04
2.947051480134291537e-02 5.328050764313015679e+04
3.237457295239669353e-02 4.246080473331017129e+04
3.556480030685772731e-02 5.369416939063188329e+04
3.906939630451649464e-02 5.725478303912073898e+04
4.291933919013282694e-02 4.246450842814166390e+04
4.714865984004791566e-02 3.823852080343249690e+04
5.179474257198286163e-02 3.881699556121715432e+04
5.689865559697841746e-02 3.693951162430566910e+04
6.250551403444545850e-02 3.452135351424254623e+04
6.866487869913283359e-02 3.275597811749156244e+04
7.543119418501802176e-02 2.946145113008638873e+04
8.286427011848424007e-02 2.701664427233655078e+04
9.102980983473445142e-02 2.489898112494466841e+04
9.999999115058272325e-02 2.138727936135071650e+04
1.098541043672585787e-01 1.844316125080009442e+04
1.206792531427361148e-01 1.632584609988052762e+04
1.325711244288214907e-01 1.481932561469306529e+04
1.456348342787200378e-01 1.402788995649265235e+04
1.599858570014452974e-01 1.248086690285162331e+04
1.757510458761641914e-01 1.074330581449586134e+04
1.930697544488981787e-01 9.895245361484408932e+03
2.120950683230800604e-01 9.043935969414813371e+03
2.329951583321586417e-01 8.206270600034094969e+03
2.559547670553742882e-01 7.453765001284804384e+03
2.811768418164965477e-01 6.763622284867737108e+03
3.088843286001189403e-01 6.222935358583834386e+03
3.393221427425128778e-01 5.708725101500242090e+03
3.727593338166072523e-01 5.238790616472337206e+03
4.094914638472018087e-01 4.892432176042654646e+03
4.498432198782237879e-01 4.531330455254151275e+03
4.941712839853393824e-01 4.246311350203616712e+03
5.428674861028858212e-01 3.985448254411810922e+03
5.963622675339625978e-01 3.730380229232668171e+03
6.551284857587630350e-01 3.526295490713137951e+03
7.196855941730535555e-01 3.328077311585330790e+03
7.906042337028588163e-01 3.134750872629609148e+03
8.685112768820903995e-01 2.971484690520093864e+03
9.540953689793428838e-01 2.809021731956687290e+03
1.048113015153642191e+00 0.000000000000000000e+00
