1.048113066601954503e-02 3.809929327391344123e+04
1.151395323963562076e-02 0.000000000000000000e+00
1.264855132798976302e-02 1.071976325572339920e+04
1.389495400641860279e-02 5.209393170538939012e+04
1.526417862678452857e-02 4.635978952746401774e+04
1.676832820337198493e-02 0.000000000000000000e+00
1.842069839530119726e-02 3.941698577409368590e+04
2.023589503111089191e-02 6.820380682321431232e+04
2.222996321434766651e-02 6.559878284409886692e+04
2.442052915136719640e-02 4.877093520422717120e+04
2.682695595500901239e-02 4.550254386335889285e+04
2.947051480134291537e-02 4.432153148480088566e+04
3.237457295239669353e-02 3.710478311429251335e+04
3.556480030685772731e-02 3.071237696714093909e+04
3.906939630451649464e-02 3.759603606412712543e+04
4.291933919013282694e-02 3.354221375416019873e+04
4.714865984004791566e-02 2.779696998494811851e+04
5.179474257198286163e-02 3.031618696125096176e+04
5.689865559697841746e-02 2.271480897115355037e+04
6.250551403444545850e-02 2.539112610935241537e+04
6.866487869913283359e-02 2.403193250022536085e+04
7.543119418501802176e-02 2.218263413376663812e+04
8.286427011848424007e-02 1.916171382094907312e+04
9.102980983473445142e-02 1.585526011875938093e+04
9.999999115058272325e-02 1.505829677723503301e+04
1.098541043672585787e-01 1.321001111486522677e+04
1.206792531427361148e-01 1.235279284160993484e+04
1.325711244288214907e-01 1.123989719891448658e+04
1.456348342787200378e-01 1.022394929959812725e+04
1.599858570014452974e-01 8.825648381091023111e+03
1.757510458761641914e-01 8.101400492945452243e+03
1.930697544488981787e-01 7.334916953691502385e+03
2.120950683230800604e-01 6.782801412401586276e+03
2.329951583321586417e-01 6.138371653636015253e+03
2.559547670553742882e-01 5.574233972994955366e+03
2.811768418164965477e-01 5.109144106433564048e+03
3.088843286001189403e-01 4.701155797895751675e+03
3.393221427425128778e-01 4.363758964385783656e+03
3.727593338166072523e-01 4.031183721523103486e+03
4.094914638472018087e-01 3.755340254345998346e+03
4.498432198782237879e-01 3.512876883835926037e+03
4.941712839853393824e-01 3.285075831214875507e+03
5.428674861028858212e-01 3.090888751617214439e+03
5.963622675339625978e-01 2.910546260997157788e+03
6.551284857587630350e-01 2.739620596933123124e+03
7.196855941730535555e-01 2.582945236921058495e+03
7.906042337028588163e-01 2.432262466375028453e+03
8.685112768820903995e-01 2.291787964480907249e+03
9.540953689793428838e-01 2.159604851027058885e+03
1.048113015153642191e+00 0.000000000000000000e+00
