1.048113066601954503e-02 4.811362258054094127e+04
1.151395323963562076e-02 0.000000000000000000e+00
1.264855132798976302e-02 1.529373222179574623e+04
1.389495400641860279e-02 2.798125237473734160e+04
1.526417862678452857e-02 2.907002062555973680e+04
1.676832820337198493e-02 0.000000000000000000e+00
1.842069839530119726e-02 1.826393075977682020e+04
2.023589503111089191e-02 2.521149980906368000e+04
2.222996321434766651e-02 2.470629693876514648e+04
2.442052915136719640e-02 3.593385505505624315e+04
2.682695595500901239e-02 2.602282386119566581e+04
2.947051480134291537e-02 3.166901689346705825e+04
3.237457295239669353e-02 3.172312342646252364e+04
3.556480030685772731e-02 3.137371007086362079e+04
3.906939630451649464e-02 2.798758801907752786e+04
4.291933919013282694e-02 2.454717120129312389e+04
4.714865984004791566e-02 2.519923619438453898e+04
5.179474257198286163e-02 2.240475867968151215e+04
5.689865559697841746e-02 2.194531295225672875e+04
6.250551403444545850e-02 2.060685310261480117e+04
6.866487869913283359e-02 2.106203813718892343e+04
7.543119418501802176e-02 1.810248153757454202e+04
8.286427011848424007e-02 1.884537898998654418e+04
9.102980983473445142e-02 1.696698892149414314e+04
9.999999115058272325e-02 1.521765182102548351e+04
1.098541043672585787e-01 1.244005108641522747e+04
1.206792531427361148e-01 1.171187287816514072e+04
1.325711244288214907e-01 1.080086280444892145e+04
1.456348342787200378e-01 1.014749521751025350e+04
1.599858570014452974e-01 8.974146779024584248e+03
1.757510458761641914e-01 7.988462103304729681e+03
1.930697544488981787e-01 7.207298470064699359e+03
2.120950683230800604e-01 6.604431236462782181e+03
2.329951583321586417e-01 5.947829134032820548e+03
2.559547670553742882e-01 5.376627589184798126e+03
2.811768418164965477e-01 4.876559340579714444e+03
3.088843286001189403e-01 4.442711714371140260e+03
3.393221427425128778e-01 4.052379224641053952e+03
3.727593338166072523e-01 3.691029912696444171e+03
4.094914638472018087e-01 3.409065911658040477e+03
4.498432198782237879e-01 3.156158523858044646e+03
4.941712839853393824e-01 2.921118515864637629e+03
5.428674861028858212e-01 2.715584972442311027e+03
5.963622675339625978e-01 2.552867473092276668e+03
6.551284857587630350e-01 2.387669748249286840e+03
7.196855941730535555e-01 2.245050300889672144e+03
7.906042337028588163e-01 2.110778744692762757e+03
8.685112768820903995e-01 2.003758723879227546e+03
9.540953689793428838e-01 1.894229019515730670e+03
1.048113015153642191e+00 0.000000000000000000e+00
