1.048113066601954503e-02 5.184487980544078164e+04
1.151395323963562076e-02 0.000000000000000000e+00
1.264855132798976302e-02 8.203201895784398948e+04
1.389495400641860279e-02 2.433589825167277595e+05
1.526417862678452857e-02 1.606975325773675577e+05
1.676832820337198493e-02 0.000000000000000000e+00
1.842069839530119726e-02 1.189211317520823213e+05
2.023589503111089191e-02 2.236063721459253575e+05
2.222996321434766651e-02 1.312539593997661723e+05
2.442052915136719640e-02 1.184587741100843996e+05
2.682695595500901239e-02 1.215996254797498113e+05
2.947051480134291537e-02 8.635212888515161467e+04
3.237457295239669353e-02 7.335538977069719112e+04
3.556480030685772731e-02 5.633413317185523920e+04
3.906939630451649464e-02 5.191244048556040798e+04
4.291933919013282694e-02 4.439765865606450825e+04
4.714865984004791566e-02 4.474788413130128902e+04
5.179474257198286163e-02 4.651650554210132395e+04
5.689865559697841746e-02 4.494824746069124376e+04
6.250551403444545850e-02 4.846171417814082815e+04
6.866487869913283359e-02 4.142114727491249505e+04
7.543119418501802176e-02 3.355127354804439528e+04
8.286427011848424007e-02 2.445987313421641011e+04
9.102980983473445142e-02 1.924312184470941429e+04
9.999999115058272325e-02 1.702539782879773702e+04
1.098541043672585787e-01 1.795836056551018191e+04
1.206792531427361148e-01 1.662714892613296252e+04
1.325711244288214907e-01 1.367379729567492541e+04
1.456348342787200378e-01 1.074687660988507014e+04
1.599858570014452974e-01 9.515834351071325727e+03
1.757510458761641914e-01 8.947304181290717679e+03
1.930697544488981787e-01 7.790972007211714299e+03
2.120950683230800604e-01 6.667346897829869704e+03
2.329951583321586417e-01 5.978860675840020122e+03
2.559547670553742882e-01 5.247660152407520400e+03
2.811768418164965477e-01 4.628538032318103433e+03
3.088843286001189403e-01 4.174557578646173170e+03
3.393221427425128778e-01 3.724216948448058247e+03
3.727593338166072523e-01 3.354984878044524521e+03
4.094914638472018087e-01 3.016407059496320016e+03
4.498432198782237879e-01 2.746253416081402975e+03
4.941712839853393824e-01 2.510137726369826396e+03
5.428674861028858212e-01 2.288033563970844170e+03
5.963622675339625978e-01 2.104719043883922495e+03
6.551284857587630350e-01 1.935944416755053226e+03
7.196855941730535555e-01 1.792681761660626535e+03
7.906042337028588163e-01 1.665877273235004395e+03
8.685112768820903995e-01 1.551474876021929049e+03
9.540953689793428838e-01 1.447119013660000519e+03
1.048113015153642191e+00 0.000000000000000000e+00
