1.048113066601954503e-02 2.420194296907247510e+06
1.151395323963562076e-02 0.000000000000000000e+00
1.264855132798976302e-02 5.046980052313243505e+05
1.389495400641860279e-02 1.749496883161094971e+06
1.526417862678452857e-02 1.769761165580186527e+06
1.676832820337198493e-02 0.000000000000000000e+00
1.842069839530119726e-02 1.226388627335692523e+06
2.023589503111089191e-02 1.019605660440665786e+06
2.222996321434766651e-02 1.117959199614481768e+06
2.442052915136719640e-02 9.685895233272205805e+05
2.682695595500901239e-02 8.164990802360093221e+05
2.947051480134291537e-02 5.570144322369568981e+05
3.237457295239669353e-02 3.028199600784422946e+05
3.556480030685772731e-02 2.741452531915477011e+05
3.906939630451649464e-02 2.052270298647885793e+05
4.291933919013282694e-02 1.622171860941937484e+05
4.714865984004791566e-02 1.423626282324899221e+05
5.179474257198286163e-02 1.749201852364513325e+05
5.689865559697841746e-02 1.622696751954721694e+05
6.250551403444545850e-02 1.792837880642230739e+05
6.866487869913283359e-02 1.584550372585657169e+05
7.543119418501802176e-02 1.329207964954439958e+05
8.286427011848424007e-02 1.038751847372290067e+05
9.102980983473445142e-02 7.677993786105258914e+04
9.999999115058272325e-02 6.590644966262634262e+04
1.098541043672585787e-01 6.155820543377647118e+04
1.206792531427361148e-01 5.714641399375800393e+04
1.325711244288214907e-01 5.095257932059008454e+04
1.456348342787200378e-01 4.551837910155046848e+04
1.599858570014452974e-01 3.870151399689084792e+04
1.757510458761641914e-01 3.511728417235799134e+04
1.930697544488981787e-01 3.164225159780403192e+04
2.120950683230800604e-01 2.833034418772854406e+04
2.329951583321586417e-01 2.581976651215496531e+04
2.559547670553742882e-01 2.324804194334226122e+04
2.811768418164965477e-01 2.144197804305795580e+04
3.088843286001189403e-01 1.943094691985895770e+04
3.393221427425128778e-01 1.778250606849473115e+04
3.727593338166072523e-01 1.644961484077528075e+04
4.094914638472018087e-01 1.520198713528363442e+04
4.498432198782237879e-01 1.415019027650879434e+04
4.941712839853393824e-01 1.316859789819084835e+04
5.428674861028858212e-01 1.224430076158698830e+04
5.963622675339625978e-01 1.147029962140945281e+04
6.551284857587630350e-01 1.069587764600079026e+04
7.196855941730535555e-01 9.967200774464696224e+03
7.906042337028588163e-01 9.284766292927273753e+03
8.685112768820903995e-01 8.570580318773139879e+03
9.540953689793428838e-01 7.909823440907427539e+03
1.048113015153642191e+00 0.000000000000000000e+00
