1.048113066601954503e-02 2.452443640688651940e+05
1.151395323963562076e-02 0.000000000000000000e+00
1.264855132798976302e-02 3.073943690300269518e+05
1.389495400641860279e-02 4.013607648680090788e+05
1.526417862678452857e-02 3.461338073055874556e+05
1.676832820337198493e-02 0.000000000000000000e+00
1.842069839530119726e-02 3.532546969458371168e+05
2.023589503111089191e-02 2.530569537917021080e+05
2.222996321434766651e-02 2.701492878205605084e+05
2.442052915136719640e-02 1.750830814364924445e+05
2.682695595500901239e-02 2.056710692323658441e+05
2.947051480134291537e-02 2.217596563363143359e+05
3.237457295239669353e-02 1.542606667711128248e+05
3.556480030685772731e-02 1.059811198395550746e+05
3.906939630451649464e-02 1.108733309055654972e+05
4.291933919013282694e-02 1.051918416321911354e+05
4.714865984004791566e-02 8.885698094814947399e+04
5.179474257198286163e-02 7.701978120267376653e+04
5.689865559697841746e-02 8.030057112257051631e+04
6.250551403444545850e-02 7.294851199851548881e+04
6.866487869913283359e-02 6.802183133556606481e+04
7.543119418501802176e-02 5.342958901930610591e+04
8.286427011848424007e-02 4.302199301046716573e+04
9.102980983473445142e-02 3.583733970016289095e+04
9.999999115058272325e-02 3.189984983367005043e+04
1.098541043672585787e-01 2.778582938961300533e+04
1.206792531427361148e-01 2.623276635556189649e+04
1.325711244288214907e-01 2.332667178361344486e+04
1.456348342787200378e-01 1.954746403483104586e+04
1.599858570014452974e-01 1.699178522865041668e+04
1.757510458761641914e-01 1.536148792224222052e+04
1.930697544488981787e-01 1.375169285774793934e+04
2.120950683230800604e-01 1.210329154922072303e+04
2.329951583321586417e-01 1.085985348454225823e+04
2.559547670553742882e-01 9.840086106581720742e+03
2.811768418164965477e-01 8.761910866744441591e+03
3.088843286001189403e-01 7.903552215505678760e+03
3.393221427425128778e-01 7.235982011024401800e+03
3.727593338166072523e-01 6.630999842746952709e+03
4.094914638472018087e-01 6.079103611455408100e+03
4.498432198782237879e-01 5.595334666031307279e+03
4.941712839853393824e-01 5.150225381310989178e+03
5.428674861028858212e-01 4.773224078630260010e+03
5.963622675339625978e-01 4.444246447247539436e+03
6.551284857587630350e-01 4.138213841118797063e+03
7.196855941730535555e-01 3.866990953472005458e+03
7.906042337028588163e-01 3.603086576453562884e+03
8.685112768820903995e-01 3.361035066939874923e+03
9.540953689793428838e-01 3.131607210033729643e+03
1.048113015153642191e+00 0.000000000000000000e+00
