1.048113066601954503e-02 7.523349024606490275e+05
1.151395323963562076e-02 0.000000000000000000e+00
1.264855132798976302e-02 7.167830395609962288e+05
1.389495400641860279e-02 7.858441299848827766e+05
1.526417862678452857e-02 2.133300285177511396e+05
1.676832820337198493e-02 0.000000000000000000e+00
1.842069839530119726e-02 3.290054653280079947e+05
2.023589503111089191e-02 4.248571952322195284e+05
2.222996321434766651e-02 3.438824620635191095e+05
2.442052915136719640e-02 3.207287015335113974e+05
2.682695595500901239e-02 2.158769118392769014e+05
2.947051480134291537e-02 1.976703816858868813e+05
3.237457295239669353e-02 1.037595162626240926e+05
3.556480030685772731e-02 9.909811580612762191e+04
3.906939630451649464e-02 8.332072854502219707e+04
4.291933919013282694e-02 5.688773389377647254e+04
4.714865984004791566e-02 5.401987931649396342e+04
5.179474257198286163e-02 4.875383143166950322e+04
5.689865559697841746e-02 5.051284406061696791e+04
6.250551403444545850e-02 4.643177409989551234e+04
6.866487869913283359e-02 4.401005213100762194e+04
7.543119418501802176e-02 3.885330403062560799e+04
8.286427011848424007e-02 3.232911256185801903e+04
9.102980983473445142e-02 2.451936517188082144e+04
9.999999115058272325e-02 1.888881211528814674e+04
1.098541043672585787e-01 1.703086529692199474e+04
1.206792531427361148e-01 1.570595808322618177e+04
1.325711244288214907e-01 1.385312577233139928e+04
1.456348342787200378e-01 1.196437571795294389e+04
1.599858570014452974e-01 1.008240221328338157e+04
1.757510458761641914e-01 8.921809675262747987e+03
1.930697544488981787e-01 7.924315587130224230e+03
2.120950683230800604e-01 6.863372005042112505e+03
2.329951583321586417e-01 6.008423732019580711e+03
2.559547670553742882e-01 5.364491695576002712e+03
2.811768418164965477e-01 4.795113133262755582e+03
3.088843286001189403e-01 4.244912877111584748e+03
3.393221427425128778e-01 3.849944623537436655e+03
3.727593338166072523e-01 3.431443284404885617e+03
4.094914638472018087e-01 3.100273991862965886e+03
4.498432198782237879e-01 2.839937930428313848e+03
4.941712839853393824e-01 2.569897813130531176e+03
5.428674861028858212e-01 2.338205751267110372e+03
5.963622675339625978e-01 2.142262676911416293e+03
6.551284857587630350e-01 1.965589340720953714e+03
7.196855941730535555e-01 1.799354917664419190e+03
7.906042337028588163e-01 1.641611394228062181e+03
8.685112768820903995e-01 1.499672937262827190e+03
9.540953689793428838e-01 1.366872663735135120e+03
1.048113015153642191e+00 0.000000000000000000e+00
