1.048113066601954503e-02 1.586175986914095702e+05
1.151395323963562076e-02 0.000000000000000000e+00
1.264855132798976302e-02 1.269103088401556015e+05
1.389495400641860279e-02 6.016038405457788031e+04
1.526417862678452857e-02 1.330166575105306983e+05
1.676832820337198493e-02 0.000000000000000000e+00
1.842069839530119726e-02 1.181634295765341958e+05
2.023589503111089191e-02 1.422001764439567633e+05
2.222996321434766651e-02 1.864946176426645543e+05
2.442052915136719640e-02 8.580474981187703088e+04
2.682695595500901239e-02 1.203585154186671280e+05
2.947051480134291537e-02 9.960086097702171537e+04
3.237457295239669353e-02 9.954180158843118988e+04
3.556480030685772731e-02 7.681097799461602699e+04
3.906939630451649464e-02 9.012171295759867644e+04
4.291933919013282694e-02 7.664243667957634898e+04
4.714865984004791566e-02 6.583566946331463987e+04
5.179474257198286163e-02 6.434026298256812879e+04
5.689865559697841746e-02 5.959311388606969558e+04
6.250551403444545850e-02 5.262857265405468206e+04
6.866487869913283359e-02 5.457331521993027127e+04
7.543119418501802176e-02 5.074255184071630356e+04
8.286427011848424007e-02 4.344938077432839054e+04
9.102980983473445142e-02 3.718507773921453190e+04
9.999999115058272325e-02 3.121695562270484879e+04
1.098541043672585787e-01 2.834929738358122268e+04
1.206792531427361148e-01 2.616302029840755131e+04
1.325711244288214907e-01 2.466316767181095929e+04
1.456348342787200378e-01 2.178544299609329391e+04
1.599858570014452974e-01 1.823468145889811422e+04
1.757510458761641914e-01 1.637978649665028206e+04
1.930697544488981787e-01 1.489315636310182890e+04
2.120950683230800604e-01 1.360928923506898718e+04
2.329951583321586417e-01 1.211956742177012347e+04
2.559547670553742882e-01 1.114767196244031220e+04
2.811768418164965477e-01 1.007291557800889859e+04
3.088843286001189403e-01 9.237389062992595427e+03
3.393221427425128778e-01 8.397227687728878664e+03
3.727593338166072523e-01 7.731295719540614300e+03
4.094914638472018087e-01 7.176682957173448813e+03
4.498432198782237879e-01 6.681785346335964277e+03
4.941712839853393824e-01 6.238817137797494070e+03
5.428674861028858212e-01 5.843319722773109788e+03
5.963622675339625978e-01 5.464237699233739477e+03
6.551284857587630350e-01 5.133539841947256718e+03
7.196855941730535555e-01 4.842160173452964955e+03
7.906042337028588163e-01 4.566068438421705650e+03
8.685112768820903995e-01 4.314684596371882435e+03
9.540953689793428838e-01 4.076539499341277406e+03
1.048113015153642191e+00 0.000000000000000000e+00
