1.048113066601954503e-02 5.021922176221223344e+04
1.151395323963562076e-02 0.000000000000000000e+00
1.264855132798976302e-02 4.364267069954854378e+04
1.389495400641860279e-02 5.528328868204030005e+04
1.526417862678452857e-02 5.262707950040813739e+04
1.676832820337198493e-02 0.000000000000000000e+00
1.842069839530119726e-02 4.519730668946949299e+04
2.023589503111089191e-02 8.098352659253338061e+04
2.222996321434766651e-02 4.611121065468189772e+04
2.442052915136719640e-02 4.530581884669101419e+04
2.682695595500901239e-02 4.417646899987792131e+04
2.947051480134291537e-02 5.376765327568746579e+04
3.237457295239669353e-02 5.022695798538802774e+04
3.556480030685772731e-02 4.304962382714547130e+04
3.906939630451649464e-02 3.949505943035594100e+04
4.291933919013282694e-02 3.684236121912774979e+04
4.714865984004791566e-02 3.664192888054429932e+04
5.179474257198286163e-02 3.637304774333038222e+04
5.689865559697841746e-02 3.283626012061836082e+04
6.250551403444545850e-02 2.972761055528693032e+04
6.866487869913283359e-02 2.971618355062190312e+04
7.543119418501802176e-02 2.680544525293921470e+04
8.286427011848424007e-02 2.542081547074976697e+04
9.102980983473445142e-02 2.272778064655554044e+04
9.999999115058272325e-02 2.051662545751127618e+04
1.098541043672585787e-01 1.763262030537967803e+04
1.206792531427361148e-01 1.594404603878505804e+04
1.325711244288214907e-01 1.473530204767879695e+04
1.456348342787200378e-01 1.337730231076173186e+04
1.599858570014452974e-01 1.199679526839579194e+04
1.757510458761641914e-01 1.075875601891128827e+04
1.930697544488981787e-01 9.660220865029798006e+03
2.120950683230800604e-01 8.660369316184318450e+03
2.329951583321586417e-01 7.850760175066570810e+03
2.559547670553742882e-01 7.157980427268097628e+03
2.811768418164965477e-01 6.488883786117819909e+03
3.088843286001189403e-01 5.987267942144590052e+03
3.393221427425128778e-01 5.512579040547817385e+03
3.727593338166072523e-01 5.025056383452417322e+03
4.094914638472018087e-01 4.661890562948510706e+03
4.498432198782237879e-01 4.320294897410478370e+03
4.941712839853393824e-01 4.047945086858551804e+03
5.428674861028858212e-01 3.766222918684189608e+03
5.963622675339625978e-01 3.524075077166778101e+03
6.551284857587630350e-01 3.323683216964512212e+03
7.196855941730535555e-01 3.131354700406630855e+03
7.906042337028588163e-01 2.957922050030032551e+03
8.685112768820903995e-01 2.789233674161082945e+03
9.540953689793428838e-01 2.633384314726370576e+03
1.048113015153642191e+00 0.000000000000000000e+00
