1.048113066601954503e-02 6.518600592993797909e+04
1.151395323963562076e-02 0.000000000000000000e+00
1.264855132798976302e-02 4.989571134560860082e+04
1.389495400641860279e-02 1.251245481570214615e+05
1.526417862678452857e-02 6.366631596863784944e+04
1.676832820337198493e-02 0.000000000000000000e+00
1.842069839530119726e-02 5.305874197960761376e+04
2.023589503111089191e-02 8.945905912679355242e+04
2.222996321434766651e-02 6.761061922926963598e+04
2.442052915136719640e-02 6.680923159263702109e+04
2.682695595500901239e-02 6.677201490759206354e+04
2.947051480134291537e-02 8.468837218085667701e+04
3.237457295239669353e-02 6.472147254566238553e+04
3.556480030685772731e-02 6.357056076713217044e+04
3.906939630451649464e-02 5.268099477966361155e+04
4.291933919013282694e-02 6.704354191388940671e+04
4.714865984004791566e-02 5.386185850807136740e+04
5.179474257198286163e-02 4.549608548363704176e+04
5.689865559697841746e-02 4.396306107458371116e+04
6.250551403444545850e-02 4.255322959307293058e+04
6.866487869913283359e-02 4.140139143109339057e+04
7.543119418501802176e-02 3.854986393902631244e+04
8.286427011848424007e-02 3.613925639494269853e+04
9.102980983473445142e-02 3.089877121285682369e+04
9.999999115058272325e-02 2.761813417154215858e+04
1.098541043672585787e-01 2.385781465822698374e+04
1.206792531427361148e-01 2.242854025590483070e+04
1.325711244288214907e-01 2.047827414308299558e+04
1.456348342787200378e-01 1.866830518786500761e+04
1.599858570014452974e-01 1.702282312836527854e+04
1.757510458761641914e-01 1.506532596380187533e+04
1.930697544488981787e-01 1.347545040786652316e+04
2.120950683230800604e-01 1.241196700293802860e+04
2.329951583321586417e-01 1.124769065337588290e+04
2.559547670553742882e-01 1.039306100329569563e+04
2.811768418164965477e-01 9.497317850108694984e+03
3.088843286001189403e-01 8.751359766885299905e+03
3.393221427425128778e-01 8.065705191187597848e+03
3.727593338166072523e-01 7.450007529908271863e+03
4.094914638472018087e-01 6.985658755081937670e+03
4.498432198782237879e-01 6.521318202965796445e+03
4.941712839853393824e-01 6.106485116960683627e+03
5.428674861028858212e-01 5.740062350200860237e+03
5.963622675339625978e-01 5.424402396755189329e+03
6.551284857587630350e-01 5.134374501753805816e+03
7.196855941730535555e-01 4.854732130714530285e+03
7.906042337028588163e-01 4.596694391830345012e+03
8.685112768820903995e-01 4.356180790157526644e+03
9.540953689793428838e-01 4.117107027813629429e+03
1.048113015153642191e+00 0.000000000000000000e+00
