1.048113066601954503e-02 1.215147659464987926e+06
1.151395323963562076e-02 0.000000000000000000e+00
1.264855132798976302e-02 9.380765731542459689e+05
1.389495400641860279e-02 1.055706210722806398e+06
1.526417862678452857e-02 7.768665299806195544e+05
1.676832820337198493e-02 0.000000000000000000e+00
1.842069839530119726e-02 5.742721419872711413e+05
2.023589503111089191e-02 6.019648382522497559e+05
2.222996321434766651e-02 4.810099538790655206e+05
2.442052915136719640e-02 4.185416614094899851e+05
2.682695595500901239e-02 2.939581962662547594e+05
2.947051480134291537e-02 2.191852628234151634e+05
3.237457295239669353e-02 1.813582313229454739e+05
3.556480030685772731e-02 1.642066039540713828e+05
3.906939630451649464e-02 1.259928521134707844e+05
4.291933919013282694e-02 1.158690746675316914e+05
4.714865984004791566e-02 1.044994935818423546e+05
5.179474257198286163e-02 1.005630806063965429e+05
5.689865559697841746e-02 1.010127585858900857e+05
6.250551403444545850e-02 9.494287142386655614e+04
6.866487869913283359e-02 8.253452162235789001e+04
7.543119418501802176e-02 6.334864332461731101e+04
8.286427011848424007e-02 4.896019130346379825e+04
9.102980983473445142e-02 4.060048662197375961e+04
9.999999115058272325e-02 3.694413033609445847e+04
1.098541043672585787e-01 3.570460171546665515e+04
1.206792531427361148e-01 3.141393042603442882e+04
1.325711244288214907e-01 2.601278318830368880e+04
1.456348342787200378e-01 2.193622433722888672e+04
1.599858570014452974e-01 1.950951180297370956e+04
1.757510458761641914e-01 1.714351633459470395e+04
1.930697544488981787e-01 1.540799206862769643e+04
2.120950683230800604e-01 1.390690950733388490e+04
2.329951583321586417e-01 1.213646620670734046e+04
2.559547670553742882e-01 1.093119524063741119e+04
2.811768418164965477e-01 9.835681129676608180e+03
3.088843286001189403e-01 8.896375874622741321e+03
3.393221427425128778e-01 8.034962792305957919e+03
3.727593338166072523e-01 7.317829962978037656e+03
4.094914638472018087e-01 6.686747861314688635e+03
4.498432198782237879e-01 6.136821360883213856e+03
4.941712839853393824e-01 5.664668474110525494e+03
5.428674861028858212e-01 5.226820803502167109e+03
5.963622675339625978e-01 4.810186939382141645e+03
6.551284857587630350e-01 4.447173140009914277e+03
7.196855941730535555e-01 4.088594291792291642e+03
7.906042337028588163e-01 3.756008321753100063e+03
8.685112768820903995e-01 3.466985744554905523e+03
9.540953689793428838e-01 3.185556834302095012e+03
1.048113015153642191e+00 0.000000000000000000e+00
