1.048113066601954503e-02 1.641682119059680030e+06
1.151395323963562076e-02 0.000000000000000000e+00
1.264855132798976302e-02 1.729723804567540996e+06
1.389495400641860279e-02 1.260915790491400752e+06
1.526417862678452857e-02 1.161957025575660169e+06
1.676832820337198493e-02 0.000000000000000000e+00
1.842069839530119726e-02 8.254142922939487034e+05
2.023589503111089191e-02 1.112343190863090800e+06
2.222996321434766651e-02 5.300107589303342393e+05
2.442052915136719640e-02 6.837091846479061060e+05
2.682695595500901239e-02 5.864069821245330386e+05
2.947051480134291537e-02 3.987783566166682867e+05
3.237457295239669353e-02 3.463330186343181995e+05
3.556480030685772731e-02 3.708805391610928345e+05
3.906939630451649464e-02 2.460884595915718237e+05
4.291933919013282694e-02 2.486232193998610892e+05
4.714865984004791566e-02 2.473440526659423485e+05
5.179474257198286163e-02 2.186353231539628468e+05
5.689865559697841746e-02 2.330534197637861944e+05
6.250551403444545850e-02 1.852778675351290731e+05
6.866487869913283359e-02 1.525436183987159748e+05
7.543119418501802176e-02 1.224746368681069143e+05
8.286427011848424007e-02 9.971456412902704324e+04
9.102980983473445142e-02 9.003129045405010402e+04
9.999999115058272325e-02 8.388383006733986258e+04
1.098541043672585787e-01 7.600428626431847806e+04
1.206792531427361148e-01 6.565858017685152299e+04
1.325711244288214907e-01 5.539560227107333776e+04
1.456348342787200378e-01 5.147552433658707014e+04
1.599858570014452974e-01 4.494684345624072012e+04
1.757510458761641914e-01 4.060569780162193638e+04
1.930697544488981787e-01 3.707395448169660813e+04
2.120950683230800604e-01 3.371646549308934482e+04
2.329951583321586417e-01 3.045803204435448788e+04
2.559547670553742882e-01 2.797590439150135717e+04
2.811768418164965477e-01 2.556372887899262787e+04
3.088843286001189403e-01 2.357305926504043600e+04
3.393221427425128778e-01 2.170703084269770625e+04
3.727593338166072523e-01 2.017379902950241740e+04
4.094914638472018087e-01 1.856211367334512033e+04
4.498432198782237879e-01 1.734984704833618525e+04
4.941712839853393824e-01 1.606756905344889310e+04
5.428674861028858212e-01 1.504387021817987443e+04
5.963622675339625978e-01 1.393548359587212326e+04
6.551284857587630350e-01 1.296167431218219826e+04
7.196855941730535555e-01 1.207128128588734398e+04
7.906042337028588163e-01 1.119803204254009142e+04
8.685112768820903995e-01 1.033670180616979087e+04
9.540953689793428838e-01 9.481393899146132753e+03
1.048113015153642191e+00 0.000000000000000000e+00
