1.048113066601954503e-02 4.419519094417466840e+04
1.151395323963562076e-02 0.000000000000000000e+00
1.264855132798976302e-02 5.467841763684775651e+04
1.389495400641860279e-02 5.180608605069154873e+04
1.526417862678452857e-02 4.783654326769213367e+04
1.676832820337198493e-02 0.000000000000000000e+00
1.842069839530119726e-02 6.760802406443333894e+04
2.023589503111089191e-02 8.564828804601287993e+04
2.222996321434766651e-02 5.537819947718207550e+04
2.442052915136719640e-02 4.302716630143594375e+04
2.682695595500901239e-02 4.626358292462854297e+04
2.947051480134291537e-02 3.976841000246843760e+04
3.237457295239669353e-02 4.574885672457830515e+04
3.556480030685772731e-02 4.244195112329768745e+04
3.906939630451649464e-02 3.628943124519514822e+04
4.291933919013282694e-02 3.705858858780963055e+04
4.714865984004791566e-02 3.059133012282976415e+04
5.179474257198286163e-02 3.057549407269830408e+04
5.689865559697841746e-02 2.741649713467091715e+04
6.250551403444545850e-02 2.739960480197549623e+04
6.866487869913283359e-02 2.268166738672212523e+04
7.543119418501802176e-02 2.112803317307290126e+04
8.286427011848424007e-02 1.841034374152079909e+04
9.102980983473445142e-02 1.568795722133507661e+04
9.999999115058272325e-02 1.381742454837705009e+04
1.098541043672585787e-01 1.175331024050793167e+04
1.206792531427361148e-01 1.062895868625034200e+04
1.325711244288214907e-01 9.873227550567240542e+03
1.456348342787200378e-01 8.477101047438300157e+03
1.599858570014452974e-01 7.300427155802155539e+03
1.757510458761641914e-01 6.473439162702134126e+03
1.930697544488981787e-01 5.723863542490458713e+03
2.120950683230800604e-01 5.026702412809128873e+03
2.329951583321586417e-01 4.467334099060861263e+03
2.559547670553742882e-01 3.982703548589980073e+03
2.811768418164965477e-01 3.544975779391815649e+03
3.088843286001189403e-01 3.181138401506673290e+03
3.393221427425128778e-01 2.860818382828951599e+03
3.727593338166072523e-01 2.564638182976180360e+03
4.094914638472018087e-01 2.318807963866960563e+03
4.498432198782237879e-01 2.116783628058827617e+03
4.941712839853393824e-01 1.924962522808288441e+03
5.428674861028858212e-01 1.771261697535815983e+03
5.963622675339625978e-01 1.621484512117332315e+03
6.551284857587630350e-01 1.499042800753709344e+03
7.196855941730535555e-01 1.379146156581542527e+03
7.906042337028588163e-01 1.284505358306902053e+03
8.685112768820903995e-01 1.189351518034815399e+03
9.540953689793428838e-01 1.107486934546164548e+03
1.048113015153642191e+00 0.000000000000000000e+00
