1.048113066601954503e-02 7.124560558915289585e+04
1.151395323963562076e-02 0.000000000000000000e+00
1.264855132798976302e-02 1.003191961638877256e+05
1.389495400641860279e-02 1.238478775106657122e+05
1.526417862678452857e-02 6.309634261007944588e+04
1.676832820337198493e-02 0.000000000000000000e+00
1.842069839530119726e-02 7.111583158735201869e+04
2.023589503111089191e-02 7.036608094992286351e+04
2.222996321434766651e-02 1.137644839022922242e+05
2.442052915136719640e-02 7.870679970148084976e+04
2.682695595500901239e-02 8.829097294989238435e+04
2.947051480134291537e-02 7.440097498697062838e+04
3.237457295239669353e-02 7.323662106155791844e+04
3.556480030685772731e-02 6.094262633956267382e+04
3.906939630451649464e-02 6.284051948884723242e+04
4.291933919013282694e-02 4.987068795339430653e+04
4.714865984004791566e-02 4.742512851959647378e+04
5.179474257198286163e-02 4.586332272114102670e+04
5.689865559697841746e-02 4.107748541208569077e+04
6.250551403444545850e-02 3.632912775597061409e+04
6.866487869913283359e-02 3.577173534034001932e+04
7.543119418501802176e-02 3.126657808452525569e+04
8.286427011848424007e-02 2.623292030779868219e+04
9.102980983473445142e-02 2.337784441229081131e+04
9.999999115058272325e-02 2.141423408000305426e+04
1.098541043672585787e-01 1.876092097126450608e+04
1.206792531427361148e-01 1.702865431591610104e+04
1.325711244288214907e-01 1.518258613396455439e+04
1.456348342787200378e-01 1.283105454267362074e+04
1.599858570014452974e-01 1.141766935600403667e+04
1.757510458761641914e-01 1.026432581789191136e+04
1.930697544488981787e-01 9.223524810531813273e+03
2.120950683230800604e-01 7.943556057367491121e+03
2.329951583321586417e-01 7.083100782675560367e+03
2.559547670553742882e-01 6.308713332195122348e+03
2.811768418164965477e-01 5.666684726441039857e+03
3.088843286001189403e-01 5.046453180847343901e+03
3.393221427425128778e-01 4.536574487139374469e+03
3.727593338166072523e-01 4.080788190884214600e+03
4.094914638472018087e-01 3.692690853455661454e+03
4.498432198782237879e-01 3.375172043359114468e+03
4.941712839853393824e-01 3.071334656895676744e+03
5.428674861028858212e-01 2.816564079436744578e+03
5.963622675339625978e-01 2.592139686346113194e+03
6.551284857587630350e-01 2.391220396683204854e+03
7.196855941730535555e-01 2.217937669963466305e+03
7.906042337028588163e-01 2.061485817590232728e+03
8.685112768820903995e-01 1.922230880996798760e+03
9.540953689793428838e-01 1.801048027018109224e+03
1.048113015153642191e+00 0.000000000000000000e+00
