5.000000000000000000e-01 0.000000000000000000e+00 0.000000000000000000e+00 0.000000000000000000e+00
6.111111111111111605e-01 0.000000000000000000e+00 0.000000000000000000e+00 0.000000000000000000e+00
7.222222222222222099e-01 0.000000000000000000e+00 0.000000000000000000e+00 0.000000000000000000e+00
8.333333333333332593e-01 0.000000000000000000e+00 0.000000000000000000e+00 0.000000000000000000e+00
9.444444444444444198e-01 0.000000000000000000e+00 0.000000000000000000e+00 0.000000000000000000e+00
1.055555555555555580e+00 0.000000000000000000e+00 0.000000000000000000e+00 0.000000000000000000e+00
1.166666666666666519e+00 0.000000000000000000e+00 0.000000000000000000e+00 0.000000000000000000e+00
1.277777777777777679e+00 0.000000000000000000e+00 0.000000000000000000e+00 0.000000000000000000e+00
1.388888888888888840e+00 0.000000000000000000e+00 0.000000000000000000e+00 0.000000000000000000e+00
1.500000000000000000e+00 0.000000000000000000e+00 0.000000000000000000e+00 0.000000000000000000e+00
