1.048113066601954503e-02 9.665392553143739933e+05
1.151395323963562076e-02 0.000000000000000000e+00
1.264855132798976302e-02 7.465897248525400646e+05
1.389495400641860279e-02 8.389058323074377840e+05
1.526417862678452857e-02 6.161881892653746763e+05
1.676832820337198493e-02 0.000000000000000000e+00
1.842069839530119726e-02 4.563445597838733811e+05
2.023589503111089191e-02 4.782099142076089629e+05
2.222996321434766651e-02 3.808369679637655499e+05
2.442052915136719640e-02 3.316857458118645591e+05
2.682695595500901239e-02 2.330445290715694719e+05
2.947051480134291537e-02 1.735762614999192301e+05
3.237457295239669353e-02 1.435524989231406653e+05
3.556480030685772731e-02 1.301250828929140553e+05
3.906939630451649464e-02 9.968255182008253178e+04
4.291933919013282694e-02 9.156592501229853951e+04
4.714865984004791566e-02 8.255443825853700400e+04
5.179474257198286163e-02 7.955425088522954320e+04
5.689865559697841746e-02 7.976138023236909066e+04
6.250551403444545850e-02 7.486235428884107387e+04
6.866487869913283359e-02 6.498608798009814927e+04
7.543119418501802176e-02 4.980110842871083878e+04
8.286427011848424007e-02 3.841977729353198083e+04
9.102980983473445142e-02 3.181597341191984742e+04
9.999999115058272325e-02 2.893166179466343965e+04
1.098541043672585787e-01 2.793941903434516644e+04
1.206792531427361148e-01 2.453770684594107661e+04
1.325711244288214907e-01 2.026557298813830130e+04
1.456348342787200378e-01 1.706187883919164597e+04
1.599858570014452974e-01 1.515221940352326965e+04
1.757510458761641914e-01 1.329074264438367027e+04
1.930697544488981787e-01 1.191787756984433145e+04
2.120950683230800604e-01 1.073746088715795850e+04
2.329951583321586417e-01 9.351063254669412345e+03
2.559547670553742882e-01 8.406683674057388998e+03
2.811768418164965477e-01 7.548122292718808239e+03
3.088843286001189403e-01 6.812810465219068647e+03
3.393221427425128778e-01 6.139926491859017915e+03
3.727593338166072523e-01 5.580683152802468612e+03
4.094914638472018087e-01 5.088852452984448973e+03
4.498432198782237879e-01 4.660620295644943326e+03
4.941712839853393824e-01 4.292983922067562162e+03
5.428674861028858212e-01 3.953364726619386602e+03
5.963622675339625978e-01 3.631018488342973342e+03
6.551284857587630350e-01 3.350287360493224696e+03
7.196855941730535555e-01 3.074025834650444267e+03
7.906042337028588163e-01 2.818447851049908877e+03
8.685112768820903995e-01 2.596283776136961023e+03
9.540953689793428838e-01 2.380639340302388064e+03
1.048113015153642191e+00 0.000000000000000000e+00
