1.048113066601954503e-02 2.501383645880947006e+04
1.151395323963562076e-02 0.000000000000000000e+00
1.264855132798976302e-02 2.619955175633532417e+04
1.389495400641860279e-02 5.167222574539405468e+04
1.526417862678452857e-02 4.500331910565755970e+04
1.676832820337198493e-02 0.000000000000000000e+00
1.842069839530119726e-02 3.773481760125678557e+04
2.023589503111089191e-02 4.544124288432965841e+04
2.222996321434766651e-02 5.191764726912000333e+04
2.442052915136719640e-02 4.108804818560485728e+04
2.682695595500901239e-02 4.174545840272429632e+04
2.947051480134291537e-02 4.340832451345006120e+04
3.237457295239669353e-02 4.245482487214221328e+04
3.556480030685772731e-02 4.033527864849482285e+04
3.906939630451649464e-02 4.587334316031591879e+04
4.291933919013282694e-02 3.692774769638587895e+04
4.714865984004791566e-02 3.671988121226936346e+04
5.179474257198286163e-02 3.992065766246442945e+04
5.689865559697841746e-02 3.328650075049945735e+04
6.250551403444545850e-02 2.868691200246105291e+04
6.866487869913283359e-02 3.138737682262476301e+04
7.543119418501802176e-02 2.558616750741565556e+04
8.286427011848424007e-02 2.575225157396173745e+04
9.102980983473445142e-02 2.312719092979400375e+04
9.999999115058272325e-02 2.186076210792506754e+04
1.098541043672585787e-01 1.927448431920930307e+04
1.206792531427361148e-01 1.730089076225200188e+04
1.325711244288214907e-01 1.598826410001071417e+04
1.456348342787200378e-01 1.469528358311485863e+04
1.599858570014452974e-01 1.318571545925756436e+04
1.757510458761641914e-01 1.182375899353316345e+04
1.930697544488981787e-01 1.042929133453252325e+04
2.120950683230800604e-01 9.683680699852106045e+03
2.329951583321586417e-01 8.750549377099800040e+03
2.559547670553742882e-01 7.984908147256841403e+03
2.811768418164965477e-01 7.351928041121518618e+03
3.088843286001189403e-01 6.706791087648640314e+03
3.393221427425128778e-01 6.196505870607081306e+03
3.727593338166072523e-01 5.737378997272653578e+03
4.094914638472018087e-01 5.334259411544006980e+03
4.498432198782237879e-01 4.972713810404814467e+03
4.941712839853393824e-01 4.662043310628723702e+03
5.428674861028858212e-01 4.381986790200862742e+03
5.963622675339625978e-01 4.128047216848380231e+03
6.551284857587630350e-01 3.892795277436974175e+03
7.196855941730535555e-01 3.679717575411761572e+03
7.906042337028588163e-01 3.478908848868601126e+03
8.685112768820903995e-01 3.299652496496645654e+03
9.540953689793428838e-01 3.130870030932772352e+03
1.048113015153642191e+00 0.000000000000000000e+00
