1.048113066601954503e-02 4.482516448201266758e+04
1.151395323963562076e-02 0.000000000000000000e+00
1.264855132798976302e-02 2.000691175777474564e+04
1.389495400641860279e-02 7.025098391838565294e+04
1.526417862678452857e-02 4.986183478784700128e+04
1.676832820337198493e-02 0.000000000000000000e+00
1.842069839530119726e-02 7.869608378297767194e+04
2.023589503111089191e-02 8.216251689489409910e+04
2.222996321434766651e-02 4.262593333940314187e+04
2.442052915136719640e-02 7.096428869726434641e+04
2.682695595500901239e-02 6.670463648992871458e+04
2.947051480134291537e-02 5.132416892331498093e+04
3.237457295239669353e-02 5.768958907990511216e+04
3.556480030685772731e-02 4.746150870370086341e+04
3.906939630451649464e-02 3.988019488703514799e+04
4.291933919013282694e-02 4.131625895280529949e+04
4.714865984004791566e-02 3.983897035199140373e+04
5.179474257198286163e-02 4.106856162235522788e+04
5.689865559697841746e-02 4.358161860729740147e+04
6.250551403444545850e-02 4.086968981262364832e+04
6.866487869913283359e-02 3.540111162234130461e+04
7.543119418501802176e-02 3.321730877829335077e+04
8.286427011848424007e-02 3.078245355666065007e+04
9.102980983473445142e-02 2.672015993041011097e+04
9.999999115058272325e-02 2.431498165097501624e+04
1.098541043672585787e-01 2.207382046092316159e+04
1.206792531427361148e-01 1.951044391918427937e+04
1.325711244288214907e-01 1.812213431047950871e+04
1.456348342787200378e-01 1.680312316606754393e+04
1.599858570014452974e-01 1.486903132022311183e+04
1.757510458761641914e-01 1.315670607999124695e+04
1.930697544488981787e-01 1.222561331452637569e+04
2.120950683230800604e-01 1.100465006634426936e+04
2.329951583321586417e-01 9.929218900181545905e+03
2.559547670553742882e-01 9.005041329861418490e+03
2.811768418164965477e-01 8.250647320270423734e+03
3.088843286001189403e-01 7.499193319215459269e+03
3.393221427425128778e-01 6.929545018861388598e+03
3.727593338166072523e-01 6.344311639431323783e+03
4.094914638472018087e-01 5.859423809213336426e+03
4.498432198782237879e-01 5.472386307375139950e+03
4.941712839853393824e-01 5.116743451348385861e+03
5.428674861028858212e-01 4.773671040167245337e+03
5.963622675339625978e-01 4.473335551134343405e+03
6.551284857587630350e-01 4.218006655709392362e+03
7.196855941730535555e-01 3.991774965370980681e+03
7.906042337028588163e-01 3.775655331884078805e+03
8.685112768820903995e-01 3.578587763100651500e+03
9.540953689793428838e-01 3.402239204815443372e+03
1.048113015153642191e+00 0.000000000000000000e+00
