1.048113066601954503e-02 1.798819718547771918e+06
1.151395323963562076e-02 0.000000000000000000e+00
1.264855132798976302e-02 1.715601807174834888e+06
1.389495400641860279e-02 1.897248927141408902e+06
1.526417862678452857e-02 5.208057161836093874e+05
1.676832820337198493e-02 0.000000000000000000e+00
1.842069839530119726e-02 8.042975057839591755e+05
2.023589503111089191e-02 1.036486710090755252e+06
2.222996321434766651e-02 8.385942942605987191e+05
2.442052915136719640e-02 7.852764763794105966e+05
2.682695595500901239e-02 5.278538360539209098e+05
2.947051480134291537e-02 4.838856552988362964e+05
3.237457295239669353e-02 2.541089891083486145e+05
3.556480030685772731e-02 2.437980874297473929e+05
3.906939630451649464e-02 2.060460466613803874e+05
4.291933919013282694e-02 1.403217501871828572e+05
4.714865984004791566e-02 1.332806636619531782e+05
5.179474257198286163e-02 1.210169125985117716e+05
5.689865559697841746e-02 1.249174613304178929e+05
6.250551403444545850e-02 1.150373579787623021e+05
6.866487869913283359e-02 1.095224624258478725e+05
7.543119418501802176e-02 9.707017085430698353e+04
8.286427011848424007e-02 8.111166393717919709e+04
9.102980983473445142e-02 6.198649583001054998e+04
9.999999115058272325e-02 4.820906713897048030e+04
1.098541043672585787e-01 4.370882215906144120e+04
1.206792531427361148e-01 4.044130784695048351e+04
1.325711244288214907e-01 3.581266994262207299e+04
1.456348342787200378e-01 3.111061931624454519e+04
1.599858570014452974e-01 2.642987434118011151e+04
1.757510458761641914e-01 2.356482501620806579e+04
1.930697544488981787e-01 2.106024343643223983e+04
2.120950683230800604e-01 1.837219832670185133e+04
2.329951583321586417e-01 1.619701572050577852e+04
2.559547670553742882e-01 1.457950371112526227e+04
2.811768418164965477e-01 1.313411676331571653e+04
3.088843286001189403e-01 1.170949491446696629e+04
3.393221427425128778e-01 1.070150825148294643e+04
3.727593338166072523e-01 9.617160747120169617e+03
4.094914638472018087e-01 8.756149080632225377e+03
4.498432198782237879e-01 8.080475744109640800e+03
4.941712839853393824e-01 7.369152755018685639e+03
5.428674861028858212e-01 6.755295586782883220e+03
5.963622675339625978e-01 6.236048920307741355e+03
6.551284857587630350e-01 5.765270347101813968e+03
7.196855941730535555e-01 5.318088899366774058e+03
7.906042337028588163e-01 4.888121247921108989e+03
8.685112768820903995e-01 4.500085613081328120e+03
9.540953689793428838e-01 4.133160384183040151e+03
1.048113015153642191e+00 0.000000000000000000e+00
