1.048113066601954503e-02 8.358755086361529538e+04
1.151395323963562076e-02 0.000000000000000000e+00
1.264855132798976302e-02 1.318975467358308961e+05
1.389495400641860279e-02 1.186235279388062772e+05
1.526417862678452857e-02 1.554393010866295663e+05
1.676832820337198493e-02 0.000000000000000000e+00
1.842069839530119726e-02 1.098320245551202825e+05
2.023589503111089191e-02 9.828109540787353762e+04
2.222996321434766651e-02 8.526033717440252076e+04
2.442052915136719640e-02 7.237723353765718639e+04
2.682695595500901239e-02 1.073667564615857991e+05
2.947051480134291537e-02 1.009306527265689219e+05
3.237457295239669353e-02 7.724325096972963365e+04
3.556480030685772731e-02 7.374580184477673902e+04
3.906939630451649464e-02 5.841576325635000831e+04
4.291933919013282694e-02 5.016539065043421579e+04
4.714865984004791566e-02 4.672986811615222541e+04
5.179474257198286163e-02 4.050823149317917705e+04
5.689865559697841746e-02 3.638110292957838101e+04
6.250551403444545850e-02 3.473330662489665701e+04
6.866487869913283359e-02 3.255267599244401208e+04
7.543119418501802176e-02 2.785374359111398007e+04
8.286427011848424007e-02 2.549084111962475799e+04
9.102980983473445142e-02 2.283469235489536368e+04
9.999999115058272325e-02 1.861977512817231400e+04
1.098541043672585787e-01 1.576947429304420621e+04
1.206792531427361148e-01 1.342544026169969584e+04
1.325711244288214907e-01 1.227374362785380436e+04
1.456348342787200378e-01 1.114616728735552715e+04
1.599858570014452974e-01 9.672279561432029368e+03
1.757510458761641914e-01 8.148918116297241795e+03
1.930697544488981787e-01 7.276012430076053533e+03
2.120950683230800604e-01 6.364749720334630183e+03
2.329951583321586417e-01 5.635025141875319605e+03
2.559547670553742882e-01 4.961401635874946805e+03
2.811768418164965477e-01 4.370598589382622777e+03
3.088843286001189403e-01 3.933768304355506189e+03
3.393221427425128778e-01 3.525983917190321336e+03
3.727593338166072523e-01 3.153334158977695097e+03
4.094914638472018087e-01 2.856434904899612775e+03
4.498432198782237879e-01 2.578265548717116872e+03
4.941712839853393824e-01 2.344956089259646433e+03
5.428674861028858212e-01 2.142036753787295766e+03
5.963622675339625978e-01 1.960060340903207361e+03
6.551284857587630350e-01 1.802216809236430436e+03
7.196855941730535555e-01 1.664159865669187639e+03
7.906042337028588163e-01 1.533505213998430008e+03
8.685112768820903995e-01 1.418160742818330618e+03
9.540953689793428838e-01 1.312494292670303821e+03
1.048113015153642191e+00 0.000000000000000000e+00
