1.048113066601954503e-02 3.244321187762863701e+05
1.151395323963562076e-02 0.000000000000000000e+00
1.264855132798976302e-02 1.453713772329909843e+05
1.389495400641860279e-02 5.350691516019793926e+05
1.526417862678452857e-02 3.348129970236488734e+05
1.676832820337198493e-02 0.000000000000000000e+00
1.842069839530119726e-02 3.163732812173244311e+05
2.023589503111089191e-02 3.254360358085955377e+05
2.222996321434766651e-02 2.426009937563123822e+05
2.442052915136719640e-02 2.794491136169588426e+05
2.682695595500901239e-02 2.153108298044031253e+05
2.947051480134291537e-02 2.012602108965279767e+05
3.237457295239669353e-02 1.464182077368830214e+05
3.556480030685772731e-02 1.507443216241884802e+05
3.906939630451649464e-02 1.033083437210175907e+05
4.291933919013282694e-02 1.027855786851688317e+05
4.714865984004791566e-02 8.718642662985186325e+04
5.179474257198286163e-02 8.715785250225619529e+04
5.689865559697841746e-02 8.739923936583768227e+04
6.250551403444545850e-02 8.646274866520347132e+04
6.866487869913283359e-02 7.258836828074723599e+04
7.543119418501802176e-02 5.867184126794365147e+04
8.286427011848424007e-02 5.071868124095124222e+04
9.102980983473445142e-02 4.058080223428825411e+04
9.999999115058272325e-02 3.707486251366620854e+04
1.098541043672585787e-01 3.401411990205421171e+04
1.206792531427361148e-01 3.158135775937459402e+04
1.325711244288214907e-01 2.687063898772399989e+04
1.456348342787200378e-01 2.390714556365738099e+04
1.599858570014452974e-01 2.147883359057100461e+04
1.757510458761641914e-01 1.940367443646239917e+04
1.930697544488981787e-01 1.765224024293512048e+04
2.120950683230800604e-01 1.600242996556147591e+04
2.329951583321586417e-01 1.443271718957060511e+04
2.559547670553742882e-01 1.320243085782409617e+04
2.811768418164965477e-01 1.221565795641780824e+04
3.088843286001189403e-01 1.113651901122189156e+04
3.393221427425128778e-01 1.038466577166832030e+04
3.727593338166072523e-01 9.595805764401844499e+03
4.094914638472018087e-01 8.924723421760529163e+03
4.498432198782237879e-01 8.347739930633155382e+03
4.941712839853393824e-01 7.852114059531407293e+03
5.428674861028858212e-01 7.330430980429293413e+03
5.963622675339625978e-01 6.889445107737438775e+03
6.551284857587630350e-01 6.461547592551954949e+03
7.196855941730535555e-01 6.049758103537096758e+03
7.906042337028588163e-01 5.624010726860583418e+03
8.685112768820903995e-01 5.249551483849945726e+03
9.540953689793428838e-01 4.878658233368823858e+03
1.048113015153642191e+00 0.000000000000000000e+00
