1.048113066601954503e-02 1.456722980986317154e+06
1.151395323963562076e-02 0.000000000000000000e+00
1.264855132798976302e-02 3.031526262830867199e+05
1.389495400641860279e-02 1.052577605049375910e+06
1.526417862678452857e-02 1.068743775396989658e+06
1.676832820337198493e-02 0.000000000000000000e+00
1.842069839530119726e-02 7.400300830242292723e+05
2.023589503111089191e-02 6.141472241442811210e+05
2.222996321434766651e-02 6.706155857335834298e+05
2.442052915136719640e-02 5.794614813020913862e+05
2.682695595500901239e-02 4.900283076479156734e+05
2.947051480134291537e-02 3.330151831945706508e+05
3.237457295239669353e-02 1.812638834210913337e+05
3.556480030685772731e-02 1.643142521123090701e+05
3.906939630451649464e-02 1.223546706682522054e+05
4.291933919013282694e-02 9.658648654919822002e+04
4.714865984004791566e-02 8.466533385890604404e+04
5.179474257198286163e-02 1.040319914593305584e+05
5.689865559697841746e-02 9.641204028791420569e+04
6.250551403444545850e-02 1.064037515005266323e+05
6.866487869913283359e-02 9.391301059765841637e+04
7.543119418501802176e-02 7.855623000440352189e+04
8.286427011848424007e-02 6.115203722930878575e+04
9.102980983473445142e-02 4.500448142807004479e+04
9.999999115058272325e-02 3.853799793841152859e+04
1.098541043672585787e-01 3.591612736573915754e+04
1.206792531427361148e-01 3.327670891190133261e+04
1.325711244288214907e-01 2.956055768136090046e+04
1.456348342787200378e-01 2.628112997416125290e+04
1.599858570014452974e-01 2.226642609347228426e+04
1.757510458761641914e-01 2.013104378515552162e+04
1.930697544488981787e-01 1.807027890120113807e+04
2.120950683230800604e-01 1.611346646605224305e+04
2.329951583321586417e-01 1.462298634704654251e+04
2.559547670553742882e-01 1.312229361877504198e+04
2.811768418164965477e-01 1.205000211190831033e+04
3.088843286001189403e-01 1.087867804989222350e+04
3.393221427425128778e-01 9.916998130625896010e+03
3.727593338166072523e-01 9.138082727690853062e+03
4.094914638472018087e-01 8.411121734003527308e+03
4.498432198782237879e-01 7.799046036664309213e+03
4.941712839853393824e-01 7.229018140582198612e+03
5.428674861028858212e-01 6.696257362938749793e+03
5.963622675339625978e-01 6.248182169639279891e+03
6.551284857587630350e-01 5.803738244178200148e+03
7.196855941730535555e-01 5.387689612734961884e+03
7.906042337028588163e-01 4.999527278099008072e+03
8.685112768820903995e-01 4.596991499969310098e+03
9.540953689793428838e-01 4.225908285839963355e+03
1.048113015153642191e+00 0.000000000000000000e+00
