1.048113066601954503e-02 6.001586131672917691e+04
1.151395323963562076e-02 0.000000000000000000e+00
1.264855132798976302e-02 1.359213786653238640e+04
1.389495400641860279e-02 6.030989765021188941e+04
1.526417862678452857e-02 7.708588845765750739e+04
1.676832820337198493e-02 0.000000000000000000e+00
1.842069839530119726e-02 7.381685356085925014e+04
2.023589503111089191e-02 6.683725435939879389e+04
2.222996321434766651e-02 1.064280902317734726e+05
2.442052915136719640e-02 6.515855150906761992e+04
2.682695595500901239e-02 7.920976526628008287e+04
2.947051480134291537e-02 6.986834161735617090e+04
3.237457295239669353e-02 6.346369915564877010e+04
3.556480030685772731e-02 4.469524812924128491e+04
3.906939630451649464e-02 5.722598572786273144e+04
4.291933919013282694e-02 5.485303970313722675e+04
4.714865984004791566e-02 4.838300271593515936e+04
5.179474257198286163e-02 4.516873312206038099e+04
5.689865559697841746e-02 4.132426777070295793e+04
6.250551403444545850e-02 3.853096888401425531e+04
6.866487869913283359e-02 3.392568140543519985e+04
7.543119418501802176e-02 3.253668925799299177e+04
8.286427011848424007e-02 3.029178162787877227e+04
9.102980983473445142e-02 2.663680304651930783e+04
9.999999115058272325e-02 2.168109781133451179e+04
1.098541043672585787e-01 1.910866237803560216e+04
1.206792531427361148e-01 1.821053352208701108e+04
1.325711244288214907e-01 1.679060512359662243e+04
1.456348342787200378e-01 1.460889802925551703e+04
1.599858570014452974e-01 1.296956727126761325e+04
1.757510458761641914e-01 1.149257317727783447e+04
1.930697544488981787e-01 1.038255470264944233e+04
2.120950683230800604e-01 9.260833461714742953e+03
2.329951583321586417e-01 8.199335517824609269e+03
2.559547670553742882e-01 7.391496797884336047e+03
2.811768418164965477e-01 6.686161799509003686e+03
3.088843286001189403e-01 6.042591188748112472e+03
3.393221427425128778e-01 5.466539488754900049e+03
3.727593338166072523e-01 4.974910099344328955e+03
4.094914638472018087e-01 4.570663110081759442e+03
4.498432198782237879e-01 4.215160193163201257e+03
4.941712839853393824e-01 3.878476782017165533e+03
5.428674861028858212e-01 3.588595392989328957e+03
5.963622675339625978e-01 3.347367370721318366e+03
6.551284857587630350e-01 3.115048163855228267e+03
7.196855941730535555e-01 2.914869938111766714e+03
7.906042337028588163e-01 2.726215993150126451e+03
8.685112768820903995e-01 2.557643384550124210e+03
9.540953689793428838e-01 2.408105626689010023e+03
1.048113015153642191e+00 0.000000000000000000e+00
