1.048113066601954503e-02 2.193155540954788376e+04
1.151395323963562076e-02 0.000000000000000000e+00
1.264855132798976302e-02 2.547259715176586906e+04
1.389495400641860279e-02 3.766173149696452310e+04
1.526417862678452857e-02 2.157682957012744009e+04
1.676832820337198493e-02 0.000000000000000000e+00
1.842069839530119726e-02 3.207424970215663416e+04
2.023589503111089191e-02 3.419729891255358234e+04
2.222996321434766651e-02 3.328373244495582912e+04
2.442052915136719640e-02 3.534929951139257173e+04
2.682695595500901239e-02 2.764695902296699569e+04
2.947051480134291537e-02 2.944538799556703816e+04
3.237457295239669353e-02 4.128333672050123278e+04
3.556480030685772731e-02 2.721191823378443951e+04
3.906939630451649464e-02 3.178318220721221951e+04
4.291933919013282694e-02 2.950349617775738079e+04
4.714865984004791566e-02 2.604855800092274512e+04
5.179474257198286163e-02 2.497286463359369009e+04
5.689865559697841746e-02 2.640989613711398852e+04
6.250551403444545850e-02 2.120377057383276042e+04
6.866487869913283359e-02 2.088709253208695736e+04
7.543119418501802176e-02 2.058852919416852819e+04
8.286427011848424007e-02 1.955559457671630298e+04
9.102980983473445142e-02 1.846287319917127752e+04
9.999999115058272325e-02 1.618852243385428301e+04
1.098541043672585787e-01 1.395041652099309613e+04
1.206792531427361148e-01 1.304902069711004515e+04
1.325711244288214907e-01 1.207416016261750883e+04
1.456348342787200378e-01 1.126400181649288061e+04
1.599858570014452974e-01 1.020694166438953835e+04
1.757510458761641914e-01 9.160707039712440746e+03
1.930697544488981787e-01 8.288261619691276792e+03
2.120950683230800604e-01 7.610824995550506173e+03
2.329951583321586417e-01 6.887626626723015761e+03
2.559547670553742882e-01 6.381279171213905101e+03
2.811768418164965477e-01 5.880750851085818795e+03
3.088843286001189403e-01 5.441810533567010680e+03
3.393221427425128778e-01 5.088995951793081076e+03
3.727593338166072523e-01 4.694991907581103078e+03
4.094914638472018087e-01 4.398967094871702102e+03
4.498432198782237879e-01 4.118847397438884400e+03
4.941712839853393824e-01 3.875661936762457572e+03
5.428674861028858212e-01 3.668886898906644547e+03
5.963622675339625978e-01 3.472700855626421799e+03
6.551284857587630350e-01 3.286476795115273944e+03
7.196855941730535555e-01 3.112573265343851290e+03
7.906042337028588163e-01 2.946016093232055027e+03
8.685112768820903995e-01 2.788190482373032864e+03
9.540953689793428838e-01 2.639671149566262102e+03
1.048113015153642191e+00 0.000000000000000000e+00
