1.048113066601954503e-02 4.203471946092402504e+04
1.151395323963562076e-02 0.000000000000000000e+00
1.264855132798976302e-02 1.261399687497252889e+05
1.389495400641860279e-02 4.559302357886839309e+04
1.526417862678452857e-02 9.831018868577822286e+04
1.676832820337198493e-02 0.000000000000000000e+00
1.842069839530119726e-02 9.048544528360018739e+04
2.023589503111089191e-02 9.664951718939225248e+04
2.222996321434766651e-02 8.137180257320929377e+04
2.442052915136719640e-02 1.314077781582882744e+05
2.682695595500901239e-02 9.156284787744660571e+04
2.947051480134291537e-02 7.351246124970406527e+04
3.237457295239669353e-02 5.860492219212092459e+04
3.556480030685772731e-02 7.410323697751951113e+04
3.906939630451649464e-02 7.905339240547950612e+04
4.291933919013282694e-02 5.861276687015674543e+04
4.714865984004791566e-02 5.281453864096496545e+04
5.179474257198286163e-02 5.365173935462716327e+04
5.689865559697841746e-02 5.109878498794433108e+04
6.250551403444545850e-02 4.776865364970474184e+04
6.866487869913283359e-02 4.533710414537794713e+04
7.543119418501802176e-02 4.080653215309114603e+04
8.286427011848424007e-02 3.747285040374579694e+04
9.102980983473445142e-02 3.458029874276407645e+04
9.999999115058272325e-02 2.972891711061503156e+04
1.098541043672585787e-01 2.569442716449175714e+04
1.206792531427361148e-01 2.277722084786787309e+04
1.325711244288214907e-01 2.071078981495294647e+04
1.456348342787200378e-01 1.964021797589144262e+04
1.599858570014452974e-01 1.751215636311112758e+04
1.757510458761641914e-01 1.511105092717035404e+04
1.930697544488981787e-01 1.395691701125791951e+04
2.120950683230800604e-01 1.279139196117408756e+04
2.329951583321586417e-01 1.163894798205988445e+04
2.559547670553742882e-01 1.060381775145925712e+04
2.811768418164965477e-01 9.651245104307479778e+03
3.088843286001189403e-01 8.906994658397698004e+03
3.393221427425128778e-01 8.196872935763363785e+03
3.727593338166072523e-01 7.546224716923852611e+03
4.094914638472018087e-01 7.070175461372611608e+03
4.498432198782237879e-01 6.570215030479752386e+03
4.941712839853393824e-01 6.177174044916348066e+03
5.428674861028858212e-01 5.816286085537813051e+03
5.963622675339625978e-01 5.461675219747105075e+03
6.551284857587630350e-01 5.179763405301466264e+03
7.196855941730535555e-01 4.904812268323731587e+03
7.906042337028588163e-01 4.634843412223448468e+03
8.685112768820903995e-01 4.407957991049275734e+03
9.540953689793428838e-01 4.181267028161737471e+03
1.048113015153642191e+00 0.000000000000000000e+00
