1.048113066601954503e-02 1.056508692928683886e+05
1.151395323963562076e-02 0.000000000000000000e+00
1.264855132798976302e-02 6.582201096664326906e+04
1.389495400641860279e-02 1.338211878572842688e+05
1.526417862678452857e-02 1.402168686055110302e+05
1.676832820337198493e-02 0.000000000000000000e+00
1.842069839530119726e-02 1.601443396870162978e+05
2.023589503111089191e-02 1.315742158099432127e+05
2.222996321434766651e-02 8.685809019252572034e+04
2.442052915136719640e-02 1.267301198824305902e+05
2.682695595500901239e-02 1.455069122683058667e+05
2.947051480134291537e-02 1.625574428290801879e+05
3.237457295239669353e-02 1.299033694141335145e+05
3.556480030685772731e-02 1.166637424074694427e+05
3.906939630451649464e-02 9.743820894045475870e+04
4.291933919013282694e-02 1.027114715751975600e+05
4.714865984004791566e-02 8.702051553633800359e+04
5.179474257198286163e-02 8.221214935133373365e+04
5.689865559697841746e-02 8.642159332394439843e+04
6.250551403444545850e-02 7.801755759966527694e+04
6.866487869913283359e-02 7.701851544561827905e+04
7.543119418501802176e-02 6.411374009887743159e+04
8.286427011848424007e-02 6.006037983228119265e+04
9.102980983473445142e-02 5.441634866627478914e+04
9.999999115058272325e-02 4.465922837339428224e+04
1.098541043672585787e-01 4.075625087348199304e+04
1.206792531427361148e-01 3.897540131215865404e+04
1.325711244288214907e-01 3.615509923890286882e+04
1.456348342787200378e-01 3.161684007668518097e+04
1.599858570014452974e-01 2.789582891478497186e+04
1.757510458761641914e-01 2.577165679156408441e+04
1.930697544488981787e-01 2.394600593362548898e+04
2.120950683230800604e-01 2.173668559842263494e+04
2.329951583321586417e-01 1.988033032911270857e+04
2.559547670553742882e-01 1.846851180740524433e+04
2.811768418164965477e-01 1.714988882292757626e+04
3.088843286001189403e-01 1.591593053710918321e+04
3.393221427425128778e-01 1.476372201905689144e+04
3.727593338166072523e-01 1.381242141318372887e+04
4.094914638472018087e-01 1.304041671053619939e+04
4.498432198782237879e-01 1.231447185729420744e+04
4.941712839853393824e-01 1.164798932373043499e+04
5.428674861028858212e-01 1.107918752121397483e+04
5.963622675339625978e-01 1.049482025492010871e+04
6.551284857587630350e-01 9.995077190478485136e+03
7.196855941730535555e-01 9.527027962170128376e+03
7.906042337028588163e-01 9.057261177899170434e+03
8.685112768820903995e-01 8.590073992731853650e+03
9.540953689793428838e-01 8.161931002230951890e+03
1.048113015153642191e+00 0.000000000000000000e+00
