1.048113066601954503e-02 4.066910160378982255e+04
1.151395323963562076e-02 0.000000000000000000e+00
1.264855132798976302e-02 3.644799564273210126e+04
1.389495400641860279e-02 5.272430352448783378e+04
1.526417862678452857e-02 3.302443321654810279e+04
1.676832820337198493e-02 0.000000000000000000e+00
1.842069839530119726e-02 4.294081024583294493e+04
2.023589503111089191e-02 4.982324786021900945e+04
2.222996321434766651e-02 3.427606114976244862e+04
2.442052915136719640e-02 3.330417046320111695e+04
2.682695595500901239e-02 4.106789325053578068e+04
2.947051480134291537e-02 5.478481314507906791e+04
3.237457295239669353e-02 4.268118858921059291e+04
3.556480030685772731e-02 3.908874562503822381e+04
3.906939630451649464e-02 4.396513117839165352e+04
4.291933919013282694e-02 4.187558259402269323e+04
4.714865984004791566e-02 3.783259798842459713e+04
5.179474257198286163e-02 3.501786602370867331e+04
5.689865559697841746e-02 3.539135249028074031e+04
6.250551403444545850e-02 3.451107949172651570e+04
6.866487869913283359e-02 3.290312676657633710e+04
7.543119418501802176e-02 3.243649343365998357e+04
8.286427011848424007e-02 2.992885954223673616e+04
9.102980983473445142e-02 2.671829907055525837e+04
9.999999115058272325e-02 2.411451854965726307e+04
1.098541043672585787e-01 2.191994053591579723e+04
1.206792531427361148e-01 2.115526743557600275e+04
1.325711244288214907e-01 1.957273243424655084e+04
1.456348342787200378e-01 1.802142216886088136e+04
1.599858570014452974e-01 1.608492422198656641e+04
1.757510458761641914e-01 1.461849026445791606e+04
1.930697544488981787e-01 1.359329047752804036e+04
2.120950683230800604e-01 1.252249170828060596e+04
2.329951583321586417e-01 1.131884844328923464e+04
2.559547670553742882e-01 1.056360282284678033e+04
2.811768418164965477e-01 9.737403563071156896e+03
3.088843286001189403e-01 9.134121986720916539e+03
3.393221427425128778e-01 8.485047539307424813e+03
3.727593338166072523e-01 7.924326184980245671e+03
4.094914638472018087e-01 7.457849501374588726e+03
4.498432198782237879e-01 7.053846638577644626e+03
4.941712839853393824e-01 6.647072528044497631e+03
5.428674861028858212e-01 6.330624030710841907e+03
5.963622675339625978e-01 6.033935475269387098e+03
6.551284857587630350e-01 5.749830737304804643e+03
7.196855941730535555e-01 5.483447309995828618e+03
7.906042337028588163e-01 5.232125507173866936e+03
8.685112768820903995e-01 4.990637813146133340e+03
9.540953689793428838e-01 4.766898603047623510e+03
1.048113015153642191e+00 0.000000000000000000e+00
