1.048113066601954503e-02 8.845893467453592166e+04
1.151395323963562076e-02 0.000000000000000000e+00
1.264855132798976302e-02 2.386806277235781017e+05
1.389495400641860279e-02 2.423367370438793150e+05
1.526417862678452857e-02 1.295884469525289023e+05
1.676832820337198493e-02 0.000000000000000000e+00
1.842069839530119726e-02 1.619062493260816264e+05
2.023589503111089191e-02 1.076712646734980226e+05
2.222996321434766651e-02 1.295435798720709281e+05
2.442052915136719640e-02 1.047439111505625915e+05
2.682695595500901239e-02 9.549250319708003371e+04
2.947051480134291537e-02 1.166502831051722605e+05
3.237457295239669353e-02 6.439259671012594481e+04
3.556480030685772731e-02 5.651033071032281441e+04
3.906939630451649464e-02 5.401580823628445796e+04
4.291933919013282694e-02 5.130891146301886329e+04
4.714865984004791566e-02 5.179302299028160633e+04
5.179474257198286163e-02 4.032510344203480054e+04
5.689865559697841746e-02 4.331694622378455824e+04
6.250551403444545850e-02 4.318428733557032683e+04
6.866487869913283359e-02 3.839374810866566258e+04
7.543119418501802176e-02 3.075225377617259073e+04
8.286427011848424007e-02 2.305574779310899612e+04
9.102980983473445142e-02 2.008131022242684776e+04
9.999999115058272325e-02 1.805923948397243657e+04
1.098541043672585787e-01 1.755290846180453809e+04
1.206792531427361148e-01 1.587949661366979853e+04
1.325711244288214907e-01 1.306299930552192745e+04
1.456348342787200378e-01 1.131513830027876065e+04
1.599858570014452974e-01 1.033327943695369868e+04
1.757510458761641914e-01 9.327022552719492523e+03
1.930697544488981787e-01 8.131400967629620936e+03
2.120950683230800604e-01 7.314323902299910515e+03
2.329951583321586417e-01 6.552213110122793296e+03
2.559547670553742882e-01 5.938316794248577025e+03
2.811768418164965477e-01 5.336318502841670124e+03
3.088843286001189403e-01 4.835691466613738157e+03
3.393221427425128778e-01 4.484889848387680104e+03
3.727593338166072523e-01 4.071004835136527163e+03
4.094914638472018087e-01 3.748327325894767000e+03
4.498432198782237879e-01 3.470401463260148375e+03
4.941712839853393824e-01 3.224984661285406219e+03
5.428674861028858212e-01 2.994486508333176062e+03
5.963622675339625978e-01 2.785692416463188692e+03
6.551284857587630350e-01 2.602879289544916901e+03
7.196855941730535555e-01 2.429287075208305396e+03
7.906042337028588163e-01 2.270422274585825107e+03
8.685112768820903995e-01 2.123078929154865818e+03
9.540953689793428838e-01 1.988326991482006861e+03
1.048113015153642191e+00 0.000000000000000000e+00
