1.048113066601954503e-02 9.098660234897692862e+04
1.151395323963562076e-02 0.000000000000000000e+00
1.264855132798976302e-02 3.952197735718592303e+05
1.389495400641860279e-02 1.973234820810726960e+05
1.526417862678452857e-02 6.870551912649149017e+04
1.676832820337198493e-02 0.000000000000000000e+00
1.842069839530119726e-02 1.146454612431450223e+05
2.023589503111089191e-02 1.262897513685139420e+05
2.222996321434766651e-02 1.698686985934257391e+05
2.442052915136719640e-02 1.738571908540510922e+05
2.682695595500901239e-02 1.146797062636365590e+05
2.947051480134291537e-02 1.005479415989716072e+05
3.237457295239669353e-02 7.894019990727596451e+04
3.556480030685772731e-02 5.843442007667666621e+04
3.906939630451649464e-02 5.649101702481405664e+04
4.291933919013282694e-02 5.146725519212338259e+04
4.714865984004791566e-02 5.382046192489353416e+04
5.179474257198286163e-02 5.169829845360543550e+04
5.689865559697841746e-02 4.937010825415891304e+04
6.250551403444545850e-02 4.901838495144095941e+04
6.866487869913283359e-02 4.337534674884313426e+04
7.543119418501802176e-02 3.287272389015372755e+04
8.286427011848424007e-02 2.568412550647986063e+04
9.102980983473445142e-02 2.142399790471465531e+04
9.999999115058272325e-02 1.848204197272606325e+04
1.098541043672585787e-01 1.767258327029099019e+04
1.206792531427361148e-01 1.672928281787545347e+04
1.325711244288214907e-01 1.396926180013823250e+04
1.456348342787200378e-01 1.137884710906902183e+04
1.599858570014452974e-01 1.025097881359483290e+04
1.757510458761641914e-01 9.297544591771324122e+03
1.930697544488981787e-01 8.016362824020599874e+03
2.120950683230800604e-01 6.968188262619160014e+03
2.329951583321586417e-01 6.249976997433200268e+03
2.559547670553742882e-01 5.469494244395247733e+03
2.811768418164965477e-01 4.896778112189986132e+03
3.088843286001189403e-01 4.343082780567278860e+03
3.393221427425128778e-01 3.903137569327488563e+03
3.727593338166072523e-01 3.505634655729296355e+03
4.094914638472018087e-01 3.162716522106620687e+03
4.498432198782237879e-01 2.874440934823717271e+03
4.941712839853393824e-01 2.598465829817470876e+03
5.428674861028858212e-01 2.386896162501552681e+03
5.963622675339625978e-01 2.197992705906155606e+03
6.551284857587630350e-01 2.024409088069492554e+03
7.196855941730535555e-01 1.874431648740247738e+03
7.906042337028588163e-01 1.742505545085635731e+03
8.685112768820903995e-01 1.625433449203737382e+03
9.540953689793428838e-01 1.513078290348695191e+03
1.048113015153642191e+00 0.000000000000000000e+00
