1.048113066601954503e-02 3.772473853592331870e+05
1.151395323963562076e-02 0.000000000000000000e+00
1.264855132798976302e-02 2.940162145729794865e+05
1.389495400641860279e-02 3.664872078561894014e+05
1.526417862678452857e-02 2.871291155996129964e+05
1.676832820337198493e-02 0.000000000000000000e+00
1.842069839530119726e-02 2.746995364618466701e+05
2.023589503111089191e-02 2.122836934010649566e+05
2.222996321434766651e-02 2.826862693976264563e+05
2.442052915136719640e-02 2.292531995131410367e+05
2.682695595500901239e-02 1.931996499771340168e+05
2.947051480134291537e-02 1.855504003910654574e+05
3.237457295239669353e-02 1.971369822501516028e+05
3.556480030685772731e-02 1.444120088289342821e+05
3.906939630451649464e-02 1.060595624100802670e+05
4.291933919013282694e-02 1.033312576735578041e+05
4.714865984004791566e-02 9.018975246052497823e+04
5.179474257198286163e-02 8.697027134650769585e+04
5.689865559697841746e-02 6.987335457288102771e+04
6.250551403444545850e-02 7.751118615924142068e+04
6.866487869913283359e-02 6.897798589831920981e+04
7.543119418501802176e-02 6.544310048332775477e+04
8.286427011848424007e-02 5.405921304705382499e+04
9.102980983473445142e-02 4.709363188978937978e+04
9.999999115058272325e-02 3.839820366688704235e+04
1.098541043672585787e-01 3.232163251866552309e+04
1.206792531427361148e-01 3.036988812805450289e+04
1.325711244288214907e-01 2.770154703844160758e+04
1.456348342787200378e-01 2.481011799096383766e+04
1.599858570014452974e-01 2.135294256369980576e+04
1.757510458761641914e-01 1.905587403653814545e+04
1.930697544488981787e-01 1.713610411010003008e+04
2.120950683230800604e-01 1.570989129523807787e+04
2.329951583321586417e-01 1.407645950509980321e+04
2.559547670553742882e-01 1.284049979061962949e+04
2.811768418164965477e-01 1.165254429781414365e+04
3.088843286001189403e-01 1.065175746682038516e+04
3.393221427425128778e-01 9.798705085805160707e+03
3.727593338166072523e-01 8.981775027261061041e+03
4.094914638472018087e-01 8.389065615073854133e+03
4.498432198782237879e-01 7.777163585607191635e+03
4.941712839853393824e-01 7.247901508353688769e+03
5.428674861028858212e-01 6.774597270578951793e+03
5.963622675339625978e-01 6.308619972960499581e+03
6.551284857587630350e-01 5.938100658966439369e+03
7.196855941730535555e-01 5.539372511611672962e+03
7.906042337028588163e-01 5.174503555463294106e+03
8.685112768820903995e-01 4.827079719308375388e+03
9.540953689793428838e-01 4.494049743783296435e+03
1.048113015153642191e+00 0.000000000000000000e+00
