1.048113066601954503e-02 1.452977241782772762e+05
1.151395323963562076e-02 0.000000000000000000e+00
1.264855132798976302e-02 1.330767376685661729e+05
1.389495400641860279e-02 1.390443304657599656e+05
1.526417862678452857e-02 2.706804155730880448e+05
1.676832820337198493e-02 0.000000000000000000e+00
1.842069839530119726e-02 1.801536565586510696e+05
2.023589503111089191e-02 1.591663637700455147e+05
2.222996321434766651e-02 2.052539473596857861e+05
2.442052915136719640e-02 2.792988083105713595e+05
2.682695595500901239e-02 1.864349497944169561e+05
2.947051480134291537e-02 1.604583047876007622e+05
3.237457295239669353e-02 1.271702423709259310e+05
3.556480030685772731e-02 1.266709861681213079e+05
3.906939630451649464e-02 1.302740239691900788e+05
4.291933919013282694e-02 1.311527837124894722e+05
4.714865984004791566e-02 1.062812591989714856e+05
5.179474257198286163e-02 9.752006698179371597e+04
5.689865559697841746e-02 8.771079349130208720e+04
6.250551403444545850e-02 8.879081198632893211e+04
6.866487869913283359e-02 7.675228018627074198e+04
7.543119418501802176e-02 7.674959940259048017e+04
8.286427011848424007e-02 6.367426094789886702e+04
9.102980983473445142e-02 5.565759188645009999e+04
9.999999115058272325e-02 4.976192709476179880e+04
1.098541043672585787e-01 4.404336413195971545e+04
1.206792531427361148e-01 4.033584269107028376e+04
1.325711244288214907e-01 3.617073490231049072e+04
1.456348342787200378e-01 3.272394740365675534e+04
1.599858570014452974e-01 2.981919080865030264e+04
1.757510458761641914e-01 2.686399047837092075e+04
1.930697544488981787e-01 2.459525387685214810e+04
2.120950683230800604e-01 2.240170805818101871e+04
2.329951583321586417e-01 2.019936487439882694e+04
2.559547670553742882e-01 1.892183764821726436e+04
2.811768418164965477e-01 1.726975142580630927e+04
3.088843286001189403e-01 1.600410823769950366e+04
3.393221427425128778e-01 1.499301455606357740e+04
3.727593338166072523e-01 1.392766197513320367e+04
4.094914638472018087e-01 1.309980933751056182e+04
4.498432198782237879e-01 1.240737865908951426e+04
4.941712839853393824e-01 1.166968532828056777e+04
5.428674861028858212e-01 1.102478265798515349e+04
5.963622675339625978e-01 1.044422295245097666e+04
6.551284857587630350e-01 9.846949294673930126e+03
7.196855941730535555e-01 9.326669030007866240e+03
7.906042337028588163e-01 8.825470317099199747e+03
8.685112768820903995e-01 8.288640334649164288e+03
9.540953689793428838e-01 7.803177408933644983e+03
1.048113015153642191e+00 0.000000000000000000e+00
