1.048113066601954503e-02 2.291953016307584403e+04
1.151395323963562076e-02 0.000000000000000000e+00
1.264855132798976302e-02 1.348212547842546701e+04
1.389495400641860279e-02 1.110148706311212482e+04
1.526417862678452857e-02 2.529067990210522476e+04
1.676832820337198493e-02 0.000000000000000000e+00
1.842069839530119726e-02 1.333626471843263243e+04
2.023589503111089191e-02 2.652137187545760025e+04
2.222996321434766651e-02 1.756841219558857483e+04
2.442052915136719640e-02 2.022427581521929824e+04
2.682695595500901239e-02 2.045362868343387527e+04
2.947051480134291537e-02 2.042537990557778903e+04
3.237457295239669353e-02 2.228882687457460270e+04
3.556480030685772731e-02 2.254911672599457961e+04
3.906939630451649464e-02 2.213666821916454137e+04
4.291933919013282694e-02 2.135175384348323860e+04
4.714865984004791566e-02 1.798550968109378664e+04
5.179474257198286163e-02 1.856958579402012401e+04
5.689865559697841746e-02 1.636221272751208562e+04
6.250551403444545850e-02 1.632341418786715622e+04
6.866487869913283359e-02 1.707719976397054779e+04
7.543119418501802176e-02 1.554436006594145874e+04
8.286427011848424007e-02 1.476818485091411458e+04
9.102980983473445142e-02 1.417874923289273465e+04
9.999999115058272325e-02 1.270600690744066560e+04
1.098541043672585787e-01 1.134354200153683632e+04
1.206792531427361148e-01 1.071934933981897302e+04
1.325711244288214907e-01 9.866205379475348309e+03
1.456348342787200378e-01 9.051371597745226609e+03
1.599858570014452974e-01 8.015258370903662581e+03
1.757510458761641914e-01 7.230072006670234259e+03
1.930697544488981787e-01 6.825325293531337593e+03
2.120950683230800604e-01 6.160288156720703228e+03
2.329951583321586417e-01 5.666787707811132350e+03
2.559547670553742882e-01 5.185932204856119824e+03
2.811768418164965477e-01 4.761682403597030316e+03
3.088843286001189403e-01 4.415565775993398347e+03
3.393221427425128778e-01 4.111853822173051412e+03
3.727593338166072523e-01 3.800916687907990308e+03
4.094914638472018087e-01 3.560196931295747163e+03
4.498432198782237879e-01 3.331331425358617707e+03
4.941712839853393824e-01 3.129479711525883431e+03
5.428674861028858212e-01 2.943993541404524876e+03
5.963622675339625978e-01 2.776856715339584753e+03
6.551284857587630350e-01 2.633062482993725098e+03
7.196855941730535555e-01 2.490527168978780537e+03
7.906042337028588163e-01 2.360101692647725031e+03
8.685112768820903995e-01 2.232736481516513777e+03
9.540953689793428838e-01 2.111793852971534307e+03
1.048113015153642191e+00 0.000000000000000000e+00
