1.048113066601954503e-02 1.786285734431945602e+05
1.151395323963562076e-02 0.000000000000000000e+00
1.264855132798976302e-02 2.189798713032422529e+05
1.389495400641860279e-02 1.246089659756783803e+05
1.526417862678452857e-02 8.644301782553386874e+04
1.676832820337198493e-02 0.000000000000000000e+00
1.842069839530119726e-02 1.103723489274988533e+05
2.023589503111089191e-02 1.705270357309577521e+05
2.222996321434766651e-02 1.018363799510037934e+05
2.442052915136719640e-02 1.221847412306369806e+05
2.682695595500901239e-02 1.067201643348597136e+05
2.947051480134291537e-02 9.626432610480813310e+04
3.237457295239669353e-02 9.903148313404363580e+04
3.556480030685772731e-02 9.179488248652574839e+04
3.906939630451649464e-02 7.566696102422777039e+04
4.291933919013282694e-02 6.679604038989303808e+04
4.714865984004791566e-02 6.017268963426544360e+04
5.179474257198286163e-02 6.225059140341312741e+04
5.689865559697841746e-02 5.696796585956239142e+04
6.250551403444545850e-02 5.407181975126773614e+04
6.866487869913283359e-02 4.525421506140271231e+04
7.543119418501802176e-02 3.984978613181143010e+04
8.286427011848424007e-02 3.265866381274819651e+04
9.102980983473445142e-02 2.893097875737205686e+04
9.999999115058272325e-02 2.588615428984872415e+04
1.098541043672585787e-01 2.420607634671951382e+04
1.206792531427361148e-01 2.162304286293948098e+04
1.325711244288214907e-01 1.837654793398192851e+04
1.456348342787200378e-01 1.640229800639079622e+04
1.599858570014452974e-01 1.441197004144222592e+04
1.757510458761641914e-01 1.266334936341345019e+04
1.930697544488981787e-01 1.124723104495427106e+04
2.120950683230800604e-01 1.027132816371760418e+04
2.329951583321586417e-01 9.085906166825156106e+03
2.559547670553742882e-01 8.166153275436858166e+03
2.811768418164965477e-01 7.374150760782018551e+03
3.088843286001189403e-01 6.701857059868880242e+03
3.393221427425128778e-01 6.111528638926418353e+03
3.727593338166072523e-01 5.578180425498281693e+03
4.094914638472018087e-01 5.117665138990201740e+03
4.498432198782237879e-01 4.723406694032068117e+03
4.941712839853393824e-01 4.385068117757244181e+03
5.428674861028858212e-01 4.070938399720885627e+03
5.963622675339625978e-01 3.799219910447171060e+03
6.551284857587630350e-01 3.547133779634581060e+03
7.196855941730535555e-01 3.316311755532930420e+03
7.906042337028588163e-01 3.109288676492910781e+03
8.685112768820903995e-01 2.915222513764498672e+03
9.540953689793428838e-01 2.737905868520566401e+03
1.048113015153642191e+00 0.000000000000000000e+00
