1.048113066601954503e-02 4.139071685232396703e+04
1.151395323963562076e-02 0.000000000000000000e+00
1.264855132798976302e-02 3.435692224764866114e+04
1.389495400641860279e-02 2.972012570095133560e+04
1.526417862678452857e-02 3.484213217753185745e+04
1.676832820337198493e-02 0.000000000000000000e+00
1.842069839530119726e-02 3.940123263291899639e+04
2.023589503111089191e-02 3.506304229440305789e+04
2.222996321434766651e-02 4.024305109966149757e+04
2.442052915136719640e-02 5.716797782215291954e+04
2.682695595500901239e-02 4.252873215417938627e+04
2.947051480134291537e-02 3.593111522683614749e+04
3.237457295239669353e-02 4.983699618426920642e+04
3.556480030685772731e-02 3.940462110350098374e+04
3.906939630451649464e-02 4.525252401200610620e+04
4.291933919013282694e-02 4.471294057874815189e+04
4.714865984004791566e-02 3.680729401970794424e+04
5.179474257198286163e-02 3.380089161931396666e+04
5.689865559697841746e-02 3.492457244592150528e+04
6.250551403444545850e-02 3.523854069850976521e+04
6.866487869913283359e-02 3.579756222774788330e+04
7.543119418501802176e-02 3.341127199171260145e+04
8.286427011848424007e-02 2.995104511578354868e+04
9.102980983473445142e-02 2.845867481317765123e+04
9.999999115058272325e-02 2.641928747729086899e+04
1.098541043672585787e-01 2.282764511834278528e+04
1.206792531427361148e-01 2.150671508907036696e+04
1.325711244288214907e-01 2.001146904425982211e+04
1.456348342787200378e-01 1.881784615364841738e+04
1.599858570014452974e-01 1.718916383891318401e+04
1.757510458761641914e-01 1.507776898394177624e+04
1.930697544488981787e-01 1.410218811806745362e+04
2.120950683230800604e-01 1.302192143561887860e+04
2.329951583321586417e-01 1.188499641517229247e+04
2.559547670553742882e-01 1.086887165347378686e+04
2.811768418164965477e-01 1.005708075683383322e+04
3.088843286001189403e-01 9.382040785431816403e+03
3.393221427425128778e-01 8.680053318219965149e+03
3.727593338166072523e-01 8.091657737233595981e+03
4.094914638472018087e-01 7.604318254633659308e+03
4.498432198782237879e-01 7.162885919397269390e+03
4.941712839853393824e-01 6.790063986397228291e+03
5.428674861028858212e-01 6.437526771414730320e+03
5.963622675339625978e-01 6.099259551334000207e+03
6.551284857587630350e-01 5.827746989365596164e+03
7.196855941730535555e-01 5.556927046489498935e+03
7.906042337028588163e-01 5.318050762561710144e+03
8.685112768820903995e-01 5.095162670257248465e+03
9.540953689793428838e-01 4.881090310695577500e+03
1.048113015153642191e+00 0.000000000000000000e+00
