1.048113066601954503e-02 1.780596298357416643e+06
1.151395323963562076e-02 0.000000000000000000e+00
1.264855132798976302e-02 2.134416560590319335e+06
1.389495400641860279e-02 1.795015188278969377e+06
1.526417862678452857e-02 9.836392788599662017e+05
1.676832820337198493e-02 0.000000000000000000e+00
1.842069839530119726e-02 1.144027756117338315e+06
2.023589503111089191e-02 1.282833434973883908e+06
2.222996321434766651e-02 1.017749464155889815e+06
2.442052915136719640e-02 5.644917872500078520e+05
2.682695595500901239e-02 6.916422441265281523e+05
2.947051480134291537e-02 6.267277340885956073e+05
3.237457295239669353e-02 4.061427440567562589e+05
3.556480030685772731e-02 3.735787134028747678e+05
3.906939630451649464e-02 2.446843352836880076e+05
4.291933919013282694e-02 2.648348084598687710e+05
4.714865984004791566e-02 2.177253211555351736e+05
5.179474257198286163e-02 2.130902300437325030e+05
5.689865559697841746e-02 2.215404123777635687e+05
6.250551403444545850e-02 2.022192097427905537e+05
6.866487869913283359e-02 1.861157678278491367e+05
7.543119418501802176e-02 1.538224754611795361e+05
8.286427011848424007e-02 1.256772480590972118e+05
9.102980983473445142e-02 1.011540953426857304e+05
9.999999115058272325e-02 8.666062221078673610e+04
1.098541043672585787e-01 8.524077838165361027e+04
1.206792531427361148e-01 7.569857266634007101e+04
1.325711244288214907e-01 6.594240410424664151e+04
1.456348342787200378e-01 5.870810790096999699e+04
1.599858570014452974e-01 5.316307702607182000e+04
1.757510458761641914e-01 4.814604876364290976e+04
1.930697544488981787e-01 4.290415091457065137e+04
2.120950683230800604e-01 3.929570201659364102e+04
2.329951583321586417e-01 3.560130681992662721e+04
2.559547670553742882e-01 3.249197757011276917e+04
2.811768418164965477e-01 3.014081250050284871e+04
3.088843286001189403e-01 2.779623991931685305e+04
3.393221427425128778e-01 2.576638083493490558e+04
3.727593338166072523e-01 2.390374258211329652e+04
4.094914638472018087e-01 2.209669219482513654e+04
4.498432198782237879e-01 2.075959176465952623e+04
4.941712839853393824e-01 1.929320905352862610e+04
5.428674861028858212e-01 1.808935270992328151e+04
5.963622675339625978e-01 1.686839614917435392e+04
6.551284857587630350e-01 1.571837019475476882e+04
7.196855941730535555e-01 1.464240498639208454e+04
7.906042337028588163e-01 1.351028334184125197e+04
8.685112768820903995e-01 1.246930421107483926e+04
9.540953689793428838e-01 1.146607081907426982e+04
1.048113015153642191e+00 0.000000000000000000e+00
