1.048113066601954503e-02 4.346025672149836464e+04
1.151395323963562076e-02 0.000000000000000000e+00
1.264855132798976302e-02 4.446300332022770453e+04
1.389495400641860279e-02 3.779947200600371434e+04
1.526417862678452857e-02 5.054853717000608594e+04
1.676832820337198493e-02 0.000000000000000000e+00
1.842069839530119726e-02 5.077438842889513035e+04
2.023589503111089191e-02 8.584089395724188944e+04
2.222996321434766651e-02 4.690168245392705285e+04
2.442052915136719640e-02 4.280849549506516632e+04
2.682695595500901239e-02 5.732239869061549689e+04
2.947051480134291537e-02 5.398771910404733353e+04
3.237457295239669353e-02 5.733148362808700767e+04
3.556480030685772731e-02 3.625987662494141841e+04
3.906939630451649464e-02 4.907177470720335987e+04
4.291933919013282694e-02 3.968817817848598497e+04
4.714865984004791566e-02 3.892439617832849035e+04
5.179474257198286163e-02 3.877819285059979302e+04
5.689865559697841746e-02 3.521693127496641682e+04
6.250551403444545850e-02 3.252003083074926326e+04
6.866487869913283359e-02 3.299307206269464223e+04
7.543119418501802176e-02 2.913579892226486481e+04
8.286427011848424007e-02 2.555054807014048129e+04
9.102980983473445142e-02 2.351050785990303120e+04
9.999999115058272325e-02 2.036129497078414715e+04
1.098541043672585787e-01 1.859690136958997027e+04
1.206792531427361148e-01 1.744833911394788447e+04
1.325711244288214907e-01 1.575626112639145867e+04
1.456348342787200378e-01 1.378608473197465719e+04
1.599858570014452974e-01 1.272234102657895346e+04
1.757510458761641914e-01 1.124595884925455721e+04
1.930697544488981787e-01 1.065533526933385474e+04
2.120950683230800604e-01 9.433118065941218447e+03
2.329951583321586417e-01 8.565015752716026327e+03
2.559547670553742882e-01 7.824907604908704343e+03
2.811768418164965477e-01 7.145742048712174437e+03
3.088843286001189403e-01 6.564416269858036685e+03
3.393221427425128778e-01 6.094152133540559589e+03
3.727593338166072523e-01 5.611422535548832457e+03
4.094914638472018087e-01 5.248646805780766044e+03
4.498432198782237879e-01 4.909925732883358251e+03
4.941712839853393824e-01 4.602766001909911211e+03
5.428674861028858212e-01 4.339906338703815891e+03
5.963622675339625978e-01 4.088813801274951857e+03
6.551284857587630350e-01 3.861804499052688243e+03
7.196855941730535555e-01 3.656491055329054689e+03
7.906042337028588163e-01 3.460376681870687207e+03
8.685112768820903995e-01 3.283036287330630330e+03
9.540953689793428838e-01 3.118216077881966157e+03
1.048113015153642191e+00 0.000000000000000000e+00
