1.048113066601954503e-02 4.553804107108720927e+04
1.151395323963562076e-02 0.000000000000000000e+00
1.264855132798976302e-02 3.010654132191906683e+04
1.389495400641860279e-02 3.154866982843459118e+04
1.526417862678452857e-02 2.444465953723388520e+04
1.676832820337198493e-02 0.000000000000000000e+00
1.842069839530119726e-02 3.640508956131330342e+04
2.023589503111089191e-02 3.186257268529586145e+04
2.222996321434766651e-02 3.460079012536022492e+04
2.442052915136719640e-02 2.512500324522958908e+04
2.682695595500901239e-02 4.358610523703500803e+04
2.947051480134291537e-02 3.602223802832175716e+04
3.237457295239669353e-02 3.058993594842062885e+04
3.556480030685772731e-02 3.328002448203314270e+04
3.906939630451649464e-02 2.570016668670698709e+04
4.291933919013282694e-02 2.731303669248533697e+04
4.714865984004791566e-02 2.558400948296409479e+04
5.179474257198286163e-02 2.260611120517380186e+04
5.689865559697841746e-02 2.214253777077353880e+04
6.250551403444545850e-02 1.946795391053486674e+04
6.866487869913283359e-02 1.856744262970572163e+04
7.543119418501802176e-02 1.821619819699665459e+04
8.286427011848424007e-02 1.600221924028230933e+04
9.102980983473445142e-02 1.381492972235725392e+04
9.999999115058272325e-02 1.229596452945482451e+04
1.098541043672585787e-01 1.075123694976896331e+04
1.206792531427361148e-01 1.030969458939806646e+04
1.325711244288214907e-01 9.378255110743915793e+03
1.456348342787200378e-01 8.502440125592353070e+03
1.599858570014452974e-01 7.211494415102397397e+03
1.757510458761641914e-01 6.533226495577579044e+03
1.930697544488981787e-01 5.959734342540437865e+03
2.120950683230800604e-01 5.274451925729707000e+03
2.329951583321586417e-01 4.635007077719249537e+03
2.559547670553742882e-01 4.212331279358979373e+03
2.811768418164965477e-01 3.782274322505855707e+03
3.088843286001189403e-01 3.405148786669766196e+03
3.393221427425128778e-01 3.083252045072768851e+03
3.727593338166072523e-01 2.797953819110861332e+03
4.094914638472018087e-01 2.543244713703837988e+03
4.498432198782237879e-01 2.327482124924836626e+03
4.941712839853393824e-01 2.146564649325952360e+03
5.428674861028858212e-01 1.975901637343378070e+03
5.963622675339625978e-01 1.832808498244268321e+03
6.551284857587630350e-01 1.698937905163889354e+03
7.196855941730535555e-01 1.577874447639819891e+03
7.906042337028588163e-01 1.475526341185232013e+03
8.685112768820903995e-01 1.381111364435352016e+03
9.540953689793428838e-01 1.295860568753711050e+03
1.048113015153642191e+00 0.000000000000000000e+00
