1.048113066601954503e-02 1.003913236977870838e+05
1.151395323963562076e-02 0.000000000000000000e+00
1.264855132798976302e-02 1.683098444993548910e+05
1.389495400641860279e-02 7.035114912641087722e+04
1.526417862678452857e-02 5.901239651351186330e+04
1.676832820337198493e-02 0.000000000000000000e+00
1.842069839530119726e-02 8.749994506421746337e+04
2.023589503111089191e-02 6.880637319073626713e+04
2.222996321434766651e-02 5.166579921549904975e+04
2.442052915136719640e-02 7.587388314560221625e+04
2.682695595500901239e-02 5.083548821386623604e+04
2.947051480134291537e-02 5.958073051866916649e+04
3.237457295239669353e-02 5.661873938518985233e+04
3.556480030685772731e-02 5.292700973007839639e+04
3.906939630451649464e-02 4.514946726293468964e+04
4.291933919013282694e-02 5.023309836429137067e+04
4.714865984004791566e-02 4.547360142464113596e+04
5.179474257198286163e-02 4.390204664637606038e+04
5.689865559697841746e-02 3.826406695173795742e+04
6.250551403444545850e-02 3.289220652254243032e+04
6.866487869913283359e-02 3.471059573825170082e+04
7.543119418501802176e-02 3.279928566198011686e+04
8.286427011848424007e-02 2.744096439209547316e+04
9.102980983473445142e-02 2.517998660270423716e+04
9.999999115058272325e-02 2.249412573669044286e+04
1.098541043672585787e-01 1.980674442355446809e+04
1.206792531427361148e-01 1.754317661671192400e+04
1.325711244288214907e-01 1.593592416321576457e+04
1.456348342787200378e-01 1.435655688659799853e+04
1.599858570014452974e-01 1.248389399162448171e+04
1.757510458761641914e-01 1.140185148018013388e+04
1.930697544488981787e-01 1.018536762721790365e+04
2.120950683230800604e-01 9.288379826248023164e+03
2.329951583321586417e-01 8.232673580799795673e+03
2.559547670553742882e-01 7.467249319219863537e+03
2.811768418164965477e-01 6.819886765394510803e+03
3.088843286001189403e-01 6.196120145419761684e+03
3.393221427425128778e-01 5.657937913539587498e+03
3.727593338166072523e-01 5.153859646046961643e+03
4.094914638472018087e-01 4.789164537549216220e+03
4.498432198782237879e-01 4.398556753971312901e+03
4.941712839853393824e-01 4.087516973646012048e+03
5.428674861028858212e-01 3.815643950869389300e+03
5.963622675339625978e-01 3.563869522292351121e+03
6.551284857587630350e-01 3.334264818641337115e+03
7.196855941730535555e-01 3.128595762026850934e+03
7.906042337028588163e-01 2.939230734544707957e+03
8.685112768820903995e-01 2.763424818068795503e+03
9.540953689793428838e-01 2.598309665758665687e+03
1.048113015153642191e+00 0.000000000000000000e+00
