1.048113066601954503e-02 2.167849405860441329e+05
1.151395323963562076e-02 0.000000000000000000e+00
1.264855132798976302e-02 9.675144949462809018e+04
1.389495400641860279e-02 3.573644603466232657e+05
1.526417862678452857e-02 2.240621752419190889e+05
1.676832820337198493e-02 0.000000000000000000e+00
1.842069839530119726e-02 2.116642286437108414e+05
2.023589503111089191e-02 2.175438011050510104e+05
2.222996321434766651e-02 1.622140038915645564e+05
2.442052915136719640e-02 1.863486184287964425e+05
2.682695595500901239e-02 1.435103823419062246e+05
2.947051480134291537e-02 1.338676455327585572e+05
3.237457295239669353e-02 9.743384410547134758e+04
3.556480030685772731e-02 9.995512383593252162e+04
3.906939630451649464e-02 6.855310459834458015e+04
4.291933919013282694e-02 6.809421983425892540e+04
4.714865984004791566e-02 5.769983407870989322e+04
5.179474257198286163e-02 5.752916105128986237e+04
5.689865559697841746e-02 5.767358962180926756e+04
6.250551403444545850e-02 5.691819364752235560e+04
6.866487869913283359e-02 4.762516253493013937e+04
7.543119418501802176e-02 3.840749477468575787e+04
8.286427011848424007e-02 3.307195981159171060e+04
9.102980983473445142e-02 2.635428296748398134e+04
9.999999115058272325e-02 2.401276484423748479e+04
1.098541043672585787e-01 2.195415284736117610e+04
1.206792531427361148e-01 2.035256345818113186e+04
1.325711244288214907e-01 1.722210349757929725e+04
1.456348342787200378e-01 1.525916360464274476e+04
1.599858570014452974e-01 1.365111791046305007e+04
1.757510458761641914e-01 1.227627574054871548e+04
1.930697544488981787e-01 1.111467829240734682e+04
2.120950683230800604e-01 1.002700971232259508e+04
2.329951583321586417e-01 8.996693477694749163e+03
2.559547670553742882e-01 8.186691326344624031e+03
2.811768418164965477e-01 7.534175888723079879e+03
3.088843286001189403e-01 6.835072565091572869e+03
3.393221427425128778e-01 6.340875854570721458e+03
3.727593338166072523e-01 5.830215333756035761e+03
4.094914638472018087e-01 5.394438246907212488e+03
4.498432198782237879e-01 5.018773304179938350e+03
4.941712839853393824e-01 4.696990935588853063e+03
5.428674861028858212e-01 4.362404764339173198e+03
5.963622675339625978e-01 4.079346116167136643e+03
6.551284857587630350e-01 3.805978148816669545e+03
7.196855941730535555e-01 3.544929322406446317e+03
7.906042337028588163e-01 3.278064731142003438e+03
8.685112768820903995e-01 3.043142021083201143e+03
9.540953689793428838e-01 2.812648362638851722e+03
1.048113015153642191e+00 0.000000000000000000e+00
