1.048113066601954503e-02 2.102146010444846615e+04
1.151395323963562076e-02 0.000000000000000000e+00
1.264855132798976302e-02 5.421999097702393556e+03
1.389495400641860279e-02 2.564525763774527877e+04
1.526417862678452857e-02 2.389411202625987789e+04
1.676832820337198493e-02 0.000000000000000000e+00
1.842069839530119726e-02 1.781627175419667765e+04
2.023589503111089191e-02 1.590018246485981217e+04
2.222996321434766651e-02 3.436206966742579243e+04
2.442052915136719640e-02 3.515182630972631159e+04
2.682695595500901239e-02 2.682552708970041567e+04
2.947051480134291537e-02 2.878483360704660663e+04
3.237457295239669353e-02 2.097056843144795494e+04
3.556480030685772731e-02 2.931982379850919460e+04
3.906939630451649464e-02 2.875070061597493623e+04
4.291933919013282694e-02 2.598919794216254377e+04
4.714865984004791566e-02 2.802475136658269548e+04
5.179474257198286163e-02 2.579493840761874162e+04
5.689865559697841746e-02 2.435184706435859698e+04
6.250551403444545850e-02 2.365716397893596150e+04
6.866487869913283359e-02 2.320543550056175081e+04
7.543119418501802176e-02 2.365498380707240722e+04
8.286427011848424007e-02 2.215587926251980389e+04
9.102980983473445142e-02 2.010849265555715101e+04
9.999999115058272325e-02 1.793454182603849404e+04
1.098541043672585787e-01 1.734024329696942732e+04
1.206792531427361148e-01 1.567965248168425023e+04
1.325711244288214907e-01 1.519433685632432025e+04
1.456348342787200378e-01 1.391511185410138205e+04
1.599858570014452974e-01 1.264427015210239733e+04
1.757510458761641914e-01 1.147047939637011405e+04
1.930697544488981787e-01 1.084869464654560215e+04
2.120950683230800604e-01 9.944951243429444730e+03
2.329951583321586417e-01 9.062035212160477386e+03
2.559547670553742882e-01 8.466137260021328984e+03
2.811768418164965477e-01 7.795144537066737939e+03
3.088843286001189403e-01 7.263196969833614276e+03
3.393221427425128778e-01 6.795530035782603591e+03
3.727593338166072523e-01 6.361451892825637515e+03
4.094914638472018087e-01 5.953629236193934048e+03
4.498432198782237879e-01 5.645201908389317396e+03
4.941712839853393824e-01 5.350230090725905029e+03
5.428674861028858212e-01 5.071440539253697352e+03
5.963622675339625978e-01 4.830327206744942487e+03
6.551284857587630350e-01 4.618637920462455440e+03
7.196855941730535555e-01 4.409568391056871405e+03
7.906042337028588163e-01 4.236385097164397848e+03
8.685112768820903995e-01 4.056952477954975166e+03
9.540953689793428838e-01 3.890917121946646148e+03
1.048113015153642191e+00 0.000000000000000000e+00
