1.048113066601954503e-02 1.417896313936578226e+05
1.151395323963562076e-02 0.000000000000000000e+00
1.264855132798976302e-02 1.738081115727675206e+05
1.389495400641860279e-02 9.892572291540305014e+04
1.526417862678452857e-02 6.863643859666795470e+04
1.676832820337198493e-02 0.000000000000000000e+00
1.842069839530119726e-02 8.762699878987128614e+04
2.023589503111089191e-02 1.354668476923604321e+05
2.222996321434766651e-02 8.085953322706927429e+04
2.442052915136719640e-02 9.690529628684435738e+04
2.682695595500901239e-02 8.463948224784858758e+04
2.947051480134291537e-02 7.639296925695049867e+04
3.237457295239669353e-02 7.854447891737059399e+04
3.556480030685772731e-02 7.278683455901345587e+04
3.906939630451649464e-02 5.995191747687402676e+04
4.291933919013282694e-02 5.293419984101769660e+04
4.714865984004791566e-02 4.764650037060174509e+04
5.179474257198286163e-02 4.931306671986278525e+04
5.689865559697841746e-02 4.507741110060297069e+04
6.250551403444545850e-02 4.275164978794007038e+04
6.866487869913283359e-02 3.577292240410889644e+04
7.543119418501802176e-02 3.145572899781663000e+04
8.286427011848424007e-02 2.575632299047166453e+04
9.102980983473445142e-02 2.279637409869149269e+04
9.999999115058272325e-02 2.037498267603115164e+04
1.098541043672585787e-01 1.903423824629698720e+04
1.206792531427361148e-01 1.697168523688508503e+04
1.325711244288214907e-01 1.439973695097062955e+04
1.456348342787200378e-01 1.283584580294676925e+04
1.599858570014452974e-01 1.125751600409021012e+04
1.757510458761641914e-01 9.871921648313174956e+03
1.930697544488981787e-01 8.749745235943870284e+03
2.120950683230800604e-01 7.975486921318930399e+03
2.329951583321586417e-01 7.041728603625789219e+03
2.559547670553742882e-01 6.312914474665936723e+03
2.811768418164965477e-01 5.688780078951142059e+03
3.088843286001189403e-01 5.157798057410238471e+03
3.393221427425128778e-01 4.692871199538356450e+03
3.727593338166072523e-01 4.273039277390889765e+03
4.094914638472018087e-01 3.911236821729613439e+03
4.498432198782237879e-01 3.601242432707419084e+03
4.941712839853393824e-01 3.335553336926283009e+03
5.428674861028858212e-01 3.089205645117896438e+03
5.963622675339625978e-01 2.876228286178069084e+03
6.551284857587630350e-01 2.679164599686847396e+03
7.196855941730535555e-01 2.498933401511190823e+03
7.906042337028588163e-01 2.337487677135864942e+03
8.685112768820903995e-01 2.186335472298580953e+03
9.540953689793428838e-01 2.048477086229616361e+03
1.048113015153642191e+00 0.000000000000000000e+00
