1.048113066601954503e-02 4.702751709044742165e+04
1.151395323963562076e-02 0.000000000000000000e+00
1.264855132798976302e-02 2.862503764843681347e+04
1.389495400641860279e-02 6.176383552397555468e+04
1.526417862678452857e-02 1.039548001398454944e+05
1.676832820337198493e-02 0.000000000000000000e+00
1.842069839530119726e-02 6.072487166814314696e+04
2.023589503111089191e-02 6.406340659133072768e+04
2.222996321434766651e-02 6.566052013966672530e+04
2.442052915136719640e-02 7.443569898928061593e+04
2.682695595500901239e-02 6.830206479011382908e+04
2.947051480134291537e-02 8.192709868298412766e+04
3.237457295239669353e-02 6.049125553014120669e+04
3.556480030685772731e-02 6.303682363103465468e+04
3.906939630451649464e-02 5.614031980035079323e+04
4.291933919013282694e-02 4.424930551935988478e+04
4.714865984004791566e-02 5.118587199271684949e+04
5.179474257198286163e-02 4.860313521663147549e+04
5.689865559697841746e-02 4.301077951514003507e+04
6.250551403444545850e-02 4.058061207709382870e+04
6.866487869913283359e-02 3.774508640526612726e+04
7.543119418501802176e-02 3.515884534312548931e+04
8.286427011848424007e-02 3.054002356747232989e+04
9.102980983473445142e-02 2.710964632930761945e+04
9.999999115058272325e-02 2.326253735747504106e+04
1.098541043672585787e-01 2.112823069978567219e+04
1.206792531427361148e-01 1.952675333591180606e+04
1.325711244288214907e-01 1.828668433004208782e+04
1.456348342787200378e-01 1.630253579124310636e+04
1.599858570014452974e-01 1.371868873797976630e+04
1.757510458761641914e-01 1.238692943948062020e+04
1.930697544488981787e-01 1.139609355983852583e+04
2.120950683230800604e-01 1.013668613821001782e+04
2.329951583321586417e-01 8.892318086517734628e+03
2.559547670553742882e-01 8.090081037518070843e+03
2.811768418164965477e-01 7.288556372097824351e+03
3.088843286001189403e-01 6.601388158020967239e+03
3.393221427425128778e-01 5.996476510222915749e+03
3.727593338166072523e-01 5.485263456326011692e+03
4.094914638472018087e-01 5.004704987763894678e+03
4.498432198782237879e-01 4.605527824387287183e+03
4.941712839853393824e-01 4.254463984973864171e+03
5.428674861028858212e-01 3.945937577507593687e+03
5.963622675339625978e-01 3.676099033663729188e+03
6.551284857587630350e-01 3.433430499040818177e+03
7.196855941730535555e-01 3.217458693826793933e+03
7.906042337028588163e-01 3.021591398418636345e+03
8.685112768820903995e-01 2.844363019285071459e+03
9.540953689793428838e-01 2.684089910703078658e+03
1.048113015153642191e+00 0.000000000000000000e+00
