1.048113066601954503e-02 8.679468896482777782e+05
1.151395323963562076e-02 0.000000000000000000e+00
1.264855132798976302e-02 5.799174102034434909e+05
1.389495400641860279e-02 4.065502837144910591e+05
1.526417862678452857e-02 5.315176170382880373e+05
1.676832820337198493e-02 0.000000000000000000e+00
1.842069839530119726e-02 3.268633155023694271e+05
2.023589503111089191e-02 2.723281978023307165e+05
2.222996321434766651e-02 1.964008264882272342e+05
2.442052915136719640e-02 1.466009170178775676e+05
2.682695595500901239e-02 1.596813205926990486e+05
2.947051480134291537e-02 1.782420931059292052e+05
3.237457295239669353e-02 1.183881470451019122e+05
3.556480030685772731e-02 8.837010998606382054e+04
3.906939630451649464e-02 8.866361127953240066e+04
4.291933919013282694e-02 8.622099839882469678e+04
4.714865984004791566e-02 8.241786821828938264e+04
5.179474257198286163e-02 8.898073181291396031e+04
5.689865559697841746e-02 7.756183823269100685e+04
6.250551403444545850e-02 6.396487053076225857e+04
6.866487869913283359e-02 4.445133281085122871e+04
7.543119418501802176e-02 3.491122190713284363e+04
8.286427011848424007e-02 3.143751421810646934e+04
9.102980983473445142e-02 3.043826443093194393e+04
9.999999115058272325e-02 2.855577556245440428e+04
1.098541043672585787e-01 2.505303587433656503e+04
1.206792531427361148e-01 1.962797790908811294e+04
1.325711244288214907e-01 1.716793546278175563e+04
1.456348342787200378e-01 1.589733640776671928e+04
1.599858570014452974e-01 1.410673920250969786e+04
1.757510458761641914e-01 1.213947943056809709e+04
1.930697544488981787e-01 1.073531593399740268e+04
2.120950683230800604e-01 9.605889813499603406e+03
2.329951583321586417e-01 8.685138340513054573e+03
2.559547670553742882e-01 7.799106389110105738e+03
2.811768418164965477e-01 6.978674234717690524e+03
3.088843286001189403e-01 6.272861923544610363e+03
3.393221427425128778e-01 5.738490551322665851e+03
3.727593338166072523e-01 5.212568981699793767e+03
4.094914638472018087e-01 4.799284684723764258e+03
4.498432198782237879e-01 4.427744238304321698e+03
4.941712839853393824e-01 4.058284692751902185e+03
5.428674861028858212e-01 3.741294953319198157e+03
5.963622675339625978e-01 3.474104646463165409e+03
6.551284857587630350e-01 3.228695809031900808e+03
7.196855941730535555e-01 2.989800196059246446e+03
7.906042337028588163e-01 2.775723166574158313e+03
8.685112768820903995e-01 2.575882793367230988e+03
9.540953689793428838e-01 2.388802323824083942e+03
1.048113015153642191e+00 0.000000000000000000e+00
