1.048113066601954503e-02 6.559256902474272065e+05
1.151395323963562076e-02 0.000000000000000000e+00
1.264855132798976302e-02 2.002473507120714930e+05
1.389495400641860279e-02 2.456135043460940942e+05
1.526417862678452857e-02 2.845368643390761572e+05
1.676832820337198493e-02 0.000000000000000000e+00
1.842069839530119726e-02 3.391835330874745268e+05
2.023589503111089191e-02 2.353606180916923622e+05
2.222996321434766651e-02 3.288353060335366754e+05
2.442052915136719640e-02 2.917435132388664642e+05
2.682695595500901239e-02 3.058332368339797249e+05
2.947051480134291537e-02 2.074155699423555052e+05
3.237457295239669353e-02 2.497398485982321727e+05
3.556480030685772731e-02 1.899054541033387068e+05
3.906939630451649464e-02 1.602046157350410940e+05
4.291933919013282694e-02 1.644660786712683621e+05
4.714865984004791566e-02 1.285988293314722687e+05
5.179474257198286163e-02 1.273599950132922095e+05
5.689865559697841746e-02 1.130257113413557236e+05
6.250551403444545850e-02 9.968733487871132093e+04
6.866487869913283359e-02 9.695943751779454760e+04
7.543119418501802176e-02 8.860721083733270643e+04
8.286427011848424007e-02 8.048068372266110964e+04
9.102980983473445142e-02 6.883143548246272258e+04
9.999999115058272325e-02 6.166799639044364449e+04
1.098541043672585787e-01 5.269789200918161077e+04
1.206792531427361148e-01 4.660160375491130981e+04
1.325711244288214907e-01 4.225715556961523544e+04
1.456348342787200378e-01 3.960067565429599199e+04
1.599858570014452974e-01 3.390626005189074203e+04
1.757510458761641914e-01 3.097433154719920276e+04
1.930697544488981787e-01 2.863208858201501425e+04
2.120950683230800604e-01 2.581516345140580961e+04
2.329951583321586417e-01 2.343271590707245923e+04
2.559547670553742882e-01 2.161608460476684559e+04
2.811768418164965477e-01 1.986432563105484223e+04
3.088843286001189403e-01 1.831316228133033292e+04
3.393221427425128778e-01 1.698782190044203162e+04
3.727593338166072523e-01 1.578728317757207151e+04
4.094914638472018087e-01 1.474349231656223128e+04
4.498432198782237879e-01 1.382770622720978099e+04
4.941712839853393824e-01 1.288840973851169110e+04
5.428674861028858212e-01 1.214384640561341075e+04
5.963622675339625978e-01 1.148121713761741557e+04
6.551284857587630350e-01 1.078925803169936808e+04
7.196855941730535555e-01 1.017063976796162024e+04
7.906042337028588163e-01 9.582605505870255001e+03
8.685112768820903995e-01 9.013031895456115308e+03
9.540953689793428838e-01 8.450540179264153267e+03
1.048113015153642191e+00 0.000000000000000000e+00
