1.048113066601954503e-02 7.478418040416472359e+05
1.151395323963562076e-02 0.000000000000000000e+00
1.264855132798976302e-02 4.479402053482137271e+05
1.389495400641860279e-02 7.560886586507264292e+05
1.526417862678452857e-02 5.174329415335823433e+05
1.676832820337198493e-02 0.000000000000000000e+00
1.842069839530119726e-02 4.318238502146279789e+05
2.023589503111089191e-02 6.074621511779369321e+05
2.222996321434766651e-02 3.418181875790823251e+05
2.442052915136719640e-02 2.437118059761408949e+05
2.682695595500901239e-02 1.891218670659273921e+05
2.947051480134291537e-02 1.430071872884371842e+05
3.237457295239669353e-02 8.115947809809527826e+04
3.556480030685772731e-02 6.962531006045096728e+04
3.906939630451649464e-02 6.082946865990611695e+04
4.291933919013282694e-02 5.706305139108739240e+04
4.714865984004791566e-02 5.580672383539131988e+04
5.179474257198286163e-02 6.306210390017690224e+04
5.689865559697841746e-02 6.806847496491926722e+04
6.250551403444545850e-02 7.591202703720942372e+04
6.866487869913283359e-02 5.806080405817046994e+04
7.543119418501802176e-02 4.417339349851067527e+04
8.286427011848424007e-02 3.210486270200667423e+04
9.102980983473445142e-02 2.650797921641204812e+04
9.999999115058272325e-02 2.508408268058456815e+04
1.098541043672585787e-01 2.520053397907307226e+04
1.206792531427361148e-01 2.192178913345384717e+04
1.325711244288214907e-01 1.825917763118665243e+04
1.456348342787200378e-01 1.598752174471042599e+04
1.599858570014452974e-01 1.418249435705141150e+04
1.757510458761641914e-01 1.269096294700932231e+04
1.930697544488981787e-01 1.153676861982810442e+04
2.120950683230800604e-01 1.027238690319298621e+04
2.329951583321586417e-01 9.209798097136732395e+03
2.559547670553742882e-01 8.388836196033807937e+03
2.811768418164965477e-01 7.606350814698785143e+03
3.088843286001189403e-01 6.997054768308435996e+03
3.393221427425128778e-01 6.394162832736657037e+03
3.727593338166072523e-01 5.901420004469608102e+03
4.094914638472018087e-01 5.499224755156198626e+03
4.498432198782237879e-01 5.075361896700707803e+03
4.941712839853393824e-01 4.730186071463861481e+03
5.428674861028858212e-01 4.368363674543371417e+03
5.963622675339625978e-01 4.062142066247748517e+03
6.551284857587630350e-01 3.778128918527745100e+03
7.196855941730535555e-01 3.504143916342852663e+03
7.906042337028588163e-01 3.252991756763027297e+03
8.685112768820903995e-01 3.006004251856798874e+03
9.540953689793428838e-01 2.769275923277990842e+03
1.048113015153642191e+00 0.000000000000000000e+00
