1.048113066601954503e-02 3.629644602687247680e+05
1.151395323963562076e-02 0.000000000000000000e+00
1.264855132798976302e-02 4.568058816294344724e+05
1.389495400641860279e-02 5.941068805032731034e+05
1.526417862678452857e-02 5.128343602147639031e+05
1.676832820337198493e-02 0.000000000000000000e+00
1.842069839530119726e-02 5.232945640722258249e+05
2.023589503111089191e-02 3.752309798414141987e+05
2.222996321434766651e-02 4.007893846882189391e+05
2.442052915136719640e-02 2.593175882620221237e+05
2.682695595500901239e-02 3.054112122897204245e+05
2.947051480134291537e-02 3.286520132741611451e+05
3.237457295239669353e-02 2.290091732050005230e+05
3.556480030685772731e-02 1.575646931326010672e+05
3.906939630451649464e-02 1.648066454735902371e+05
4.291933919013282694e-02 1.566515942562337150e+05
4.714865984004791566e-02 1.323322381422547041e+05
5.179474257198286163e-02 1.147660160080322967e+05
5.689865559697841746e-02 1.197589385559425573e+05
6.250551403444545850e-02 1.089450039233611315e+05
6.866487869913283359e-02 1.017295053535813640e+05
7.543119418501802176e-02 8.005436408807850967e+04
8.286427011848424007e-02 6.455408262591288803e+04
9.102980983473445142e-02 5.394839689904854458e+04
9.999999115058272325e-02 4.811226757875768817e+04
1.098541043672585787e-01 4.193469123191354447e+04
1.206792531427361148e-01 3.967979581393749686e+04
1.325711244288214907e-01 3.537917145867559884e+04
1.456348342787200378e-01 2.973498592200594067e+04
1.599858570014452974e-01 2.591823193971884757e+04
1.757510458761641914e-01 2.348635015587459202e+04
1.930697544488981787e-01 2.108373563344659487e+04
2.120950683230800604e-01 1.861628258073967663e+04
2.329951583321586417e-01 1.675256864921901797e+04
2.559547670553742882e-01 1.522621162134845326e+04
2.811768418164965477e-01 1.359891375271271681e+04
3.088843286001189403e-01 1.230549330186235056e+04
3.393221427425128778e-01 1.130153975857499609e+04
3.727593338166072523e-01 1.038846380087301077e+04
4.094914638472018087e-01 9.554132001101474089e+03
4.498432198782237879e-01 8.821167512290261584e+03
4.941712839853393824e-01 8.144457198268562024e+03
5.428674861028858212e-01 7.571277843133869283e+03
5.963622675339625978e-01 7.071066671526251412e+03
6.551284857587630350e-01 6.604608774761951281e+03
7.196855941730535555e-01 6.190330322496743975e+03
7.906042337028588163e-01 5.785541227396490285e+03
8.685112768820903995e-01 5.413628764811535802e+03
9.540953689793428838e-01 5.059834615404206488e+03
1.048113015153642191e+00 0.000000000000000000e+00
