1.048113066601954503e-02 6.854333238716308551e+04
1.151395323963562076e-02 0.000000000000000000e+00
1.264855132798976302e-02 5.633747961809917615e+04
1.389495400641860279e-02 8.056643966661412560e+04
1.526417862678452857e-02 1.071475440774821618e+05
1.676832820337198493e-02 0.000000000000000000e+00
1.842069839530119726e-02 7.047366044245893136e+04
2.023589503111089191e-02 9.966587646848108852e+04
2.222996321434766651e-02 9.116215269891225034e+04
2.442052915136719640e-02 8.290698883914365433e+04
2.682695595500901239e-02 8.655057296927929565e+04
2.947051480134291537e-02 9.577544552191182447e+04
3.237457295239669353e-02 8.076401489457857679e+04
3.556480030685772731e-02 7.935018920688021171e+04
3.906939630451649464e-02 7.512061884159580222e+04
4.291933919013282694e-02 5.924807415065761597e+04
4.714865984004791566e-02 4.471311941715184366e+04
5.179474257198286163e-02 4.850862594182811881e+04
5.689865559697841746e-02 4.825374608704914863e+04
6.250551403444545850e-02 4.533746679548324755e+04
6.866487869913283359e-02 4.095952000577684521e+04
7.543119418501802176e-02 3.999722849321265676e+04
8.286427011848424007e-02 3.720254886532692763e+04
9.102980983473445142e-02 3.313716846762153727e+04
9.999999115058272325e-02 2.753651331931379536e+04
1.098541043672585787e-01 2.418382835354397321e+04
1.206792531427361148e-01 2.183345418084112316e+04
1.325711244288214907e-01 2.012689028213527126e+04
1.456348342787200378e-01 1.891514432249550009e+04
1.599858570014452974e-01 1.684221327564646708e+04
1.757510458761641914e-01 1.493603062426414181e+04
1.930697544488981787e-01 1.348107710046519423e+04
2.120950683230800604e-01 1.240327616642101384e+04
2.329951583321586417e-01 1.125988927013274224e+04
2.559547670553742882e-01 1.033724872052391765e+04
2.811768418164965477e-01 9.470919547631918249e+03
3.088843286001189403e-01 8.752252211776834883e+03
3.393221427425128778e-01 8.135636590741068176e+03
3.727593338166072523e-01 7.559688430273732592e+03
4.094914638472018087e-01 7.093413620055811407e+03
4.498432198782237879e-01 6.636279295058700882e+03
4.941712839853393824e-01 6.263572915210499559e+03
5.428674861028858212e-01 5.892179983475011795e+03
5.963622675339625978e-01 5.559327983087470784e+03
6.551284857587630350e-01 5.245066425375418476e+03
7.196855941730535555e-01 4.965514145034544526e+03
7.906042337028588163e-01 4.693073146670709320e+03
8.685112768820903995e-01 4.446236041672251304e+03
9.540953689793428838e-01 4.191608685310080546e+03
1.048113015153642191e+00 0.000000000000000000e+00
