1.048113066601954503e-02 3.808345507241801533e+04
1.151395323963562076e-02 0.000000000000000000e+00
1.264855132798976302e-02 4.046529920807336748e+04
1.389495400641860279e-02 2.043777940439885788e+04
1.526417862678452857e-02 2.907768152478974662e+04
1.676832820337198493e-02 0.000000000000000000e+00
1.842069839530119726e-02 4.074774736646373640e+04
2.023589503111089191e-02 2.834138604890147690e+04
2.222996321434766651e-02 4.310827821809521265e+04
2.442052915136719640e-02 3.624746120952429192e+04
2.682695595500901239e-02 3.507939078522338968e+04
2.947051480134291537e-02 3.931504174146849982e+04
3.237457295239669353e-02 2.915681946918911126e+04
3.556480030685772731e-02 3.624667633962894615e+04
3.906939630451649464e-02 3.603373115863055864e+04
4.291933919013282694e-02 3.853411884815315716e+04
4.714865984004791566e-02 3.282588762142841733e+04
5.179474257198286163e-02 3.317007582945960166e+04
5.689865559697841746e-02 3.125435938323269511e+04
6.250551403444545850e-02 3.151233767033647382e+04
6.866487869913283359e-02 3.108931201092267293e+04
7.543119418501802176e-02 2.828866620961204899e+04
8.286427011848424007e-02 2.849669411397266958e+04
9.102980983473445142e-02 2.559581881643274028e+04
9.999999115058272325e-02 2.322477927297259157e+04
1.098541043672585787e-01 2.098621682022286404e+04
1.206792531427361148e-01 1.995990334086309304e+04
1.325711244288214907e-01 1.867831808198585350e+04
1.456348342787200378e-01 1.737249225811976066e+04
1.599858570014452974e-01 1.602181080878245484e+04
1.757510458761641914e-01 1.445842343670906848e+04
1.930697544488981787e-01 1.344634654951310949e+04
2.120950683230800604e-01 1.249821432870636272e+04
2.329951583321586417e-01 1.143257189824166926e+04
2.559547670553742882e-01 1.054229704283906722e+04
2.811768418164965477e-01 9.784477771738769661e+03
3.088843286001189403e-01 9.114734517286302435e+03
3.393221427425128778e-01 8.572097777510147353e+03
3.727593338166072523e-01 8.035670401752386169e+03
4.094914638472018087e-01 7.594775319057559500e+03
4.498432198782237879e-01 7.203885304704383088e+03
4.941712839853393824e-01 6.810304944584783698e+03
5.428674861028858212e-01 6.490361243951731012e+03
5.963622675339625978e-01 6.210044773059154068e+03
6.551284857587630350e-01 5.936389717890602697e+03
7.196855941730535555e-01 5.668967629503266835e+03
7.906042337028588163e-01 5.432429457658274259e+03
8.685112768820903995e-01 5.196046104073800961e+03
9.540953689793428838e-01 4.977569446779616555e+03
1.048113015153642191e+00 0.000000000000000000e+00
