1.048113066601954503e-02 9.108715886449046957e+04
1.151395323963562076e-02 0.000000000000000000e+00
1.264855132798976302e-02 6.083758011561715102e+04
1.389495400641860279e-02 7.253547835360791942e+04
1.526417862678452857e-02 7.297931359437989886e+04
1.676832820337198493e-02 0.000000000000000000e+00
1.842069839530119726e-02 3.802002848785005335e+04
2.023589503111089191e-02 5.421134855931096536e+04
2.222996321434766651e-02 4.940181919246747566e+04
2.442052915136719640e-02 8.021835364377609221e+04
2.682695595500901239e-02 6.014039496447036800e+04
2.947051480134291537e-02 5.068625410441683198e+04
3.237457295239669353e-02 5.526375431879851385e+04
3.556480030685772731e-02 5.542977877704129787e+04
3.906939630451649464e-02 4.431978662399684254e+04
4.291933919013282694e-02 4.282569116279772425e+04
4.714865984004791566e-02 3.948858922847345093e+04
5.179474257198286163e-02 3.603867936498559720e+04
5.689865559697841746e-02 3.409959901848404843e+04
6.250551403444545850e-02 3.214393630965052944e+04
6.866487869913283359e-02 3.045542665575384308e+04
7.543119418501802176e-02 2.742205246342048849e+04
8.286427011848424007e-02 2.428962456655956339e+04
9.102980983473445142e-02 2.082716776380524607e+04
9.999999115058272325e-02 1.798477376439746513e+04
1.098541043672585787e-01 1.620939915982012826e+04
1.206792531427361148e-01 1.474715948129155004e+04
1.325711244288214907e-01 1.353117989499055875e+04
1.456348342787200378e-01 1.232350730495022799e+04
1.599858570014452974e-01 1.052330994992371780e+04
1.757510458761641914e-01 9.435978816102375276e+03
1.930697544488981787e-01 8.593965045355362236e+03
2.120950683230800604e-01 7.731842738986607401e+03
2.329951583321586417e-01 7.000226286882619206e+03
2.559547670553742882e-01 6.332815421976368270e+03
2.811768418164965477e-01 5.739870682464645142e+03
3.088843286001189403e-01 5.244638258641704851e+03
3.393221427425128778e-01 4.772016882248414731e+03
3.727593338166072523e-01 4.428946434192550441e+03
4.094914638472018087e-01 4.097706681405959898e+03
4.498432198782237879e-01 3.788335030465851560e+03
4.941712839853393824e-01 3.516854546043010942e+03
5.428674861028858212e-01 3.277382753881204280e+03
5.963622675339625978e-01 3.069649732693664646e+03
6.551284857587630350e-01 2.871486689694000688e+03
7.196855941730535555e-01 2.686809623799800647e+03
7.906042337028588163e-01 2.525102436871566169e+03
8.685112768820903995e-01 2.373828709194629482e+03
9.540953689793428838e-01 2.229440893012272227e+03
1.048113015153642191e+00 0.000000000000000000e+00
