1.048113066601954503e-02 2.274676388130742707e+05
1.151395323963562076e-02 0.000000000000000000e+00
1.264855132798976302e-02 2.045090087870384450e+05
1.389495400641860279e-02 2.610700312045552128e+05
1.526417862678452857e-02 2.387785034347786568e+05
1.676832820337198493e-02 0.000000000000000000e+00
1.842069839530119726e-02 1.995662074659317732e+05
2.023589503111089191e-02 2.186572106292949757e+05
2.222996321434766651e-02 2.378720932281862188e+05
2.442052915136719640e-02 2.131457813406713831e+05
2.682695595500901239e-02 2.035230766364439623e+05
2.947051480134291537e-02 1.568371215169893985e+05
3.237457295239669353e-02 1.526647733849050710e+05
3.556480030685772731e-02 1.391370165449503693e+05
3.906939630451649464e-02 1.250756836712170334e+05
4.291933919013282694e-02 1.169579768831330148e+05
4.714865984004791566e-02 1.043355670255919104e+05
5.179474257198286163e-02 9.949821828639111482e+04
5.689865559697841746e-02 8.357158133801753866e+04
6.250551403444545850e-02 8.164836034583911533e+04
6.866487869913283359e-02 7.259385239772372006e+04
7.543119418501802176e-02 6.970061910218496632e+04
8.286427011848424007e-02 5.715286766941421956e+04
9.102980983473445142e-02 4.944848912154190475e+04
9.999999115058272325e-02 4.353318667295995692e+04
1.098541043672585787e-01 3.843862265507428674e+04
1.206792531427361148e-01 3.658832236282354279e+04
1.325711244288214907e-01 3.286484692869809078e+04
1.456348342787200378e-01 2.887072893358169313e+04
1.599858570014452974e-01 2.563655497538918280e+04
1.757510458761641914e-01 2.319862206837649865e+04
1.930697544488981787e-01 2.147386285639415291e+04
2.120950683230800604e-01 1.936638058996508335e+04
2.329951583321586417e-01 1.756389826811503735e+04
2.559547670553742882e-01 1.596199307943013264e+04
2.811768418164965477e-01 1.468928820186297162e+04
3.088843286001189403e-01 1.355764837245431227e+04
3.393221427425128778e-01 1.259121947920309321e+04
3.727593338166072523e-01 1.169227611890135449e+04
4.094914638472018087e-01 1.094478120042889168e+04
4.498432198782237879e-01 1.023200820906453737e+04
4.941712839853393824e-01 9.597246683179300817e+03
5.428674861028858212e-01 9.031535120297645335e+03
5.963622675339625978e-01 8.511910471887400490e+03
6.551284857587630350e-01 7.995917968803623808e+03
7.196855941730535555e-01 7.543082528479995744e+03
7.906042337028588163e-01 7.101271624320073897e+03
8.685112768820903995e-01 6.656574710177502311e+03
9.540953689793428838e-01 6.235103765580482104e+03
1.048113015153642191e+00 0.000000000000000000e+00
