1.048113066601954503e-02 5.992218427553658694e+04
1.151395323963562076e-02 0.000000000000000000e+00
1.264855132798976302e-02 6.123231518406239047e+04
1.389495400641860279e-02 5.209220504044463451e+04
1.526417862678452857e-02 6.966151294762906036e+04
1.676832820337198493e-02 0.000000000000000000e+00
1.842069839530119726e-02 6.996637895989710523e+04
2.023589503111089191e-02 1.182630488751687662e+05
2.222996321434766651e-02 6.467016155329823232e+04
2.442052915136719640e-02 5.906709669736293290e+04
2.682695595500901239e-02 7.898895771512537613e+04
2.947051480134291537e-02 7.452649024600574921e+04
3.237457295239669353e-02 7.906297980021355033e+04
3.556480030685772731e-02 5.002001514678206877e+04
3.906939630451649464e-02 6.774907838281846489e+04
4.291933919013282694e-02 5.479734326855080872e+04
4.714865984004791566e-02 5.378400051341332437e+04
5.179474257198286163e-02 5.358235357725209178e+04
5.689865559697841746e-02 4.867815941632488102e+04
6.250551403444545850e-02 4.500657921108197479e+04
6.866487869913283359e-02 4.567452216915387544e+04
7.543119418501802176e-02 4.036620811215991125e+04
8.286427011848424007e-02 3.541398907552225864e+04
9.102980983473445142e-02 3.265646213649694255e+04
9.999999115058272325e-02 2.829823833889699381e+04
1.098541043672585787e-01 2.590522826456028270e+04
1.206792531427361148e-01 2.433372991877377353e+04
1.325711244288214907e-01 2.201615777041542606e+04
1.456348342787200378e-01 1.931248496262952540e+04
1.599858570014452974e-01 1.786033214461848183e+04
1.757510458761641914e-01 1.582404669854352687e+04
1.930697544488981787e-01 1.503752029506632061e+04
2.120950683230800604e-01 1.334629482963621558e+04
2.329951583321586417e-01 1.215499122277242350e+04
2.559547670553742882e-01 1.113613615718149958e+04
2.811768418164965477e-01 1.020346439468906465e+04
3.088843286001189403e-01 9.401312085867677524e+03
3.393221427425128778e-01 8.756934138191283637e+03
3.727593338166072523e-01 8.089785852691446053e+03
4.094914638472018087e-01 7.591582929751535630e+03
4.498432198782237879e-01 7.125577450589748878e+03
4.941712839853393824e-01 6.701483634122527292e+03
5.428674861028858212e-01 6.339975386926083047e+03
5.963622675339625978e-01 5.992492176331370501e+03
6.551284857587630350e-01 5.678497103693185636e+03
7.196855941730535555e-01 5.393745017879627994e+03
7.906042337028588163e-01 5.121328512265185054e+03
8.685112768820903995e-01 4.875112244398875191e+03
9.540953689793428838e-01 4.646002699552576814e+03
1.048113015153642191e+00 0.000000000000000000e+00
