1.048113066601954503e-02 7.582093186418214464e+04
1.151395323963562076e-02 0.000000000000000000e+00
1.264855132798976302e-02 7.776804049900050450e+04
1.389495400641860279e-02 8.470517161618884711e+04
1.526417862678452857e-02 1.304379333238875988e+05
1.676832820337198493e-02 0.000000000000000000e+00
1.842069839530119726e-02 1.503834038446465856e+05
2.023589503111089191e-02 1.530256379914958961e+05
2.222996321434766651e-02 1.394552568029895192e+05
2.442052915136719640e-02 9.961721028630054207e+04
2.682695595500901239e-02 1.444547119884015119e+05
2.947051480134291537e-02 1.051008040795162669e+05
3.237457295239669353e-02 1.089280086080872425e+05
3.556480030685772731e-02 9.014107654089880816e+04
3.906939630451649464e-02 7.093569820845207141e+04
4.291933919013282694e-02 7.844116853473312221e+04
4.714865984004791566e-02 7.418706862781099335e+04
5.179474257198286163e-02 7.410695403541428095e+04
5.689865559697841746e-02 6.966760686172758869e+04
6.250551403444545850e-02 6.367675149847171269e+04
6.866487869913283359e-02 5.516113239692470233e+04
7.543119418501802176e-02 5.159939927422572509e+04
8.286427011848424007e-02 4.907613544444634317e+04
9.102980983473445142e-02 4.425196763733174157e+04
9.999999115058272325e-02 3.861162711446222238e+04
1.098541043672585787e-01 3.316712115703316522e+04
1.206792531427361148e-01 2.998914330425297157e+04
1.325711244288214907e-01 2.754318246300925239e+04
1.456348342787200378e-01 2.505249083490889097e+04
1.599858570014452974e-01 2.253643416361121490e+04
1.757510458761641914e-01 2.002251552627958154e+04
1.930697544488981787e-01 1.839259563132584299e+04
2.120950683230800604e-01 1.672008826303837850e+04
2.329951583321586417e-01 1.522128748553109835e+04
2.559547670553742882e-01 1.398548728821762961e+04
2.811768418164965477e-01 1.280630807715565061e+04
3.088843286001189403e-01 1.177853412604622281e+04
3.393221427425128778e-01 1.093560914721253357e+04
3.727593338166072523e-01 1.024665813569408601e+04
4.094914638472018087e-01 9.519276612045521688e+03
4.498432198782237879e-01 8.931537819759481863e+03
4.941712839853393824e-01 8.383237230772278053e+03
5.428674861028858212e-01 7.892813609104210627e+03
5.963622675339625978e-01 7.431015341721044024e+03
6.551284857587630350e-01 7.016195010117862694e+03
7.196855941730535555e-01 6.594520942509048837e+03
7.906042337028588163e-01 6.220155058855880270e+03
8.685112768820903995e-01 5.855289335168611615e+03
9.540953689793428838e-01 5.495316514194164483e+03
1.048113015153642191e+00 0.000000000000000000e+00
