1.048113066601954503e-02 4.071788068498366920e+04
1.151395323963562076e-02 0.000000000000000000e+00
1.264855132798976302e-02 1.816502767052865602e+04
1.389495400641860279e-02 6.380108301638696867e+04
1.526417862678452857e-02 4.528374654405457841e+04
1.676832820337198493e-02 0.000000000000000000e+00
1.842069839530119726e-02 7.145844319992263627e+04
2.023589503111089191e-02 7.461043784959246113e+04
2.222996321434766651e-02 3.870732090044480719e+04
2.442052915136719640e-02 6.441849269111070316e+04
2.682695595500901239e-02 6.056093445567169692e+04
2.947051480134291537e-02 4.660022185917058960e+04
3.237457295239669353e-02 5.238071089483712421e+04
3.556480030685772731e-02 4.307783578322996618e+04
3.906939630451649464e-02 3.620304401468034484e+04
4.291933919013282694e-02 3.750312396027431532e+04
4.714865984004791566e-02 3.615979523826466902e+04
5.179474257198286163e-02 3.726753811321994726e+04
5.689865559697841746e-02 3.954418867435441643e+04
6.250551403444545850e-02 3.708382288534681720e+04
6.866487869913283359e-02 3.211423504540852446e+04
7.543119418501802176e-02 3.012790552795836629e+04
8.286427011848424007e-02 2.791149599796975599e+04
9.102980983473445142e-02 2.422165572384534971e+04
9.999999115058272325e-02 2.203530000945253414e+04
1.098541043672585787e-01 1.999426676060810496e+04
1.206792531427361148e-01 1.766716871127616105e+04
1.325711244288214907e-01 1.640403965670863909e+04
1.456348342787200378e-01 1.520207198826928652e+04
1.599858570014452974e-01 1.344467611223304630e+04
1.757510458761641914e-01 1.188961612000551031e+04
1.930697544488981787e-01 1.104075601061414818e+04
2.120950683230800604e-01 9.932203901487926487e+03
2.329951583321586417e-01 8.954557008801466509e+03
2.559547670553742882e-01 8.114910228893799285e+03
2.811768418164965477e-01 7.429831343328869480e+03
3.088843286001189403e-01 6.747357224564415446e+03
3.393221427425128778e-01 6.229669792737478019e+03
3.727593338166072523e-01 5.698745245078825064e+03
4.094914638472018087e-01 5.258787541391924606e+03
4.498432198782237879e-01 4.907166465309111118e+03
4.941712839853393824e-01 4.584260617993886626e+03
5.428674861028858212e-01 4.273192642436786628e+03
5.963622675339625978e-01 4.000888296203669597e+03
6.551284857587630350e-01 3.769339016541303863e+03
7.196855941730535555e-01 3.564059242228009680e+03
7.906042337028588163e-01 3.368113807490276486e+03
8.685112768820903995e-01 3.189555339990033644e+03
9.540953689793428838e-01 3.029648794364012701e+03
1.048113015153642191e+00 0.000000000000000000e+00
