1.048113066601954503e-02 7.240198630440132692e+05
1.151395323963562076e-02 0.000000000000000000e+00
1.264855132798976302e-02 4.384996322522428818e+05
1.389495400641860279e-02 4.221381306320794974e+05
1.526417862678452857e-02 8.514255871106426930e+05
1.676832820337198493e-02 0.000000000000000000e+00
1.842069839530119726e-02 3.492655037787588662e+05
2.023589503111089191e-02 3.995480326936261845e+05
2.222996321434766651e-02 2.003285375581546105e+05
2.442052915136719640e-02 2.211183013608641631e+05
2.682695595500901239e-02 2.259126311237154878e+05
2.947051480134291537e-02 2.128572961351511476e+05
3.237457295239669353e-02 1.186524619676360162e+05
3.556480030685772731e-02 1.242421429371171253e+05
3.906939630451649464e-02 8.555933529596909648e+04
4.291933919013282694e-02 9.875457896195008652e+04
4.714865984004791566e-02 7.655442322874825913e+04
5.179474257198286163e-02 7.908796144917821221e+04
5.689865559697841746e-02 7.144320555454313580e+04
6.250551403444545850e-02 6.503917444290302956e+04
6.866487869913283359e-02 5.177465811677469173e+04
7.543119418501802176e-02 4.262563427981988934e+04
8.286427011848424007e-02 3.384787937805136607e+04
9.102980983473445142e-02 2.997362753099373367e+04
9.999999115058272325e-02 2.666649150150571950e+04
1.098541043672585787e-01 2.373205744704802419e+04
1.206792531427361148e-01 2.088486224996324017e+04
1.325711244288214907e-01 1.741385001371514227e+04
1.456348342787200378e-01 1.527232009719358030e+04
1.599858570014452974e-01 1.352881734353123829e+04
1.757510458761641914e-01 1.185429069175809855e+04
1.930697544488981787e-01 1.041202746834694153e+04
2.120950683230800604e-01 9.112209713892365471e+03
2.329951583321586417e-01 8.072932989624584479e+03
2.559547670553742882e-01 7.159793014421382395e+03
2.811768418164965477e-01 6.498483037385851276e+03
3.088843286001189403e-01 5.794054519230013284e+03
3.393221427425128778e-01 5.219030405984122808e+03
3.727593338166072523e-01 4.707381001714655213e+03
4.094914638472018087e-01 4.296092645949899634e+03
4.498432198782237879e-01 3.929972009477286520e+03
4.941712839853393824e-01 3.603116876898692681e+03
5.428674861028858212e-01 3.301274397593780122e+03
5.963622675339625978e-01 3.042476535393571339e+03
6.551284857587630350e-01 2.798402529165810392e+03
7.196855941730535555e-01 2.597225332134672499e+03
7.906042337028588163e-01 2.393459610717903161e+03
8.685112768820903995e-01 2.211377381341884757e+03
9.540953689793428838e-01 2.047334626953933821e+03
1.048113015153642191e+00 0.000000000000000000e+00
