1.048113066601954503e-02 3.163792553034523735e+04
1.151395323963562076e-02 0.000000000000000000e+00
1.264855132798976302e-02 1.775769180196382513e+04
1.389495400641860279e-02 1.983187997407478542e+04
1.526417862678452857e-02 3.475440682868176373e+04
1.676832820337198493e-02 0.000000000000000000e+00
1.842069839530119726e-02 1.945809654669465090e+04
2.023589503111089191e-02 2.707860449640114530e+04
2.222996321434766651e-02 2.625667141031852225e+04
2.442052915136719640e-02 2.735771965382881899e+04
2.682695595500901239e-02 2.924992454250196897e+04
2.947051480134291537e-02 2.662602041848706722e+04
3.237457295239669353e-02 3.217750690167163702e+04
3.556480030685772731e-02 2.480722912223226740e+04
3.906939630451649464e-02 2.460038053641375882e+04
4.291933919013282694e-02 2.754405029412661315e+04
4.714865984004791566e-02 2.565213502659561709e+04
5.179474257198286163e-02 2.269155930407478445e+04
5.689865559697841746e-02 2.000106828311090794e+04
6.250551403444545850e-02 2.056238810855361953e+04
6.866487869913283359e-02 2.098581587996286180e+04
7.543119418501802176e-02 2.027167027769009292e+04
8.286427011848424007e-02 1.852310476818183088e+04
9.102980983473445142e-02 1.613824614801256575e+04
9.999999115058272325e-02 1.433525949112419221e+04
1.098541043672585787e-01 1.342584261251146017e+04
1.206792531427361148e-01 1.200622055655394070e+04
1.325711244288214907e-01 1.117508420778699292e+04
1.456348342787200378e-01 1.040179421114987599e+04
1.599858570014452974e-01 9.211044092431871832e+03
1.757510458761641914e-01 8.180766623275500024e+03
1.930697544488981787e-01 7.466095422455595326e+03
2.120950683230800604e-01 6.853056262395517479e+03
2.329951583321586417e-01 6.169190462374861454e+03
2.559547670553742882e-01 5.563615078947496841e+03
2.811768418164965477e-01 5.046734961849945648e+03
3.088843286001189403e-01 4.571792783198314282e+03
3.393221427425128778e-01 4.203831213949424637e+03
3.727593338166072523e-01 3.846812351735669381e+03
4.094914638472018087e-01 3.535107906463456857e+03
4.498432198782237879e-01 3.266653859450605523e+03
4.941712839853393824e-01 3.027797675174941105e+03
5.428674861028858212e-01 2.813483899435133935e+03
5.963622675339625978e-01 2.629875247274798767e+03
6.551284857587630350e-01 2.460529716562051817e+03
7.196855941730535555e-01 2.319097805031752614e+03
7.906042337028588163e-01 2.186875413972779370e+03
8.685112768820903995e-01 2.069395235290827713e+03
9.540953689793428838e-01 1.962823779710522558e+03
1.048113015153642191e+00 0.000000000000000000e+00
