1.048113066601954503e-02 2.612119570072736678e+04
1.151395323963562076e-02 0.000000000000000000e+00
1.264855132798976302e-02 7.063697617542012267e+03
1.389495400641860279e-02 1.263937478556059978e+04
1.526417862678452857e-02 2.057486175017326605e+04
1.676832820337198493e-02 0.000000000000000000e+00
1.842069839530119726e-02 1.538858238403480937e+04
2.023589503111089191e-02 1.967995615603053011e+04
2.222996321434766651e-02 2.641005919984186767e+04
2.442052915136719640e-02 2.956841666064549645e+04
2.682695595500901239e-02 2.763305667236069712e+04
2.947051480134291537e-02 2.944053466940060753e+04
3.237457295239669353e-02 1.982427662272651287e+04
3.556480030685772731e-02 2.326149971134460066e+04
3.906939630451649464e-02 2.076099097062458895e+04
4.291933919013282694e-02 1.806993653027721666e+04
4.714865984004791566e-02 1.905588271757969051e+04
5.179474257198286163e-02 1.792174302888085731e+04
5.689865559697841746e-02 1.648901892069086898e+04
6.250551403444545850e-02 1.645931283716537291e+04
6.866487869913283359e-02 1.538334921041439520e+04
7.543119418501802176e-02 1.478226892660387239e+04
8.286427011848424007e-02 1.350892113791552765e+04
9.102980983473445142e-02 1.255594207420536804e+04
9.999999115058272325e-02 1.102050613263384184e+04
1.098541043672585787e-01 1.024884783044105279e+04
1.206792531427361148e-01 9.376319435268400412e+03
1.325711244288214907e-01 8.298496613105869983e+03
1.456348342787200378e-01 7.621148078059663931e+03
1.599858570014452974e-01 6.923335292856876549e+03
1.757510458761641914e-01 6.240135463357565641e+03
1.930697544488981787e-01 5.658221985333161683e+03
2.120950683230800604e-01 5.148798880474422731e+03
2.329951583321586417e-01 4.596500681926248035e+03
2.559547670553742882e-01 4.239460983514896725e+03
2.811768418164965477e-01 3.863634633130101975e+03
3.088843286001189403e-01 3.508116843877668543e+03
3.393221427425128778e-01 3.250438606118697408e+03
3.727593338166072523e-01 2.974395643796073273e+03
4.094914638472018087e-01 2.759250289578402317e+03
4.498432198782237879e-01 2.554685495511523641e+03
4.941712839853393824e-01 2.390461447921887157e+03
5.428674861028858212e-01 2.227085931776828602e+03
5.963622675339625978e-01 2.089738230346233649e+03
6.551284857587630350e-01 1.965860831565807530e+03
7.196855941730535555e-01 1.854510220546497521e+03
7.906042337028588163e-01 1.743113315963794093e+03
8.685112768820903995e-01 1.641012357681385993e+03
9.540953689793428838e-01 1.545541536787563928e+03
1.048113015153642191e+00 0.000000000000000000e+00
