1.048113066601954503e-02 2.215316025875530904e+05
1.151395323963562076e-02 0.000000000000000000e+00
1.264855132798976302e-02 2.608829884471688420e+05
1.389495400641860279e-02 2.150044690204793587e+05
1.526417862678452857e-02 2.837440942085850984e+05
1.676832820337198493e-02 0.000000000000000000e+00
1.842069839530119726e-02 2.190667827840271057e+05
2.023589503111089191e-02 2.637947966028915253e+05
2.222996321434766651e-02 2.357569453431880975e+05
2.442052915136719640e-02 2.360833592283508624e+05
2.682695595500901239e-02 1.914135065060633933e+05
2.947051480134291537e-02 1.856063516822099918e+05
3.237457295239669353e-02 1.413662988560322556e+05
3.556480030685772731e-02 1.279232038908170362e+05
3.906939630451649464e-02 1.224823138289483759e+05
4.291933919013282694e-02 1.223874939251988253e+05
4.714865984004791566e-02 1.061784179774971999e+05
5.179474257198286163e-02 1.020367700628250459e+05
5.689865559697841746e-02 1.031019584555584588e+05
6.250551403444545850e-02 8.999283474238397321e+04
6.866487869913283359e-02 8.147053497011704894e+04
7.543119418501802176e-02 6.799887492066377308e+04
8.286427011848424007e-02 5.791069672571810952e+04
9.102980983473445142e-02 5.387614872121241933e+04
9.999999115058272325e-02 4.793115524455090053e+04
1.098541043672585787e-01 4.372552371582335036e+04
1.206792531427361148e-01 3.943267199303457164e+04
1.325711244288214907e-01 3.359157472983341722e+04
1.456348342787200378e-01 3.020394636312877628e+04
1.599858570014452974e-01 2.780164121435570996e+04
1.757510458761641914e-01 2.485666321935288579e+04
1.930697544488981787e-01 2.210932291807872025e+04
2.120950683230800604e-01 2.031497196838358650e+04
2.329951583321586417e-01 1.817535869238807209e+04
2.559547670553742882e-01 1.672322158272553497e+04
2.811768418164965477e-01 1.532251683798207523e+04
3.088843286001189403e-01 1.396685342320408017e+04
3.393221427425128778e-01 1.295129027809428590e+04
3.727593338166072523e-01 1.199116012071156729e+04
4.094914638472018087e-01 1.119548041577819640e+04
4.498432198782237879e-01 1.044909301225488889e+04
4.941712839853393824e-01 9.819184371578608989e+03
5.428674861028858212e-01 9.206881651060748482e+03
5.963622675339625978e-01 8.705364563599479879e+03
6.551284857587630350e-01 8.185074811992886680e+03
7.196855941730535555e-01 7.750165923664200818e+03
7.906042337028588163e-01 7.320427767457770642e+03
8.685112768820903995e-01 6.935424270316414550e+03
9.540953689793428838e-01 6.562247064710771156e+03
1.048113015153642191e+00 0.000000000000000000e+00
