1.048113066601954503e-02 2.340406599703545362e+04
1.151395323963562076e-02 0.000000000000000000e+00
1.264855132798976302e-02 6.034506622775459618e+03
1.389495400641860279e-02 2.854910377702127153e+04
1.526417862678452857e-02 2.660053188430894807e+04
1.676832820337198493e-02 0.000000000000000000e+00
1.842069839530119726e-02 1.983619517797448498e+04
2.023589503111089191e-02 1.770197574388563589e+04
2.222996321434766651e-02 3.825835031258864910e+04
2.442052915136719640e-02 3.913373854525305796e+04
2.682695595500901239e-02 2.986755483902988635e+04
2.947051480134291537e-02 3.205237728334494750e+04
3.237457295239669353e-02 2.335161463224605177e+04
3.556480030685772731e-02 3.264755621908546527e+04
3.906939630451649464e-02 3.201887228539109856e+04
4.291933919013282694e-02 2.894365113446518808e+04
4.714865984004791566e-02 3.120520712459027709e+04
5.179474257198286163e-02 2.873135306045270409e+04
5.689865559697841746e-02 2.713349675737265352e+04
6.250551403444545850e-02 2.636144101991186471e+04
6.866487869913283359e-02 2.586585834115328544e+04
7.543119418501802176e-02 2.637202118439078185e+04
8.286427011848424007e-02 2.470774494851021154e+04
9.102980983473445142e-02 2.243101358783390970e+04
9.999999115058272325e-02 2.001223514418086415e+04
1.098541043672585787e-01 1.936027856490137492e+04
1.206792531427361148e-01 1.751282008224636957e+04
1.325711244288214907e-01 1.697998953874356812e+04
1.456348342787200378e-01 1.556166062926978520e+04
1.599858570014452974e-01 1.415090230413774043e+04
1.757510458761641914e-01 1.284655042312174555e+04
1.930697544488981787e-01 1.216035120245430699e+04
2.120950683230800604e-01 1.115764130036991992e+04
2.329951583321586417e-01 1.017713501567512685e+04
2.559547670553742882e-01 9.518367703363608598e+03
2.811768418164965477e-01 8.773636024209514289e+03
3.088843286001189403e-01 8.184039563606815136e+03
3.393221427425128778e-01 7.666011169552608408e+03
3.727593338166072523e-01 7.185027686831532264e+03
4.094914638472018087e-01 6.732456144907444468e+03
4.498432198782237879e-01 6.391666730670596735e+03
4.941712839853393824e-01 6.064758142356875396e+03
5.428674861028858212e-01 5.755836983051352945e+03
5.963622675339625978e-01 5.488796848536163452e+03
6.551284857587630350e-01 5.254561018742306260e+03
7.196855941730535555e-01 5.022780279110922493e+03
7.906042337028588163e-01 4.831448069942429356e+03
8.685112768820903995e-01 4.632438319139210762e+03
9.540953689793428838e-01 4.448309454544806613e+03
1.048113015153642191e+00 0.000000000000000000e+00
