1.048113066601954503e-02 1.812918607915326953e+06
1.151395323963562076e-02 0.000000000000000000e+00
1.264855132798976302e-02 3.776368964875695528e+05
1.389495400641860279e-02 1.310207009571030270e+06
1.526417862678452857e-02 1.328042556067137280e+06
1.676832820337198493e-02 0.000000000000000000e+00
1.842069839530119726e-02 9.198992189857377671e+05
2.023589503111089191e-02 7.640524329484004993e+05
2.222996321434766651e-02 8.359029932932141237e+05
2.442052915136719640e-02 7.231748122091710102e+05
2.682695595500901239e-02 6.106580873767556623e+05
2.947051480134291537e-02 4.157300630647516809e+05
3.237457295239669353e-02 2.261560336282288190e+05
3.556480030685772731e-02 2.048853156833767425e+05
3.906939630451649464e-02 1.529403450094992004e+05
4.291933919013282694e-02 1.208025411174697365e+05
4.714865984004791566e-02 1.059496455139669270e+05
5.179474257198286163e-02 1.301830210521149565e+05
5.689865559697841746e-02 1.207031320850181801e+05
6.250551403444545850e-02 1.332806478557885857e+05
6.866487869913283359e-02 1.177088879471559048e+05
7.543119418501802176e-02 9.858991051263891859e+04
8.286427011848424007e-02 7.688576964166547987e+04
9.102980983473445142e-02 5.669783850389572035e+04
9.999999115058272325e-02 4.860550350786505442e+04
1.098541043672585787e-01 4.534503850981879077e+04
1.206792531427361148e-01 4.205092431317691808e+04
1.325711244288214907e-01 3.741933922277366219e+04
1.456348342787200378e-01 3.334279984500767023e+04
1.599858570014452974e-01 2.829593220824918535e+04
1.757510458761641914e-01 2.562580945700529264e+04
1.930697544488981787e-01 2.304346716217584617e+04
2.120950683230800604e-01 2.058720365625707564e+04
2.329951583321586417e-01 1.872040443220896486e+04
2.559547670553742882e-01 1.682578663242803304e+04
2.811768418164965477e-01 1.548276417888929791e+04
3.088843286001189403e-01 1.400266055796352884e+04
3.393221427425128778e-01 1.278837168139378264e+04
3.727593338166072523e-01 1.180560279340663328e+04
4.094914638472018087e-01 1.088713329757432439e+04
4.498432198782237879e-01 1.011334182661585510e+04
4.941712839853393824e-01 9.391986425399185464e+03
5.428674861028858212e-01 8.715450485954601390e+03
5.963622675339625978e-01 8.147575743390118078e+03
6.551284857587630350e-01 7.582021860222004761e+03
7.196855941730535555e-01 7.051325110755429705e+03
7.906042337028588163e-01 6.555303902998217382e+03
8.685112768820903995e-01 6.038710671681858003e+03
9.540953689793428838e-01 5.561662275187069099e+03
1.048113015153642191e+00 0.000000000000000000e+00
