1.048113066601954503e-02 3.950118941743823234e+05
1.151395323963562076e-02 0.000000000000000000e+00
1.264855132798976302e-02 1.205511698136611813e+05
1.389495400641860279e-02 1.476280321253720322e+05
1.526417862678452857e-02 1.711144364174874790e+05
1.676832820337198493e-02 0.000000000000000000e+00
1.842069839530119726e-02 2.039761437141260831e+05
2.023589503111089191e-02 1.418008371204546420e+05
2.222996321434766651e-02 1.980614356956027332e+05
2.442052915136719640e-02 1.756619948842796730e+05
2.682695595500901239e-02 1.838115725765180541e+05
2.947051480134291537e-02 1.248321463176641264e+05
3.237457295239669353e-02 1.498722132431055070e+05
3.556480030685772731e-02 1.139675910115699662e+05
3.906939630451649464e-02 9.611222864246570680e+04
4.291933919013282694e-02 9.856056953017758497e+04
4.714865984004791566e-02 7.693954413549565652e+04
5.179474257198286163e-02 7.609971806269077933e+04
5.689865559697841746e-02 6.737017020466145186e+04
6.250551403444545850e-02 5.942925647670185572e+04
6.866487869913283359e-02 5.770123675878540234e+04
7.543119418501802176e-02 5.256517076356000325e+04
8.286427011848424007e-02 4.764804490302817430e+04
9.102980983473445142e-02 4.063051164562717895e+04
9.999999115058272325e-02 3.631473614889619057e+04
1.098541043672585787e-01 3.092748108585539376e+04
1.206792531427361148e-01 2.726145766262499455e+04
1.325711244288214907e-01 2.465707289644662887e+04
1.456348342787200378e-01 2.301290933245466294e+04
1.599858570014452974e-01 1.961792688640774577e+04
1.757510458761641914e-01 1.784892851539545154e+04
1.930697544488981787e-01 1.642571088804799001e+04
2.120950683230800604e-01 1.474769014163991596e+04
2.329951583321586417e-01 1.332938617091432025e+04
2.559547670553742882e-01 1.223909264133825309e+04
2.811768418164965477e-01 1.119710979934194984e+04
3.088843286001189403e-01 1.027563764131984135e+04
3.393221427425128778e-01 9.489383287935570479e+03
3.727593338166072523e-01 8.779369884073032154e+03
4.094914638472018087e-01 8.162233367174923842e+03
4.498432198782237879e-01 7.621830319625730226e+03
4.941712839853393824e-01 7.073693832051860227e+03
5.428674861028858212e-01 6.635578954398486530e+03
5.963622675339625978e-01 6.245847474305548531e+03
6.551284857587630350e-01 5.843572841982500904e+03
7.196855941730535555e-01 5.484401147835922529e+03
7.906042337028588163e-01 5.143706317121113898e+03
8.685112768820903995e-01 4.815721785778221602e+03
9.540953689793428838e-01 4.493956676865414011e+03
1.048113015153642191e+00 0.000000000000000000e+00
