1.048113066601954503e-02 3.498710319462449843e+04
1.151395323963562076e-02 0.000000000000000000e+00
1.264855132798976302e-02 1.157721400078171864e+05
1.389495400641860279e-02 8.918857246129127452e+04
1.526417862678452857e-02 6.038341477258760278e+04
1.676832820337198493e-02 0.000000000000000000e+00
1.842069839530119726e-02 8.375939909030920535e+04
2.023589503111089191e-02 1.001780083857009595e+05
2.222996321434766651e-02 1.200163225300656632e+05
2.442052915136719640e-02 1.268048481193483021e+05
2.682695595500901239e-02 5.866503223337947566e+04
2.947051480134291537e-02 7.405310445275642269e+04
3.237457295239669353e-02 9.769653539641192765e+04
3.556480030685772731e-02 8.744030765799571236e+04
3.906939630451649464e-02 7.623230218072053685e+04
4.291933919013282694e-02 7.115193554540160403e+04
4.714865984004791566e-02 6.619848544798727380e+04
5.179474257198286163e-02 6.142863862741224875e+04
5.689865559697841746e-02 5.649451996342686471e+04
6.250551403444545850e-02 5.120735251052733656e+04
6.866487869913283359e-02 4.922342133470050612e+04
7.543119418501802176e-02 4.586842953711213340e+04
8.286427011848424007e-02 4.441692192138848623e+04
9.102980983473445142e-02 3.722116081253693119e+04
9.999999115058272325e-02 3.329043215236228571e+04
1.098541043672585787e-01 2.903953161855381040e+04
1.206792531427361148e-01 2.623992082819520147e+04
1.325711244288214907e-01 2.409733092182980909e+04
1.456348342787200378e-01 2.233157835983033510e+04
1.599858570014452974e-01 1.966075480427485309e+04
1.757510458761641914e-01 1.759644612925034744e+04
1.930697544488981787e-01 1.631673940585433957e+04
2.120950683230800604e-01 1.493941257864509134e+04
2.329951583321586417e-01 1.359769118964484187e+04
2.559547670553742882e-01 1.255231488368250029e+04
2.811768418164965477e-01 1.143050216775455556e+04
3.088843286001189403e-01 1.065750599199518911e+04
3.393221427425128778e-01 9.873141186609787837e+03
3.727593338166072523e-01 9.152629032431454107e+03
4.094914638472018087e-01 8.625029310433363207e+03
4.498432198782237879e-01 8.125395912008509185e+03
4.941712839853393824e-01 7.625095457359080683e+03
5.428674861028858212e-01 7.209416329823541673e+03
5.963622675339625978e-01 6.808783878139035551e+03
6.551284857587630350e-01 6.446219311436680073e+03
7.196855941730535555e-01 6.087997101294138702e+03
7.906042337028588163e-01 5.765298734877228526e+03
8.685112768820903995e-01 5.437990459284045755e+03
9.540953689793428838e-01 5.122573648785196383e+03
1.048113015153642191e+00 0.000000000000000000e+00
