1.048113066601954503e-02 1.828167220046881121e+05
1.151395323963562076e-02 0.000000000000000000e+00
1.264855132798976302e-02 1.641784143062005460e+05
1.389495400641860279e-02 2.098650026126455923e+05
1.526417862678452857e-02 1.919117595998693141e+05
1.676832820337198493e-02 0.000000000000000000e+00
1.842069839530119726e-02 1.602642916358777147e+05
2.023589503111089191e-02 1.754024115926975501e+05
2.222996321434766651e-02 1.908742005623459409e+05
2.442052915136719640e-02 1.712050588039773575e+05
2.682695595500901239e-02 1.633241551839187741e+05
2.947051480134291537e-02 1.259743289389255806e+05
3.237457295239669353e-02 1.224722384195266350e+05
3.556480030685772731e-02 1.116553884358147625e+05
3.906939630451649464e-02 1.003190360365657107e+05
4.291933919013282694e-02 9.373422790728317341e+04
4.714865984004791566e-02 8.363780474818096263e+04
5.179474257198286163e-02 7.976546782500162954e+04
5.689865559697841746e-02 6.692891697254855535e+04
6.250551403444545850e-02 6.533667296470447764e+04
6.866487869913283359e-02 5.803390678012891294e+04
7.543119418501802176e-02 5.568382099702405685e+04
8.286427011848424007e-02 4.561378972866554977e+04
9.102980983473445142e-02 3.940072480868674029e+04
9.999999115058272325e-02 3.463985535656818683e+04
1.098541043672585787e-01 3.055096008921094108e+04
1.206792531427361148e-01 2.902933241834325236e+04
1.325711244288214907e-01 2.603088856044325803e+04
1.456348342787200378e-01 2.282183444740434061e+04
1.599858570014452974e-01 2.022638445326904184e+04
1.757510458761641914e-01 1.826943238911632579e+04
1.930697544488981787e-01 1.688153839870839147e+04
2.120950683230800604e-01 1.518978423553397988e+04
2.329951583321586417e-01 1.374734560012677321e+04
2.559547670553742882e-01 1.246824115061626435e+04
2.811768418164965477e-01 1.145033565962177090e+04
3.088843286001189403e-01 1.054387788659218313e+04
3.393221427425128778e-01 9.771612197671795002e+03
3.727593338166072523e-01 9.055158934395612960e+03
4.094914638472018087e-01 8.457845789861934463e+03
4.498432198782237879e-01 7.890328972622135552e+03
4.941712839853393824e-01 7.385221409405383383e+03
5.428674861028858212e-01 6.935287753949529360e+03
5.963622675339625978e-01 6.522689667139347875e+03
6.551284857587630350e-01 6.114374050641471513e+03
7.196855941730535555e-01 5.755807196094736355e+03
7.906042337028588163e-01 5.406950962776013512e+03
8.685112768820903995e-01 5.057419899353211804e+03
9.540953689793428838e-01 4.726663063319197136e+03
1.048113015153642191e+00 0.000000000000000000e+00
