1.048113066601954503e-02 1.249637556746067276e+05
1.151395323963562076e-02 0.000000000000000000e+00
1.264855132798976302e-02 1.531768358204879914e+05
1.389495400641860279e-02 8.719450810448886477e+04
1.526417862678452857e-02 6.050251668104936834e+04
1.676832820337198493e-02 0.000000000000000000e+00
1.842069839530119726e-02 7.723754939080298936e+04
2.023589503111089191e-02 1.194483632191204233e+05
2.222996321434766651e-02 7.127758765600256447e+04
2.442052915136719640e-02 8.536330968403376755e+04
2.682695595500901239e-02 7.455812067355902400e+04
2.947051480134291537e-02 6.731812781629257370e+04
3.237457295239669353e-02 6.919076644681973266e+04
3.556480030685772731e-02 6.410929667677430552e+04
3.906939630451649464e-02 5.278016457075893413e+04
4.291933919013282694e-02 4.660785357435318292e+04
4.714865984004791566e-02 4.193179258157294680e+04
5.179474257198286163e-02 4.340954810850995273e+04
5.689865559697841746e-02 3.965427879597616266e+04
6.250551403444545850e-02 3.759046356634379481e+04
6.866487869913283359e-02 3.145066769107153959e+04
7.543119418501802176e-02 2.763149658791023103e+04
8.286427011848424007e-02 2.261306187988663078e+04
9.102980983473445142e-02 2.000387428568851101e+04
9.999999115058272325e-02 1.786750536216877299e+04
1.098541043672585787e-01 1.668214506249877377e+04
1.206792531427361148e-01 1.485795478099915817e+04
1.325711244288214907e-01 1.259391565514275680e+04
1.456348342787200378e-01 1.121732257007108092e+04
1.599858570014452974e-01 9.827107273290832381e+03
1.757510458761641914e-01 8.607237266171936426e+03
1.930697544488981787e-01 7.619244457487458021e+03
2.120950683230800604e-01 6.937080415436164913e+03
2.329951583321586417e-01 6.117904856420175747e+03
2.559547670553742882e-01 5.476265353268375293e+03
2.811768418164965477e-01 4.928580799749872313e+03
3.088843286001189403e-01 4.462031255392910680e+03
3.393221427425128778e-01 4.054200065746139444e+03
3.727593338166072523e-01 3.686050916551677801e+03
4.094914638472018087e-01 3.369156063982400156e+03
4.498432198782237879e-01 3.097515134870657675e+03
4.941712839853393824e-01 2.864877514741456707e+03
5.428674861028858212e-01 2.649354715379372465e+03
5.963622675339625978e-01 2.463090079383840475e+03
6.551284857587630350e-01 2.291022573390576781e+03
7.196855941730535555e-01 2.133769254816164448e+03
7.906042337028588163e-01 1.993020267404169772e+03
8.685112768820903995e-01 1.861354385470747729e+03
9.540953689793428838e-01 1.741408726204783534e+03
1.048113015153642191e+00 0.000000000000000000e+00
