1.048113066601954503e-02 1.605209734021468612e+05
1.151395323963562076e-02 0.000000000000000000e+00
1.264855132798976302e-02 1.069652214773557207e+05
1.389495400641860279e-02 1.278091582752760733e+05
1.526417862678452857e-02 1.285111040568895987e+05
1.676832820337198493e-02 0.000000000000000000e+00
1.842069839530119726e-02 6.698930955870155594e+04
2.023589503111089191e-02 9.553574952744581969e+04
2.222996321434766651e-02 8.696550740407372359e+04
2.442052915136719640e-02 1.412492191731925122e+05
2.682695595500901239e-02 1.061568175913684245e+05
2.947051480134291537e-02 8.958484382519398059e+04
3.237457295239669353e-02 9.751235566299254424e+04
3.556480030685772731e-02 9.783380624703715148e+04
3.906939630451649464e-02 7.833395347109022259e+04
4.291933919013282694e-02 7.577268413388055342e+04
4.714865984004791566e-02 6.978035546568845166e+04
5.179474257198286163e-02 6.385395930556987878e+04
5.689865559697841746e-02 6.045984256726868625e+04
6.250551403444545850e-02 5.718950900009340694e+04
6.866487869913283359e-02 5.420060010198630334e+04
7.543119418501802176e-02 4.890707553893084696e+04
8.286427011848424007e-02 4.340018891794386582e+04
9.102980983473445142e-02 3.731480784496806154e+04
9.999999115058272325e-02 3.234242914746004317e+04
1.098541043672585787e-01 2.920535897114612089e+04
1.206792531427361148e-01 2.664770284068864203e+04
1.325711244288214907e-01 2.454785905839071711e+04
1.456348342787200378e-01 2.243540587263850466e+04
1.599858570014452974e-01 1.926373325622784978e+04
1.757510458761641914e-01 1.734543399935757043e+04
1.930697544488981787e-01 1.588308751882473553e+04
2.120950683230800604e-01 1.436922548921256202e+04
2.329951583321586417e-01 1.308089118596391745e+04
2.559547670553742882e-01 1.189829939103416837e+04
2.811768418164965477e-01 1.084850921991140422e+04
3.088843286001189403e-01 9.970219701925230765e+03
3.393221427425128778e-01 9.125206426847285911e+03
3.727593338166072523e-01 8.520887740481633955e+03
4.094914638472018087e-01 7.932148603757340425e+03
4.498432198782237879e-01 7.377203733633101365e+03
4.941712839853393824e-01 6.889896353374235332e+03
5.428674861028858212e-01 6.459494865082855540e+03
5.963622675339625978e-01 6.086553611186237504e+03
6.551284857587630350e-01 5.727707319348264718e+03
7.196855941730535555e-01 5.391235640963587684e+03
7.906042337028588163e-01 5.097897385271265193e+03
8.685112768820903995e-01 4.822248282516638938e+03
9.540953689793428838e-01 4.557624300525945728e+03
1.048113015153642191e+00 0.000000000000000000e+00
