1.048113066601954503e-02 7.669842907853802899e+04
1.151395323963562076e-02 0.000000000000000000e+00
1.264855132798976302e-02 6.305273399262300518e+04
1.389495400641860279e-02 9.016131572487363883e+04
1.526417862678452857e-02 1.198876953373052384e+05
1.676832820337198493e-02 0.000000000000000000e+00
1.842069839530119726e-02 7.887995989562051545e+04
2.023589503111089191e-02 1.115371803601579450e+05
2.222996321434766651e-02 1.020805680172845314e+05
2.442052915136719640e-02 9.280760057409043657e+04
2.682695595500901239e-02 9.691127956950326916e+04
2.947051480134291537e-02 1.072376773566845222e+05
3.237457295239669353e-02 9.042910354284923233e+04
3.556480030685772731e-02 8.886779406268332968e+04
3.906939630451649464e-02 8.411566694339219248e+04
4.291933919013282694e-02 6.636801748843211681e+04
4.714865984004791566e-02 5.007986655914635048e+04
5.179474257198286163e-02 5.436905912518827245e+04
5.689865559697841746e-02 5.408280419837827503e+04
6.250551403444545850e-02 5.082941548591822357e+04
6.866487869913283359e-02 4.594399889658969914e+04
7.543119418501802176e-02 4.487995793492210942e+04
8.286427011848424007e-02 4.176618364891495730e+04
9.102980983473445142e-02 3.721700433271541988e+04
9.999999115058272325e-02 3.094944918038961623e+04
1.098541043672585787e-01 2.719792482684794959e+04
1.206792531427361148e-01 2.457409978344509364e+04
1.325711244288214907e-01 2.266999562798211991e+04
1.456348342787200378e-01 2.132461469478670915e+04
1.599858570014452974e-01 1.900381178491689570e+04
1.757510458761641914e-01 1.687358799444962642e+04
1.930697544488981787e-01 1.524584383611865633e+04
2.120950683230800604e-01 1.403883585903107814e+04
2.329951583321586417e-01 1.275892893244705920e+04
2.559547670553742882e-01 1.172775285718718806e+04
2.811768418164965477e-01 1.075766970651316296e+04
3.088843286001189403e-01 9.953657236934748653e+03
3.393221427425128778e-01 9.263956986372193569e+03
3.727593338166072523e-01 8.618262501573171903e+03
4.094914638472018087e-01 8.096707245997555219e+03
4.498432198782237879e-01 7.584125256398589045e+03
4.941712839853393824e-01 7.167076488750908538e+03
5.428674861028858212e-01 6.749998198745710397e+03
5.963622675339625978e-01 6.376490545773895064e+03
6.551284857587630350e-01 6.023237414417870241e+03
7.196855941730535555e-01 5.709073218875288148e+03
7.906042337028588163e-01 5.402605960327027788e+03
8.685112768820903995e-01 5.124934990724454110e+03
9.540953689793428838e-01 4.837684684565640964e+03
1.048113015153642191e+00 0.000000000000000000e+00
