1.048113066601954503e-02 4.429948045524447662e+04
1.151395323963562076e-02 0.000000000000000000e+00
1.264855132798976302e-02 1.201500769503806259e+04
1.389495400641860279e-02 2.144439544653844132e+04
1.526417862678452857e-02 3.492517858827730379e+04
1.676832820337198493e-02 0.000000000000000000e+00
1.842069839530119726e-02 2.621090607827081840e+04
2.023589503111089191e-02 3.338713838084960298e+04
2.222996321434766651e-02 4.479064654691856413e+04
2.442052915136719640e-02 5.035040615717662877e+04
2.682695595500901239e-02 4.697604747800279438e+04
2.947051480134291537e-02 5.009206367481133930e+04
3.237457295239669353e-02 3.374483851819633855e+04
3.556480030685772731e-02 3.957890837266532617e+04
3.906939630451649464e-02 3.529527392141623568e+04
4.291933919013282694e-02 3.077204990188474767e+04
4.714865984004791566e-02 3.245801132995630178e+04
5.179474257198286163e-02 3.058540924693606212e+04
5.689865559697841746e-02 2.817236905687498074e+04
6.250551403444545850e-02 2.812693456190843426e+04
6.866487869913283359e-02 2.634611220107685222e+04
7.543119418501802176e-02 2.533763728984111367e+04
8.286427011848424007e-02 2.320999172351622110e+04
9.102980983473445142e-02 2.160277448447102870e+04
9.999999115058272325e-02 1.902406107581287506e+04
1.098541043672585787e-01 1.774263483515065673e+04
1.206792531427361148e-01 1.629472941064898987e+04
1.325711244288214907e-01 1.445269386218807995e+04
1.456348342787200378e-01 1.334383122780761005e+04
1.599858570014452974e-01 1.216359068240486158e+04
1.757510458761641914e-01 1.102474461614249594e+04
1.930697544488981787e-01 1.005352089713351052e+04
2.120950683230800604e-01 9.200695544724450883e+03
2.329951583321586417e-01 8.266919850958784082e+03
2.559547670553742882e-01 7.674094201309289929e+03
2.811768418164965477e-01 7.040312605642566268e+03
3.088843286001189403e-01 6.439250450697903943e+03
3.393221427425128778e-01 6.008895976150043680e+03
3.727593338166072523e-01 5.538686141472504460e+03
4.094914638472018087e-01 5.177347696665753574e+03
4.498432198782237879e-01 4.830146805762740769e+03
4.941712839853393824e-01 4.554803733960846330e+03
5.428674861028858212e-01 4.275382910941132650e+03
5.963622675339625978e-01 4.042961460354117662e+03
6.551284857587630350e-01 3.834074107769677084e+03
7.196855941730535555e-01 3.644444589995368460e+03
7.906042337028588163e-01 3.452724449541608465e+03
8.685112768820903995e-01 3.276300736396533921e+03
9.540953689793428838e-01 3.110582182602599460e+03
1.048113015153642191e+00 0.000000000000000000e+00
