1.048113066601954503e-02 1.265931662306703365e+05
1.151395323963562076e-02 0.000000000000000000e+00
1.264855132798976302e-02 7.282845873509498779e+04
1.389495400641860279e-02 1.050368881734443567e+05
1.526417862678452857e-02 1.166722977359307697e+05
1.676832820337198493e-02 0.000000000000000000e+00
1.842069839530119726e-02 1.006805763825321919e+05
2.023589503111089191e-02 9.724431448983383598e+04
2.222996321434766651e-02 8.678470321935846005e+04
2.442052915136719640e-02 9.494294707099662628e+04
2.682695595500901239e-02 1.153446352612542105e+05
2.947051480134291537e-02 1.082280863903181453e+05
3.237457295239669353e-02 8.977617498769464146e+04
3.556480030685772731e-02 7.447734562333687791e+04
3.906939630451649464e-02 7.314519516009786457e+04
4.291933919013282694e-02 6.590760828756759292e+04
4.714865984004791566e-02 6.228184050647913682e+04
5.179474257198286163e-02 5.561687810357878334e+04
5.689865559697841746e-02 5.178181375513359671e+04
6.250551403444545850e-02 4.936527028980353498e+04
6.866487869913283359e-02 4.612385363404481905e+04
7.543119418501802176e-02 4.185138456533297722e+04
8.286427011848424007e-02 3.652819590925767261e+04
9.102980983473445142e-02 3.236302607770218310e+04
9.999999115058272325e-02 2.736885583258972110e+04
1.098541043672585787e-01 2.498513847708769026e+04
1.206792531427361148e-01 2.233543169242988006e+04
1.325711244288214907e-01 2.010158944531060843e+04
1.456348342787200378e-01 1.805087854958239041e+04
1.599858570014452974e-01 1.571732911402234458e+04
1.757510458761641914e-01 1.439458041328760737e+04
1.930697544488981787e-01 1.289833620550639898e+04
2.120950683230800604e-01 1.140836101873272673e+04
2.329951583321586417e-01 1.038926909141232500e+04
2.559547670553742882e-01 9.395726943788024073e+03
2.811768418164965477e-01 8.584399999991890581e+03
3.088843286001189403e-01 7.769746224103389977e+03
3.393221427425128778e-01 7.152919580074581972e+03
3.727593338166072523e-01 6.581916140210678350e+03
4.094914638472018087e-01 6.045105652361483408e+03
4.498432198782237879e-01 5.603686638357141419e+03
4.941712839853393824e-01 5.232034488784710447e+03
5.428674861028858212e-01 4.869908279005624536e+03
5.963622675339625978e-01 4.561634532302907246e+03
6.551284857587630350e-01 4.276139321999459753e+03
7.196855941730535555e-01 4.020840729791699232e+03
7.906042337028588163e-01 3.774766119871669616e+03
8.685112768820903995e-01 3.549383603477946963e+03
9.540953689793428838e-01 3.345606763947236686e+03
1.048113015153642191e+00 0.000000000000000000e+00
