1.048113066601954503e-02 3.769393133730207046e+04
1.151395323963562076e-02 0.000000000000000000e+00
1.264855132798976302e-02 3.309084213682650443e+04
1.389495400641860279e-02 4.068284239905008872e+04
1.526417862678452857e-02 3.188840460310861818e+04
1.676832820337198493e-02 0.000000000000000000e+00
1.842069839530119726e-02 4.930120792578957480e+04
2.023589503111089191e-02 5.594777280611281458e+04
2.222996321434766651e-02 3.975876435607855819e+04
2.442052915136719640e-02 4.541931224687675422e+04
2.682695595500901239e-02 5.411671672685399244e+04
2.947051480134291537e-02 4.615481999786120286e+04
3.237457295239669353e-02 4.585521742903711856e+04
3.556480030685772731e-02 4.391775724082160013e+04
3.906939630451649464e-02 3.753143553374812473e+04
4.291933919013282694e-02 3.661751806301451143e+04
4.714865984004791566e-02 3.222727565800052616e+04
5.179474257198286163e-02 2.823279027058977590e+04
5.689865559697841746e-02 2.673236877028160598e+04
6.250551403444545850e-02 2.532594705383228938e+04
6.866487869913283359e-02 2.369100229799541194e+04
7.543119418501802176e-02 2.319274812258518068e+04
8.286427011848424007e-02 2.205191732718461571e+04
9.102980983473445142e-02 1.891497940029722304e+04
9.999999115058272325e-02 1.644591794500446849e+04
1.098541043672585787e-01 1.418006808385511067e+04
1.206792531427361148e-01 1.290148190338513996e+04
1.325711244288214907e-01 1.184834225939443058e+04
1.456348342787200378e-01 1.054580045965454156e+04
1.599858570014452974e-01 9.653166658440612082e+03
1.757510458761641914e-01 8.484291398246410608e+03
1.930697544488981787e-01 7.636962134316946504e+03
2.120950683230800604e-01 6.893178420173891936e+03
2.329951583321586417e-01 6.246928103591253603e+03
2.559547670553742882e-01 5.611879851861404859e+03
2.811768418164965477e-01 5.167477521493470704e+03
3.088843286001189403e-01 4.685176405095007794e+03
3.393221427425128778e-01 4.344045668504108107e+03
3.727593338166072523e-01 3.989307051879693518e+03
4.094914638472018087e-01 3.680527728617973935e+03
4.498432198782237879e-01 3.427552130833851152e+03
4.941712839853393824e-01 3.195507544886364485e+03
5.428674861028858212e-01 2.991046557022362776e+03
5.963622675339625978e-01 2.799360127701156671e+03
6.551284857587630350e-01 2.625254304358317768e+03
7.196855941730535555e-01 2.457074998827785748e+03
7.906042337028588163e-01 2.307000676117660078e+03
8.685112768820903995e-01 2.151172038225989127e+03
9.540953689793428838e-01 2.009226102153524153e+03
1.048113015153642191e+00 0.000000000000000000e+00
