1.048113066601954503e-02 3.529392431459522049e+04
1.151395323963562076e-02 0.000000000000000000e+00
1.264855132798976302e-02 3.059543305137590869e+04
1.389495400641860279e-02 4.354508152196183801e+04
1.526417862678452857e-02 6.074814406933053397e+04
1.676832820337198493e-02 0.000000000000000000e+00
1.842069839530119726e-02 5.083783243028623110e+04
2.023589503111089191e-02 3.891267719465344999e+04
2.222996321434766651e-02 6.222877615252840042e+04
2.442052915136719640e-02 6.279243275876309781e+04
2.682695595500901239e-02 5.269335680730404420e+04
2.947051480134291537e-02 6.958096843853121391e+04
3.237457295239669353e-02 5.122578381547836034e+04
3.556480030685772731e-02 4.934141558425844414e+04
3.906939630451649464e-02 4.036630764469399583e+04
4.291933919013282694e-02 4.645282987219039933e+04
4.714865984004791566e-02 4.194788688242356875e+04
5.179474257198286163e-02 3.933095772895376285e+04
5.689865559697841746e-02 3.788535401382498094e+04
6.250551403444545850e-02 3.659832055457508250e+04
6.866487869913283359e-02 3.474069470949473180e+04
7.543119418501802176e-02 3.146379782301173691e+04
8.286427011848424007e-02 3.141748006135809555e+04
9.102980983473445142e-02 2.753886531628557350e+04
9.999999115058272325e-02 2.382908159002910179e+04
1.098541043672585787e-01 2.240374783832454705e+04
1.206792531427361148e-01 2.004144265261044711e+04
1.325711244288214907e-01 1.875718533480884798e+04
1.456348342787200378e-01 1.686880809303086789e+04
1.599858570014452974e-01 1.503996182850358127e+04
1.757510458761641914e-01 1.379845815660673543e+04
1.930697544488981787e-01 1.273935901452518920e+04
2.120950683230800604e-01 1.150046154185052728e+04
2.329951583321586417e-01 1.039506274467999719e+04
2.559547670553742882e-01 9.599579495296084133e+03
2.811768418164965477e-01 8.772626139127456554e+03
3.088843286001189403e-01 8.023520307866365329e+03
3.393221427425128778e-01 7.494151150022473303e+03
3.727593338166072523e-01 6.944209252074407232e+03
4.094914638472018087e-01 6.479592884833235985e+03
4.498432198782237879e-01 6.056027086608359241e+03
4.941712839853393824e-01 5.692054727707694838e+03
5.428674861028858212e-01 5.362418144324376044e+03
5.963622675339625978e-01 5.071990540109150970e+03
6.551284857587630350e-01 4.825084400083067521e+03
7.196855941730535555e-01 4.572229445579570893e+03
7.906042337028588163e-01 4.346615979256174796e+03
8.685112768820903995e-01 4.145401161529904130e+03
9.540953689793428838e-01 3.947663259700058006e+03
1.048113015153642191e+00 0.000000000000000000e+00
