1.048113066601954503e-02 5.646041774766379967e+04
1.151395323963562076e-02 0.000000000000000000e+00
1.264855132798976302e-02 6.985842171332088765e+04
1.389495400641860279e-02 6.622911113185565046e+04
1.526417862678452857e-02 6.109001211806631181e+04
1.676832820337198493e-02 0.000000000000000000e+00
1.842069839530119726e-02 8.628718453948330716e+04
2.023589503111089191e-02 1.094039273535750835e+05
2.222996321434766651e-02 7.070220449121420097e+04
2.442052915136719640e-02 5.494231758873422223e+04
2.682695595500901239e-02 5.915060930600430584e+04
2.947051480134291537e-02 5.083824179627446574e+04
3.237457295239669353e-02 5.853635031299703405e+04
3.556480030685772731e-02 5.428780381724188192e+04
3.906939630451649464e-02 4.642691225123155164e+04
4.291933919013282694e-02 4.744690825094963657e+04
4.714865984004791566e-02 3.915255662862609461e+04
5.179474257198286163e-02 3.916479296176671050e+04
5.689865559697841746e-02 3.514287013514430873e+04
6.250551403444545850e-02 3.511383798990675859e+04
6.866487869913283359e-02 2.910091023043334280e+04
7.543119418501802176e-02 2.714582009090218344e+04
8.286427011848424007e-02 2.366071137312412611e+04
9.102980983473445142e-02 2.017790080878986919e+04
9.999999115058272325e-02 1.779445790310597658e+04
1.098541043672585787e-01 1.515219544525027413e+04
1.206792531427361148e-01 1.372652885089376286e+04
1.325711244288214907e-01 1.276482892041843661e+04
1.456348342787200378e-01 1.097696068678426309e+04
1.599858570014452974e-01 9.472178488192295845e+03
1.757510458761641914e-01 8.415555567827328559e+03
1.930697544488981787e-01 7.455678870397758146e+03
2.120950683230800604e-01 6.560165639863582328e+03
2.329951583321586417e-01 5.843338123110331253e+03
2.559547670553742882e-01 5.222089724897000451e+03
2.811768418164965477e-01 4.659805419620278371e+03
3.088843286001189403e-01 4.192203700156933337e+03
3.393221427425128778e-01 3.779959735025002828e+03
3.727593338166072523e-01 3.397411095724285587e+03
4.094914638472018087e-01 3.080078458595256961e+03
4.498432198782237879e-01 2.819744661959392943e+03
4.941712839853393824e-01 2.571290652644518104e+03
5.428674861028858212e-01 2.372568874974941082e+03
5.963622675339625978e-01 2.177773304640645620e+03
6.551284857587630350e-01 2.018998816262097307e+03
7.196855941730535555e-01 1.862742096719365691e+03
7.906042337028588163e-01 1.739790398974354503e+03
8.685112768820903995e-01 1.615407998793253910e+03
9.540953689793428838e-01 1.508528196429608670e+03
1.048113015153642191e+00 0.000000000000000000e+00
