1.048113066601954503e-02 2.941511223954175366e+05
1.151395323963562076e-02 0.000000000000000000e+00
1.264855132798976302e-02 5.727191705854522297e+05
1.389495400641860279e-02 6.528983501981636509e+05
1.526417862678452857e-02 7.290008878290981520e+05
1.676832820337198493e-02 0.000000000000000000e+00
1.842069839530119726e-02 3.160343281472177478e+05
2.023589503111089191e-02 3.813373987891111756e+05
2.222996321434766651e-02 3.419978141502005747e+05
2.442052915136719640e-02 3.169872357865785598e+05
2.682695595500901239e-02 2.577949641595839057e+05
2.947051480134291537e-02 1.910996482148717623e+05
3.237457295239669353e-02 1.965219536754917353e+05
3.556480030685772731e-02 1.295778557607365656e+05
3.906939630451649464e-02 1.436480051690085675e+05
4.291933919013282694e-02 1.261333371898477635e+05
4.714865984004791566e-02 1.228374984740283689e+05
5.179474257198286163e-02 1.066881252031779441e+05
5.689865559697841746e-02 1.032675320380946505e+05
6.250551403444545850e-02 9.418449879469846201e+04
6.866487869913283359e-02 7.357058012525289087e+04
7.543119418501802176e-02 6.039634800739467028e+04
8.286427011848424007e-02 4.774205368099589396e+04
9.102980983473445142e-02 4.317012942126741109e+04
9.999999115058272325e-02 4.189267395184920315e+04
1.098541043672585787e-01 3.733958483461643482e+04
1.206792531427361148e-01 3.148866576005318348e+04
1.325711244288214907e-01 2.748713664100434835e+04
1.456348342787200378e-01 2.417273702232462529e+04
1.599858570014452974e-01 2.166520808631705950e+04
1.757510458761641914e-01 1.943814280932493057e+04
1.930697544488981787e-01 1.757026083338258104e+04
2.120950683230800604e-01 1.566587287401910726e+04
2.329951583321586417e-01 1.397069089937185345e+04
2.559547670553742882e-01 1.270390413581437315e+04
2.811768418164965477e-01 1.170708661314977144e+04
3.088843286001189403e-01 1.058771635043981041e+04
3.393221427425128778e-01 9.734718184209914398e+03
3.727593338166072523e-01 9.012750670563613312e+03
4.094914638472018087e-01 8.332554837021683852e+03
4.498432198782237879e-01 7.707132845740910852e+03
4.941712839853393824e-01 7.137014995996936705e+03
5.428674861028858212e-01 6.658463948497250385e+03
5.963622675339625978e-01 6.169876018581816425e+03
6.551284857587630350e-01 5.762547596476453691e+03
7.196855941730535555e-01 5.362176332510377506e+03
7.906042337028588163e-01 4.982087905776375919e+03
8.685112768820903995e-01 4.600202986053864151e+03
9.540953689793428838e-01 4.230561566888713060e+03
1.048113015153642191e+00 0.000000000000000000e+00
