1.048113066601954503e-02 1.003032743985548150e+05
1.151395323963562076e-02 0.000000000000000000e+00
1.264855132798976302e-02 1.665144972146587097e+05
1.389495400641860279e-02 1.514558031976660131e+05
1.526417862678452857e-02 8.141686247771870694e+04
1.676832820337198493e-02 0.000000000000000000e+00
1.842069839530119726e-02 8.503925080245165736e+04
2.023589503111089191e-02 1.177095298517350166e+05
2.222996321434766651e-02 1.031708287269619032e+05
2.442052915136719640e-02 1.299759049827596173e+05
2.682695595500901239e-02 1.228545777923844871e+05
2.947051480134291537e-02 8.691211078009649646e+04
3.237457295239669353e-02 9.835493277723123902e+04
3.556480030685772731e-02 1.101623038714283030e+05
3.906939630451649464e-02 8.217758333563542692e+04
4.291933919013282694e-02 8.404257468167231127e+04
4.714865984004791566e-02 7.524282738225383218e+04
5.179474257198286163e-02 5.725839598345929699e+04
5.689865559697841746e-02 5.859695128860544355e+04
6.250551403444545850e-02 5.930630349793227651e+04
6.866487869913283359e-02 5.277388037641583651e+04
7.543119418501802176e-02 4.796170819010554987e+04
8.286427011848424007e-02 4.604789425470065908e+04
9.102980983473445142e-02 3.911385399278658588e+04
9.999999115058272325e-02 3.542480987151485897e+04
1.098541043672585787e-01 2.990271087797359723e+04
1.206792531427361148e-01 2.733683985791111627e+04
1.325711244288214907e-01 2.463035788832893013e+04
1.456348342787200378e-01 2.343719424473135950e+04
1.599858570014452974e-01 2.064019026929666143e+04
1.757510458761641914e-01 1.837754713580139651e+04
1.930697544488981787e-01 1.653224328231894469e+04
2.120950683230800604e-01 1.499446860674063282e+04
2.329951583321586417e-01 1.358026151452620616e+04
2.559547670553742882e-01 1.228521174116054863e+04
2.811768418164965477e-01 1.110038046173223302e+04
3.088843286001189403e-01 1.019487674090968176e+04
3.393221427425128778e-01 9.367610885719099315e+03
3.727593338166072523e-01 8.589741684164559047e+03
4.094914638472018087e-01 7.993203784134904708e+03
4.498432198782237879e-01 7.444179223797785198e+03
4.941712839853393824e-01 6.931509312186687566e+03
5.428674861028858212e-01 6.472492031682331799e+03
5.963622675339625978e-01 6.088641015854649595e+03
6.551284857587630350e-01 5.713496846061377255e+03
7.196855941730535555e-01 5.380694894367273264e+03
7.906042337028588163e-01 5.086073655761114424e+03
8.685112768820903995e-01 4.800011620560895608e+03
9.540953689793428838e-01 4.529766531093797312e+03
1.048113015153642191e+00 0.000000000000000000e+00
