1.048113066601954503e-02 4.142247434630619828e+06
1.151395323963562076e-02 0.000000000000000000e+00
1.264855132798976302e-02 1.495730153020762606e+06
1.389495400641860279e-02 1.436170267559994012e+06
1.526417862678452857e-02 1.245482350225131959e+06
1.676832820337198493e-02 0.000000000000000000e+00
1.842069839530119726e-02 1.202017816961771576e+06
2.023589503111089191e-02 9.904726262238621712e+05
2.222996321434766651e-02 1.054980448392936261e+06
2.442052915136719640e-02 3.947523828639858984e+05
2.682695595500901239e-02 3.883143191566409660e+05
2.947051480134291537e-02 4.476335696714338264e+05
3.237457295239669353e-02 3.557229446395626292e+05
3.556480030685772731e-02 3.299704376656891545e+05
3.906939630451649464e-02 2.296730060583135928e+05
4.291933919013282694e-02 1.915166608088066569e+05
4.714865984004791566e-02 1.666393696425981470e+05
5.179474257198286163e-02 1.717406485737677722e+05
5.689865559697841746e-02 1.603370384503702517e+05
6.250551403444545850e-02 1.440331305571551784e+05
6.866487869913283359e-02 1.534625405049757974e+05
7.543119418501802176e-02 1.330224570836660278e+05
8.286427011848424007e-02 1.042538308001413534e+05
9.102980983473445142e-02 8.821937497743751737e+04
9.999999115058272325e-02 7.166078607071538863e+04
1.098541043672585787e-01 6.492490536613785662e+04
1.206792531427361148e-01 5.913785196515855205e+04
1.325711244288214907e-01 5.596055964936465898e+04
1.456348342787200378e-01 4.863987938495076378e+04
1.599858570014452974e-01 4.310682041497973114e+04
1.757510458761641914e-01 3.857595674983172648e+04
1.930697544488981787e-01 3.430570406102783454e+04
2.120950683230800604e-01 3.162725020928700542e+04
2.329951583321586417e-01 2.880556261167033517e+04
2.559547670553742882e-01 2.669742069713197998e+04
2.811768418164965477e-01 2.414691277525471014e+04
3.088843286001189403e-01 2.202682477677889256e+04
3.393221427425128778e-01 2.029937675155793841e+04
3.727593338166072523e-01 1.879579105435190286e+04
4.094914638472018087e-01 1.745288904757024284e+04
4.498432198782237879e-01 1.631707993237383926e+04
4.941712839853393824e-01 1.520393736385882585e+04
5.428674861028858212e-01 1.415201309331839366e+04
5.963622675339625978e-01 1.321390440618358843e+04
6.551284857587630350e-01 1.222734292236958390e+04
7.196855941730535555e-01 1.131646901197596526e+04
7.906042337028588163e-01 1.047316228930928992e+04
8.685112768820903995e-01 9.618296982423969894e+03
9.540953689793428838e-01 8.773193702267719345e+03
1.048113015153642191e+00 0.000000000000000000e+00
