1.048113066601954503e-02 3.313775621479562251e+05
1.151395323963562076e-02 0.000000000000000000e+00
1.264855132798976302e-02 4.166872788823306328e+05
1.389495400641860279e-02 5.423878862932324409e+05
1.526417862678452857e-02 4.680964988891782705e+05
1.676832820337198493e-02 0.000000000000000000e+00
1.842069839530119726e-02 4.776619121299395338e+05
2.023589503111089191e-02 3.424379721444449970e+05
2.222996321434766651e-02 3.657207894826720003e+05
2.442052915136719640e-02 2.367120751483940403e+05
2.682695595500901239e-02 2.786327174315347802e+05
2.947051480134291537e-02 2.999631689863160718e+05
3.237457295239669353e-02 2.089411230234771501e+05
3.556480030685772731e-02 1.437118889101197128e+05
3.906939630451649464e-02 1.503234218224359502e+05
4.291933919013282694e-02 1.428280775847733312e+05
4.714865984004791566e-02 1.206531407422276097e+05
5.179474257198286163e-02 1.046248924118879659e+05
5.689865559697841746e-02 1.091561774825464236e+05
6.250551403444545850e-02 9.927004108781411196e+04
6.866487869913283359e-02 9.266747808667513891e+04
7.543119418501802176e-02 7.289394963959683082e+04
8.286427011848424007e-02 5.876167364624183392e+04
9.102980983473445142e-02 4.907346774381953583e+04
9.999999115058272325e-02 4.374683545733098435e+04
1.098541043672585787e-01 3.812437395006702718e+04
1.206792531427361148e-01 3.605709852290943672e+04
1.325711244288214907e-01 3.213059900134128839e+04
1.456348342787200378e-01 2.698762105621588489e+04
1.599858570014452974e-01 2.350978618875876418e+04
1.757510458761641914e-01 2.129326453056636819e+04
1.930697544488981787e-01 1.910368168934524147e+04
2.120950683230800604e-01 1.685643534315823854e+04
2.329951583321586417e-01 1.515952902102727239e+04
2.559547670553742882e-01 1.376935290140253528e+04
2.811768418164965477e-01 1.228990550548726969e+04
3.088843286001189403e-01 1.111358700103593765e+04
3.393221427425128778e-01 1.020013709942596324e+04
3.727593338166072523e-01 9.370006985675478063e+03
4.094914638472018087e-01 8.611729157351810500e+03
4.498432198782237879e-01 7.945894442557766524e+03
4.941712839853393824e-01 7.331610006994438663e+03
5.428674861028858212e-01 6.811304966381841041e+03
5.963622675339625978e-01 6.357241374475732300e+03
6.551284857587630350e-01 5.934032013982985518e+03
7.196855941730535555e-01 5.558331664090266713e+03
7.906042337028588163e-01 5.191560207437581084e+03
8.685112768820903995e-01 4.854695456267600093e+03
9.540953689793428838e-01 4.534482856407568761e+03
1.048113015153642191e+00 0.000000000000000000e+00
