1.048113066601954503e-02 5.310588472824142809e+04
1.151395323963562076e-02 0.000000000000000000e+00
1.264855132798976302e-02 1.899023317909822217e+05
1.389495400641860279e-02 1.443615824461457669e+05
1.526417862678452857e-02 7.779481552558332623e+04
1.676832820337198493e-02 0.000000000000000000e+00
1.842069839530119726e-02 1.233195759670341795e+05
2.023589503111089191e-02 1.160748473244322959e+05
2.222996321434766651e-02 1.322657915904044348e+05
2.442052915136719640e-02 9.537898119550383126e+04
2.682695595500901239e-02 8.480136406281258678e+04
2.947051480134291537e-02 8.669367372006102232e+04
3.237457295239669353e-02 8.316970542953824042e+04
3.556480030685772731e-02 7.911851975048630266e+04
3.906939630451649464e-02 6.823215924606881163e+04
4.291933919013282694e-02 6.787746586345206015e+04
4.714865984004791566e-02 5.602263666105763696e+04
5.179474257198286163e-02 4.506314303286051290e+04
5.689865559697841746e-02 4.240325151757040294e+04
6.250551403444545850e-02 3.831778666940365656e+04
6.866487869913283359e-02 3.820940638830517128e+04
7.543119418501802176e-02 3.225311566446918005e+04
8.286427011848424007e-02 3.145794073221175495e+04
9.102980983473445142e-02 2.743024670721300208e+04
9.999999115058272325e-02 2.285063224565948985e+04
1.098541043672585787e-01 1.962993957389436400e+04
1.206792531427361148e-01 1.810471453217063390e+04
1.325711244288214907e-01 1.653529122366996307e+04
1.456348342787200378e-01 1.502082404000369570e+04
1.599858570014452974e-01 1.259808709444615670e+04
1.757510458761641914e-01 1.142000547074433052e+04
1.930697544488981787e-01 1.005709828003851544e+04
2.120950683230800604e-01 9.240037652111295756e+03
2.329951583321586417e-01 8.189979618979923544e+03
2.559547670553742882e-01 7.460999355435520556e+03
2.811768418164965477e-01 6.663803503435869061e+03
3.088843286001189403e-01 6.013532421921114292e+03
3.393221427425128778e-01 5.498029347704657084e+03
3.727593338166072523e-01 5.006662869701398449e+03
4.094914638472018087e-01 4.606068747537603485e+03
4.498432198782237879e-01 4.264440855950915648e+03
4.941712839853393824e-01 3.934650903857234880e+03
5.428674861028858212e-01 3.643365186559949507e+03
5.963622675339625978e-01 3.387571684641397951e+03
6.551284857587630350e-01 3.154362176016447847e+03
7.196855941730535555e-01 2.944893217468749754e+03
7.906042337028588163e-01 2.753049531099798060e+03
8.685112768820903995e-01 2.579683512208986031e+03
9.540953689793428838e-01 2.415227128290252494e+03
1.048113015153642191e+00 0.000000000000000000e+00
