1.048113066601954503e-02 5.941563097257236950e+04
1.151395323963562076e-02 0.000000000000000000e+00
1.264855132798976302e-02 2.125957803053141979e+05
1.389495400641860279e-02 1.614500973871623282e+05
1.526417862678452857e-02 8.703217584380313929e+04
1.676832820337198493e-02 0.000000000000000000e+00
1.842069839530119726e-02 1.379912484884465521e+05
2.023589503111089191e-02 1.298499665057720849e+05
2.222996321434766651e-02 1.479353005373928754e+05
2.442052915136719640e-02 1.067462039309004467e+05
2.682695595500901239e-02 9.486867350163729861e+04
2.947051480134291537e-02 9.704044832681905245e+04
3.237457295239669353e-02 9.308362240744882729e+04
3.556480030685772731e-02 8.856962889258167706e+04
3.906939630451649464e-02 7.640292322471599618e+04
4.291933919013282694e-02 7.600670897406492440e+04
4.714865984004791566e-02 6.273543368875705346e+04
5.179474257198286163e-02 5.046985884853613243e+04
5.689865559697841746e-02 4.750317778967655613e+04
6.250551403444545850e-02 4.293846548649344186e+04
6.866487869913283359e-02 4.283742700342390162e+04
7.543119418501802176e-02 3.617110804580818512e+04
8.286427011848424007e-02 3.529668577279966121e+04
9.102980983473445142e-02 3.078844375041001331e+04
9.999999115058272325e-02 2.566214967689887999e+04
1.098541043672585787e-01 2.206118641094209306e+04
1.206792531427361148e-01 2.036047404392219687e+04
1.325711244288214907e-01 1.860709128825843800e+04
1.456348342787200378e-01 1.691789580334990751e+04
1.599858570014452974e-01 1.420039717537263459e+04
1.757510458761641914e-01 1.288379865938348848e+04
1.930697544488981787e-01 1.135783871584383814e+04
2.120950683230800604e-01 1.044401220192202527e+04
2.329951583321586417e-01 9.267037501612563574e+03
2.559547670553742882e-01 8.450791748335092052e+03
2.811768418164965477e-01 7.556502248291215437e+03
3.088843286001189403e-01 6.826597441826899740e+03
3.393221427425128778e-01 6.248321937944141609e+03
3.727593338166072523e-01 5.696373775252026462e+03
4.094914638472018087e-01 5.246534829290591915e+03
4.498432198782237879e-01 4.862821408349581361e+03
4.941712839853393824e-01 4.492091807833154235e+03
5.428674861028858212e-01 4.164041291551568065e+03
5.963622675339625978e-01 3.876178763983280078e+03
6.551284857587630350e-01 3.613379579653832025e+03
7.196855941730535555e-01 3.377251769197196609e+03
7.906042337028588163e-01 3.160826810649798063e+03
8.685112768820903995e-01 2.965203101005502049e+03
9.540953689793428838e-01 2.779473951677518926e+03
1.048113015153642191e+00 0.000000000000000000e+00
