1.048113066601954503e-02 8.620250656630606391e+05
1.151395323963562076e-02 0.000000000000000000e+00
1.264855132798976302e-02 5.157760239261318929e+05
1.389495400641860279e-02 8.730796303803370101e+05
1.526417862678452857e-02 5.973838870445620269e+05
1.676832820337198493e-02 0.000000000000000000e+00
1.842069839530119726e-02 4.994711266027468373e+05
2.023589503111089191e-02 7.019231969504193403e+05
2.222996321434766651e-02 3.958661364384805784e+05
2.442052915136719640e-02 2.824783883252512896e+05
2.682695595500901239e-02 2.189595116276179615e+05
2.947051480134291537e-02 1.655609372136979946e+05
3.237457295239669353e-02 9.394517397272608650e+04
3.556480030685772731e-02 8.067056469170298078e+04
3.906939630451649464e-02 7.060484154960419983e+04
4.291933919013282694e-02 6.614033337791320810e+04
4.714865984004791566e-02 6.472744341305783746e+04
5.179474257198286163e-02 7.311184123539805296e+04
5.689865559697841746e-02 7.897433755387093697e+04
6.250551403444545850e-02 8.816667926351496135e+04
6.866487869913283359e-02 6.757183136409458530e+04
7.543119418501802176e-02 5.150208903897255368e+04
8.286427011848424007e-02 3.750333624011694337e+04
9.102980983473445142e-02 3.100744462649023262e+04
9.999999115058272325e-02 2.934879670609121240e+04
1.098541043672585787e-01 2.949836475934078044e+04
1.206792531427361148e-01 2.569291948300964214e+04
1.325711244288214907e-01 2.144719502157288662e+04
1.456348342787200378e-01 1.881042475490116703e+04
1.599858570014452974e-01 1.671151637569396189e+04
1.757510458761641914e-01 1.497838864452932648e+04
1.930697544488981787e-01 1.364098156954881051e+04
2.120950683230800604e-01 1.216601379542930226e+04
2.329951583321586417e-01 1.092892372668354074e+04
2.559547670553742882e-01 9.971285464801156195e+03
2.811768418164965477e-01 9.059084446061171548e+03
3.088843286001189403e-01 8.349523449378208170e+03
3.393221427425128778e-01 7.643158912703695933e+03
3.727593338166072523e-01 7.068228944568318184e+03
4.094914638472018087e-01 6.599217284766638841e+03
4.498432198782237879e-01 6.101821263363803155e+03
4.941712839853393824e-01 5.697935070266934417e+03
5.428674861028858212e-01 5.271447955031195306e+03
5.963622675339625978e-01 4.911263153256832084e+03
6.551284857587630350e-01 4.576669579571203940e+03
7.196855941730535555e-01 4.252926788891905744e+03
7.906042337028588163e-01 3.955909258284698353e+03
8.685112768820903995e-01 3.662864532256787243e+03
9.540953689793428838e-01 3.381238233251733163e+03
1.048113015153642191e+00 0.000000000000000000e+00
