1.048113066601954503e-02 2.404494612323679758e+04
1.151395323963562076e-02 0.000000000000000000e+00
1.264855132798976302e-02 7.623745099766676140e+04
1.389495400641860279e-02 4.696291787892245338e+04
1.526417862678452857e-02 7.402703309975814773e+04
1.676832820337198493e-02 0.000000000000000000e+00
1.842069839530119726e-02 4.978631549876659847e+04
2.023589503111089191e-02 4.593453913173847104e+04
2.222996321434766651e-02 4.067998149985392956e+04
2.442052915136719640e-02 3.706662857091290061e+04
2.682695595500901239e-02 6.233214884926522791e+04
2.947051480134291537e-02 4.564167896062904038e+04
3.237457295239669353e-02 4.395721437385611353e+04
3.556480030685772731e-02 4.129219790252366511e+04
3.906939630451649464e-02 4.082947190187541855e+04
4.291933919013282694e-02 3.947434494073518727e+04
4.714865984004791566e-02 3.738282426676210889e+04
5.179474257198286163e-02 3.206342925181177270e+04
5.689865559697841746e-02 3.196006290106966480e+04
6.250551403444545850e-02 2.984997634534147073e+04
6.866487869913283359e-02 2.672192877469438463e+04
7.543119418501802176e-02 2.607186339425159167e+04
8.286427011848424007e-02 2.348740040947712987e+04
9.102980983473445142e-02 2.009847926463250042e+04
9.999999115058272325e-02 1.803418461357089473e+04
1.098541043672585787e-01 1.646526863382823649e+04
1.206792531427361148e-01 1.490071160136325125e+04
1.325711244288214907e-01 1.288067484322265591e+04
1.456348342787200378e-01 1.206530289281407568e+04
1.599858570014452974e-01 1.060459474902308284e+04
1.757510458761641914e-01 9.254614531998351595e+03
1.930697544488981787e-01 8.293909107173534721e+03
2.120950683230800604e-01 7.519502713612132538e+03
2.329951583321586417e-01 6.674855943239905173e+03
2.559547670553742882e-01 6.014348743317696062e+03
2.811768418164965477e-01 5.424393585937644275e+03
3.088843286001189403e-01 4.911300475133106374e+03
3.393221427425128778e-01 4.487060963325609009e+03
3.727593338166072523e-01 4.079918892899765524e+03
4.094914638472018087e-01 3.755409661973943912e+03
4.498432198782237879e-01 3.449143534318764068e+03
4.941712839853393824e-01 3.187068069853180532e+03
5.428674861028858212e-01 2.964225526882039958e+03
5.963622675339625978e-01 2.754079881232998105e+03
6.551284857587630350e-01 2.569278928631892995e+03
7.196855941730535555e-01 2.406959132930762280e+03
7.906042337028588163e-01 2.260132230136319777e+03
8.685112768820903995e-01 2.117180916207367773e+03
9.540953689793428838e-01 1.991488857265694378e+03
1.048113015153642191e+00 0.000000000000000000e+00
