1.048113066601954503e-02 4.958990010120245279e+04
1.151395323963562076e-02 0.000000000000000000e+00
1.264855132798976302e-02 1.345713335894590091e+04
1.389495400641860279e-02 2.400723042440375139e+04
1.526417862678452857e-02 3.910257613756015053e+04
1.676832820337198493e-02 0.000000000000000000e+00
1.842069839530119726e-02 2.936415429130232951e+04
2.023589503111089191e-02 3.737676416318409611e+04
2.222996321434766651e-02 5.014005506186072307e+04
2.442052915136719640e-02 5.640517862068059912e+04
2.682695595500901239e-02 5.260913797868611437e+04
2.947051480134291537e-02 5.610766120138031692e+04
3.237457295239669353e-02 3.780029616592481034e+04
3.556480030685772731e-02 4.433216731277057988e+04
3.906939630451649464e-02 3.952822712573666649e+04
4.291933919013282694e-02 3.447313275667317066e+04
4.714865984004791566e-02 3.636332084292911168e+04
5.179474257198286163e-02 3.427750675245892489e+04
5.689865559697841746e-02 3.157984919463734695e+04
6.250551403444545850e-02 3.153013076121453923e+04
6.866487869913283359e-02 2.954569717820604274e+04
7.543119418501802176e-02 2.841913448451266959e+04
8.286427011848424007e-02 2.604405669136132929e+04
9.102980983473445142e-02 2.424691999451972151e+04
9.999999115058272325e-02 2.136555629929071074e+04
1.098541043672585787e-01 1.993681140171395964e+04
1.206792531427361148e-01 1.832263236492060605e+04
1.325711244288214907e-01 1.625787615358733274e+04
1.456348342787200378e-01 1.502495312661012213e+04
1.599858570014452974e-01 1.370455980927956261e+04
1.757510458761641914e-01 1.243395285470675844e+04
1.930697544488981787e-01 1.135012964906871639e+04
2.120950683230800604e-01 1.039790728201364982e+04
2.329951583321586417e-01 9.353340938171157177e+03
2.559547670553742882e-01 8.692474942413291501e+03
2.811768418164965477e-01 7.983895579854036441e+03
3.088843286001189403e-01 7.311574866750370347e+03
3.393221427425128778e-01 6.831338879920493127e+03
3.727593338166072523e-01 6.304677696283079058e+03
4.094914638472018087e-01 5.901071193485360709e+03
4.498432198782237879e-01 5.512485221916994306e+03
4.941712839853393824e-01 5.205085702471886179e+03
5.428674861028858212e-01 4.891954812586680418e+03
5.963622675339625978e-01 4.632061078342686415e+03
6.551284857587630350e-01 4.398679817172262119e+03
7.196855941730535555e-01 4.186441641496743614e+03
7.906042337028588163e-01 3.971465482027797407e+03
8.685112768820903995e-01 3.773536486749083451e+03
9.540953689793428838e-01 3.587497916642654673e+03
1.048113015153642191e+00 0.000000000000000000e+00
