1.048113066601954503e-02 3.090724537259490462e+05
1.151395323963562076e-02 0.000000000000000000e+00
1.264855132798976302e-02 9.430521869255226920e+04
1.389495400641860279e-02 1.153804881167840795e+05
1.526417862678452857e-02 1.337784206163135823e+05
1.676832820337198493e-02 0.000000000000000000e+00
1.842069839530119726e-02 1.594690783313761349e+05
2.023589503111089191e-02 1.109802980403393449e+05
2.222996321434766651e-02 1.549860681882489298e+05
2.442052915136719640e-02 1.374323935703827883e+05
2.682695595500901239e-02 1.436562177517770324e+05
2.947051480134291537e-02 9.764220575373407337e+04
3.237457295239669353e-02 1.170302884196069790e+05
3.556480030685772731e-02 8.899624486998573411e+04
3.906939630451649464e-02 7.504022243349485507e+04
4.291933919013282694e-02 7.690282182450218534e+04
4.714865984004791566e-02 5.997615892011748656e+04
5.179474257198286163e-02 5.927681180521901115e+04
5.689865559697841746e-02 5.240337734205743618e+04
6.250551403444545850e-02 4.623222266816849151e+04
6.866487869913283359e-02 4.484228335977328970e+04
7.543119418501802176e-02 4.077572546604088711e+04
8.286427011848424007e-02 3.691743090162285807e+04
9.102980983473445142e-02 3.142676670968828330e+04
9.999999115058272325e-02 2.804939737510742270e+04
1.098541043672585787e-01 2.384110871756967390e+04
1.206792531427361148e-01 2.097529765127304563e+04
1.325711244288214907e-01 1.894308087480729591e+04
1.456348342787200378e-01 1.763699586613869906e+04
1.599858570014452974e-01 1.499638369270537805e+04
1.757510458761641914e-01 1.361087758923018373e+04
1.930697544488981787e-01 1.249199885385223934e+04
2.120950683230800604e-01 1.118753614238255614e+04
2.329951583321586417e-01 1.008530085531593613e+04
2.559547670553742882e-01 9.234145480585701080e+03
2.811768418164965477e-01 8.424894977083427875e+03
3.088843286001189403e-01 7.709805532356447657e+03
3.393221427425128778e-01 7.100137031072237733e+03
3.727593338166072523e-01 6.550584566717831876e+03
4.094914638472018087e-01 6.073083199117726508e+03
4.498432198782237879e-01 5.655442219450542325e+03
4.941712839853393824e-01 5.234570987077274367e+03
5.428674861028858212e-01 4.896620965039935072e+03
5.963622675339625978e-01 4.596124423839423798e+03
6.551284857587630350e-01 4.288064590890418913e+03
7.196855941730535555e-01 4.013271625634291013e+03
7.906042337028588163e-01 3.753001097608460896e+03
8.685112768820903995e-01 3.503380091347295547e+03
9.540953689793428838e-01 3.259497926443950291e+03
1.048113015153642191e+00 0.000000000000000000e+00
