1.048113066601954503e-02 5.001045889902175986e+05
1.151395323963562076e-02 0.000000000000000000e+00
1.264855132798976302e-02 2.914900622467582580e+05
1.389495400641860279e-02 5.363304934479139047e+05
1.526417862678452857e-02 3.785880071338694543e+05
1.676832820337198493e-02 0.000000000000000000e+00
1.842069839530119726e-02 3.568522045473838807e+05
2.023589503111089191e-02 4.206234360350276111e+05
2.222996321434766651e-02 3.634889145142231719e+05
2.442052915136719640e-02 4.094013568605801556e+05
2.682695595500901239e-02 2.590078106291574077e+05
2.947051480134291537e-02 2.495446572948914254e+05
3.237457295239669353e-02 1.858652635625234107e+05
3.556480030685772731e-02 1.258006500114571973e+05
3.906939630451649464e-02 1.095178429134043108e+05
4.291933919013282694e-02 9.234735840053063293e+04
4.714865984004791566e-02 7.948839174885230022e+04
5.179474257198286163e-02 9.076741411706853251e+04
5.689865559697841746e-02 8.108864014877060254e+04
6.250551403444545850e-02 7.119868651524619781e+04
6.866487869913283359e-02 6.370391784084162646e+04
7.543119418501802176e-02 5.261118937186995754e+04
8.286427011848424007e-02 4.151522430104023078e+04
9.102980983473445142e-02 3.199405135464208433e+04
9.999999115058272325e-02 2.875649861348627746e+04
1.098541043672585787e-01 2.622966531382619360e+04
1.206792531427361148e-01 2.381386102462605777e+04
1.325711244288214907e-01 1.972382102609954745e+04
1.456348342787200378e-01 1.649727183351722488e+04
1.599858570014452974e-01 1.404462515651764625e+04
1.757510458761641914e-01 1.250467301160972056e+04
1.930697544488981787e-01 1.096613014533751812e+04
2.120950683230800604e-01 9.400733727690025262e+03
2.329951583321586417e-01 8.255074321247810076e+03
2.559547670553742882e-01 7.286540640281233209e+03
2.811768418164965477e-01 6.418166111443497357e+03
3.088843286001189403e-01 5.646213094356380680e+03
3.393221427425128778e-01 5.040949161746855680e+03
3.727593338166072523e-01 4.489616727304260166e+03
4.094914638472018087e-01 4.022383281146865556e+03
4.498432198782237879e-01 3.611841331257061029e+03
4.941712839853393824e-01 3.273911084267557271e+03
5.428674861028858212e-01 2.972638639307903759e+03
5.963622675339625978e-01 2.704735897060830212e+03
6.551284857587630350e-01 2.465099709802706457e+03
7.196855941730535555e-01 2.261171637876894238e+03
7.906042337028588163e-01 2.081460586905659511e+03
8.685112768820903995e-01 1.921357963683126854e+03
9.540953689793428838e-01 1.770141448050993631e+03
1.048113015153642191e+00 0.000000000000000000e+00
