1.048113066601954503e-02 9.334733429134258768e+04
1.151395323963562076e-02 0.000000000000000000e+00
1.264855132798976302e-02 1.336142209931416728e+05
1.389495400641860279e-02 2.179980122766888817e+05
1.526417862678452857e-02 1.618501926799133071e+05
1.676832820337198493e-02 0.000000000000000000e+00
1.842069839530119726e-02 2.420724030936931667e+05
2.023589503111089191e-02 2.442961191699819174e+05
2.222996321434766651e-02 1.866856833804495691e+05
2.442052915136719640e-02 2.034413306443043984e+05
2.682695595500901239e-02 1.256596361273303628e+05
2.947051480134291537e-02 1.607292649326864048e+05
3.237457295239669353e-02 1.344603729457249283e+05
3.556480030685772731e-02 1.138595058716974017e+05
3.906939630451649464e-02 1.004823524471891142e+05
4.291933919013282694e-02 1.010227115703878808e+05
4.714865984004791566e-02 9.698816204413711966e+04
5.179474257198286163e-02 8.944368672690563835e+04
5.689865559697841746e-02 8.260068484772648662e+04
6.250551403444545850e-02 7.458702276664375677e+04
6.866487869913283359e-02 6.903098990568486624e+04
7.543119418501802176e-02 6.622405178129619162e+04
8.286427011848424007e-02 5.744565792418833007e+04
9.102980983473445142e-02 4.807793417993974435e+04
9.999999115058272325e-02 4.198793875617008598e+04
1.098541043672585787e-01 3.912027421089218842e+04
1.206792531427361148e-01 3.722783582020820904e+04
1.325711244288214907e-01 3.287739082326310017e+04
1.456348342787200378e-01 2.879324847055493592e+04
1.599858570014452974e-01 2.628597825844790350e+04
1.757510458761641914e-01 2.392817196282064833e+04
1.930697544488981787e-01 2.167233313590138278e+04
2.120950683230800604e-01 1.988564174571012700e+04
2.329951583321586417e-01 1.796615363117921879e+04
2.559547670553742882e-01 1.656467513068144399e+04
2.811768418164965477e-01 1.521024493600008827e+04
3.088843286001189403e-01 1.414765004824786774e+04
3.393221427425128778e-01 1.327645311126691740e+04
3.727593338166072523e-01 1.242476462220243411e+04
4.094914638472018087e-01 1.162820433738381143e+04
4.498432198782237879e-01 1.093828578803099117e+04
4.941712839853393824e-01 1.026537698472532065e+04
5.428674861028858212e-01 9.724929206377899391e+03
5.963622675339625978e-01 9.206958690479057623e+03
6.551284857587630350e-01 8.730197607944992342e+03
7.196855941730535555e-01 8.277890813103957043e+03
7.906042337028588163e-01 7.841047700990011435e+03
8.685112768820903995e-01 7.409114123584220579e+03
9.540953689793428838e-01 7.004228657693955029e+03
1.048113015153642191e+00 0.000000000000000000e+00
