1.048113066601954503e-02 4.676821654665417009e+04
1.151395323963562076e-02 0.000000000000000000e+00
1.264855132798976302e-02 5.108292677427346644e+04
1.389495400641860279e-02 4.414652387741602433e+04
1.526417862678452857e-02 5.144335293335455935e+04
1.676832820337198493e-02 0.000000000000000000e+00
1.842069839530119726e-02 5.082744189163277042e+04
2.023589503111089191e-02 6.302898096756843006e+04
2.222996321434766651e-02 5.028451668412502477e+04
2.442052915136719640e-02 8.024660423203199753e+04
2.682695595500901239e-02 6.894490376729647687e+04
2.947051480134291537e-02 7.064599749906006036e+04
3.237457295239669353e-02 6.718709578159847297e+04
3.556480030685772731e-02 4.988930752455942275e+04
3.906939630451649464e-02 5.400622311675875972e+04
4.291933919013282694e-02 4.553358163303301262e+04
4.714865984004791566e-02 4.302025793409533799e+04
5.179474257198286163e-02 4.332334831158691668e+04
5.689865559697841746e-02 4.111424946543342230e+04
6.250551403444545850e-02 3.630136243684927467e+04
6.866487869913283359e-02 3.688469729893593467e+04
7.543119418501802176e-02 3.393331613500371895e+04
8.286427011848424007e-02 3.193792808563822837e+04
9.102980983473445142e-02 2.946661091632339594e+04
9.999999115058272325e-02 2.574862040663170046e+04
1.098541043672585787e-01 2.239804883350462114e+04
1.206792531427361148e-01 2.077853742067659186e+04
1.325711244288214907e-01 1.889192809956364727e+04
1.456348342787200378e-01 1.774594318645342719e+04
1.599858570014452974e-01 1.597881573845544699e+04
1.757510458761641914e-01 1.422986867251882722e+04
1.930697544488981787e-01 1.305380572042629865e+04
2.120950683230800604e-01 1.203562246143216180e+04
2.329951583321586417e-01 1.092183181042702563e+04
2.559547670553742882e-01 1.004834405081186560e+04
2.811768418164965477e-01 9.319309734229345850e+03
3.088843286001189403e-01 8.576369271124884108e+03
3.393221427425128778e-01 7.999969238427916935e+03
3.727593338166072523e-01 7.438540754683985142e+03
4.094914638472018087e-01 6.978385637321918693e+03
4.498432198782237879e-01 6.588891735389297537e+03
4.941712839853393824e-01 6.205825088386364769e+03
5.428674861028858212e-01 5.869100252070839815e+03
5.963622675339625978e-01 5.555317892795535954e+03
6.551284857587630350e-01 5.245658485694881165e+03
7.196855941730535555e-01 4.981244397922359894e+03
7.906042337028588163e-01 4.727000846293454742e+03
8.685112768820903995e-01 4.480850775780485492e+03
9.540953689793428838e-01 4.248291033248525309e+03
1.048113015153642191e+00 0.000000000000000000e+00
