1.048113066601954503e-02 6.085109048242106801e+05
1.151395323963562076e-02 0.000000000000000000e+00
1.264855132798976302e-02 1.094319717510605231e+06
1.389495400641860279e-02 5.140660031540711643e+05
1.526417862678452857e-02 8.275225636741376948e+05
1.676832820337198493e-02 0.000000000000000000e+00
1.842069839530119726e-02 6.322624178462629206e+05
2.023589503111089191e-02 3.964575749921384268e+05
2.222996321434766651e-02 3.433545859175153892e+05
2.442052915136719640e-02 4.022059825739702792e+05
2.682695595500901239e-02 2.267361526187589625e+05
2.947051480134291537e-02 1.825176000039033243e+05
3.237457295239669353e-02 1.404154418571915885e+05
3.556480030685772731e-02 1.108735320005083340e+05
3.906939630451649464e-02 9.508928223753391649e+04
4.291933919013282694e-02 8.479402249307326565e+04
4.714865984004791566e-02 8.069758062706544297e+04
5.179474257198286163e-02 7.769770709429033741e+04
5.689865559697841746e-02 8.404035727791571117e+04
6.250551403444545850e-02 7.406853210274300363e+04
6.866487869913283359e-02 6.516889034253140562e+04
7.543119418501802176e-02 4.934584461799127166e+04
8.286427011848424007e-02 3.479724564013760391e+04
9.102980983473445142e-02 2.843068368354808263e+04
9.999999115058272325e-02 2.777856166452505568e+04
1.098541043672585787e-01 2.764124210842185857e+04
1.206792531427361148e-01 2.298533351167319779e+04
1.325711244288214907e-01 1.811890478738353704e+04
1.456348342787200378e-01 1.585838021685989224e+04
1.599858570014452974e-01 1.437667385126509907e+04
1.757510458761641914e-01 1.237747497398868654e+04
1.930697544488981787e-01 1.074658490179221553e+04
2.120950683230800604e-01 9.654110520288879343e+03
2.329951583321586417e-01 8.366368457955722988e+03
2.559547670553742882e-01 7.430098570542645575e+03
2.811768418164965477e-01 6.651537284764052856e+03
3.088843286001189403e-01 5.904549195664634681e+03
3.393221427425128778e-01 5.312587186999997357e+03
3.727593338166072523e-01 4.776088558654793815e+03
4.094914638472018087e-01 4.314384723989489430e+03
4.498432198782237879e-01 3.936955045950886415e+03
4.941712839853393824e-01 3.594031894574944090e+03
5.428674861028858212e-01 3.291441687952316897e+03
5.963622675339625978e-01 3.023080564412537569e+03
6.551284857587630350e-01 2.779131449790509123e+03
7.196855941730535555e-01 2.557406959440223545e+03
7.906042337028588163e-01 2.354839539081368912e+03
8.685112768820903995e-01 2.168579103525229584e+03
9.540953689793428838e-01 2.005272958614460549e+03
1.048113015153642191e+00 0.000000000000000000e+00
