1.048113066601954503e-02 3.564895769461684540e+04
1.151395323963562076e-02 0.000000000000000000e+00
1.264855132798976302e-02 5.917758957952060155e+04
1.389495400641860279e-02 5.379016818280514417e+04
1.526417862678452857e-02 2.886325325077866728e+04
1.676832820337198493e-02 0.000000000000000000e+00
1.842069839530119726e-02 3.018541827686342367e+04
2.023589503111089191e-02 4.167536528472397185e+04
2.222996321434766651e-02 3.657000775156731834e+04
2.442052915136719640e-02 4.619782501386820513e+04
2.682695595500901239e-02 4.355332087902125932e+04
2.947051480134291537e-02 3.075626622542663245e+04
3.237457295239669353e-02 3.493283249390117999e+04
3.556480030685772731e-02 3.900876626770845178e+04
3.906939630451649464e-02 2.909736583191630780e+04
4.291933919013282694e-02 2.975734866427403176e+04
4.714865984004791566e-02 2.659297682064902619e+04
5.179474257198286163e-02 2.013325253353137668e+04
5.689865559697841746e-02 2.062357292877183863e+04
6.250551403444545850e-02 2.083265646742267563e+04
6.866487869913283359e-02 1.846574388650658148e+04
7.543119418501802176e-02 1.666951551384520644e+04
8.286427011848424007e-02 1.600147791962922383e+04
9.102980983473445142e-02 1.353222986879568089e+04
9.999999115058272325e-02 1.219569505578248936e+04
1.098541043672585787e-01 1.023267184918554267e+04
1.206792531427361148e-01 9.302734626817155004e+03
1.325711244288214907e-01 8.318992603293922002e+03
1.456348342787200378e-01 7.857551410552015113e+03
1.599858570014452974e-01 6.875988181091961451e+03
1.757510458761641914e-01 6.059853551359123230e+03
1.930697544488981787e-01 5.404172867368795778e+03
2.120950683230800604e-01 4.854323640869303745e+03
2.329951583321586417e-01 4.354486524743535483e+03
2.559547670553742882e-01 3.897006878834972667e+03
2.811768418164965477e-01 3.481702690308912224e+03
3.088843286001189403e-01 3.162184381185139500e+03
3.393221427425128778e-01 2.875272990989568825e+03
3.727593338166072523e-01 2.606771747190591668e+03
4.094914638472018087e-01 2.397357888110198928e+03
4.498432198782237879e-01 2.205485546990883449e+03
4.941712839853393824e-01 2.030247296371974244e+03
5.428674861028858212e-01 1.873590083912471073e+03
5.963622675339625978e-01 1.741658755891632609e+03
6.551284857587630350e-01 1.615543076309694243e+03
7.196855941730535555e-01 1.503262112663628386e+03
7.906042337028588163e-01 1.404108226261074833e+03
8.685112768820903995e-01 1.309261997097388303e+03
9.540953689793428838e-01 1.220320412256185136e+03
1.048113015153642191e+00 0.000000000000000000e+00
