1.048113066601954503e-02 3.744251743483656173e+04
1.151395323963562076e-02 0.000000000000000000e+00
1.264855132798976302e-02 2.869921751561576821e+04
1.389495400641860279e-02 4.022497654871467967e+04
1.526417862678452857e-02 6.113222303601612657e+04
1.676832820337198493e-02 0.000000000000000000e+00
1.842069839530119726e-02 7.183860964271079865e+04
2.023589503111089191e-02 5.444023958427908656e+04
2.222996321434766651e-02 6.358112429876788519e+04
2.442052915136719640e-02 3.275386623188256635e+04
2.682695595500901239e-02 3.784611990203753521e+04
2.947051480134291537e-02 4.306010810681545263e+04
3.237457295239669353e-02 3.682542434823191434e+04
3.556480030685772731e-02 3.765444485815577355e+04
3.906939630451649464e-02 3.723125927792508446e+04
4.291933919013282694e-02 3.121123636744743999e+04
4.714865984004791566e-02 2.765470131172713445e+04
5.179474257198286163e-02 2.629773944051886428e+04
5.689865559697841746e-02 2.497830776182743648e+04
6.250551403444545850e-02 2.356655914024688900e+04
6.866487869913283359e-02 2.312919017863776389e+04
7.543119418501802176e-02 2.109210783640712179e+04
8.286427011848424007e-02 1.724166740460323854e+04
9.102980983473445142e-02 1.496018892331303141e+04
9.999999115058272325e-02 1.301646174856013022e+04
1.098541043672585787e-01 1.204140626320503361e+04
1.206792531427361148e-01 1.116282524415722219e+04
1.325711244288214907e-01 9.994947004028208539e+03
1.456348342787200378e-01 8.485142788590226701e+03
1.599858570014452974e-01 7.587863086247077263e+03
1.757510458761641914e-01 6.797656853843748650e+03
1.930697544488981787e-01 5.992479999098648477e+03
2.120950683230800604e-01 5.290903498638284873e+03
2.329951583321586417e-01 4.708159201716467578e+03
2.559547670553742882e-01 4.244189509598531913e+03
2.811768418164965477e-01 3.820567216613928395e+03
3.088843286001189403e-01 3.403216539476535672e+03
3.393221427425128778e-01 3.077473021832034647e+03
3.727593338166072523e-01 2.782952113834970532e+03
4.094914638472018087e-01 2.528802905189309968e+03
4.498432198782237879e-01 2.316186052994351485e+03
4.941712839853393824e-01 2.119671970807334674e+03
5.428674861028858212e-01 1.948359909879814950e+03
5.963622675339625978e-01 1.802755423017412795e+03
6.551284857587630350e-01 1.668707753067748854e+03
7.196855941730535555e-01 1.552361960462611023e+03
7.906042337028588163e-01 1.446089882880206687e+03
8.685112768820903995e-01 1.350820990836875808e+03
9.540953689793428838e-01 1.264954478844467758e+03
1.048113015153642191e+00 0.000000000000000000e+00
