1.048113066601954503e-02 2.165222867450633785e+05
1.151395323963562076e-02 0.000000000000000000e+00
1.264855132798976302e-02 2.391526306576470961e+05
1.389495400641860279e-02 1.113509575069466373e+05
1.526417862678452857e-02 1.156357097670307703e+05
1.676832820337198493e-02 0.000000000000000000e+00
1.842069839530119726e-02 1.536724545656081464e+05
2.023589503111089191e-02 9.382169612094532931e+04
2.222996321434766651e-02 1.201013522493195342e+05
2.442052915136719640e-02 1.133961743671946460e+05
2.682695595500901239e-02 1.016892407475414511e+05
2.947051480134291537e-02 8.553019933534093434e+04
3.237457295239669353e-02 8.963251124411137425e+04
3.556480030685772731e-02 9.210988053817866603e+04
3.906939630451649464e-02 6.611106223755056271e+04
4.291933919013282694e-02 7.096507996606855886e+04
4.714865984004791566e-02 6.431628430844741524e+04
5.179474257198286163e-02 5.472028861902232165e+04
5.689865559697841746e-02 5.143658923400918866e+04
6.250551403444545850e-02 4.724702629728836473e+04
6.866487869913283359e-02 4.414344874797423108e+04
7.543119418501802176e-02 3.796977512742462568e+04
8.286427011848424007e-02 3.224507114168845146e+04
9.102980983473445142e-02 2.594378914492930926e+04
9.999999115058272325e-02 2.334888863139902969e+04
1.098541043672585787e-01 2.135156323772835458e+04
1.206792531427361148e-01 1.973589073084551637e+04
1.325711244288214907e-01 1.691305637874487729e+04
1.456348342787200378e-01 1.426616530030217837e+04
1.599858570014452974e-01 1.262074315259420109e+04
1.757510458761641914e-01 1.126636270827540284e+04
1.930697544488981787e-01 1.012043358085953878e+04
2.120950683230800604e-01 8.682594052529811961e+03
2.329951583321586417e-01 7.735018453924869391e+03
2.559547670553742882e-01 6.872515149642760662e+03
2.811768418164965477e-01 6.077702209148290422e+03
3.088843286001189403e-01 5.468486601649225122e+03
3.393221427425128778e-01 4.907606023659383936e+03
3.727593338166072523e-01 4.400768312455134947e+03
4.094914638472018087e-01 3.978992421691439631e+03
4.498432198782237879e-01 3.622656135884230935e+03
4.941712839853393824e-01 3.301125281719272607e+03
5.428674861028858212e-01 3.037291671057927033e+03
5.963622675339625978e-01 2.788915726495484250e+03
6.551284857587630350e-01 2.561046690162097093e+03
7.196855941730535555e-01 2.371816241896324755e+03
7.906042337028588163e-01 2.201776619174367625e+03
8.685112768820903995e-01 2.046541811611826461e+03
9.540953689793428838e-01 1.911118578056464685e+03
1.048113015153642191e+00 0.000000000000000000e+00
