1.048113066601954503e-02 1.511715206864878564e+04
1.151395323963562076e-02 0.000000000000000000e+00
1.264855132798976302e-02 1.312016386424107623e+04
1.389495400641860279e-02 1.860338799663996906e+04
1.526417862678452857e-02 2.596668607593800698e+04
1.676832820337198493e-02 0.000000000000000000e+00
1.842069839530119726e-02 2.170631788452572800e+04
2.023589503111089191e-02 1.662197470187927684e+04
2.222996321434766651e-02 2.663426806672889143e+04
2.442052915136719640e-02 2.680913255499801380e+04
2.682695595500901239e-02 2.249853183877879928e+04
2.947051480134291537e-02 2.969643786652821655e+04
3.237457295239669353e-02 2.185758702007101238e+04
3.556480030685772731e-02 2.102906376364779499e+04
3.906939630451649464e-02 1.718688978600752671e+04
4.291933919013282694e-02 1.973761454422101815e+04
4.714865984004791566e-02 1.784443682093398456e+04
5.179474257198286163e-02 1.669636259767613228e+04
5.689865559697841746e-02 1.605973590289054846e+04
6.250551403444545850e-02 1.549379713047381301e+04
6.866487869913283359e-02 1.468544631005274641e+04
7.543119418501802176e-02 1.328253906698470746e+04
8.286427011848424007e-02 1.321198764265700811e+04
9.102980983473445142e-02 1.154332923924857459e+04
9.999999115058272325e-02 9.960592167584998606e+03
1.098541043672585787e-01 9.324915770472505756e+03
1.206792531427361148e-01 8.295811403307339788e+03
1.325711244288214907e-01 7.736343621129978601e+03
1.456348342787200378e-01 6.903840305319304207e+03
1.599858570014452974e-01 6.114586609857561598e+03
1.757510458761641914e-01 5.574160130841716636e+03
1.930697544488981787e-01 5.107757366944169917e+03
2.120950683230800604e-01 4.573378058060073272e+03
2.329951583321586417e-01 4.098840658353173239e+03
2.559547670553742882e-01 3.751514101695108366e+03
2.811768418164965477e-01 3.393204049932165162e+03
3.088843286001189403e-01 3.072776819764992979e+03
3.393221427425128778e-01 2.842978490391120886e+03
3.727593338166072523e-01 2.604806925445963316e+03
4.094914638472018087e-01 2.405171340733299076e+03
4.498432198782237879e-01 2.224476488015516225e+03
4.941712839853393824e-01 2.067470147539262143e+03
5.428674861028858212e-01 1.926643700773952332e+03
5.963622675339625978e-01 1.802650725215955845e+03
6.551284857587630350e-01 1.695952999808712775e+03
7.196855941730535555e-01 1.589716180070832479e+03
7.906042337028588163e-01 1.495061547955025844e+03
8.685112768820903995e-01 1.410092065129176717e+03
9.540953689793428838e-01 1.327958273880197794e+03
1.048113015153642191e+00 0.000000000000000000e+00
