1.048113066601954503e-02 1.046012518026766338e+05
1.151395323963562076e-02 0.000000000000000000e+00
1.264855132798976302e-02 8.378494645916299487e+04
1.389495400641860279e-02 3.964967660262247955e+04
1.526417862678452857e-02 8.770345930959156249e+04
1.676832820337198493e-02 0.000000000000000000e+00
1.842069839530119726e-02 7.796245608061787789e+04
2.023589503111089191e-02 9.387465666009963024e+04
2.222996321434766651e-02 1.231282640226470685e+05
2.442052915136719640e-02 5.648849012878353824e+04
2.682695595500901239e-02 7.935481207239181094e+04
2.947051480134291537e-02 6.560361779649215168e+04
3.237457295239669353e-02 6.562859124051281833e+04
3.556480030685772731e-02 5.061904955350328237e+04
3.906939630451649464e-02 5.933862977895643417e+04
4.291933919013282694e-02 5.041059430832645739e+04
4.714865984004791566e-02 4.329193480400708359e+04
5.179474257198286163e-02 4.231321483468009683e+04
5.689865559697841746e-02 3.916499616695794975e+04
6.250551403444545850e-02 3.457207335273865465e+04
6.866487869913283359e-02 3.580750976453852491e+04
7.543119418501802176e-02 3.323204421481917962e+04
8.286427011848424007e-02 2.841253331364913174e+04
9.102980983473445142e-02 2.427871214891454292e+04
9.999999115058272325e-02 2.033609435215230769e+04
1.098541043672585787e-01 1.843402784525029710e+04
1.206792531427361148e-01 1.697669071875739610e+04
1.325711244288214907e-01 1.596785743926774558e+04
1.456348342787200378e-01 1.407321656447061287e+04
1.599858570014452974e-01 1.173807366041955902e+04
1.757510458761641914e-01 1.051338846047893276e+04
1.930697544488981787e-01 9.535465368335817402e+03
2.120950683230800604e-01 8.683097257000792524e+03
2.329951583321586417e-01 7.704078208692612861e+03
2.559547670553742882e-01 7.062048185291958362e+03
2.811768418164965477e-01 6.357344746268678136e+03
3.088843286001189403e-01 5.807695490090573912e+03
3.393221427425128778e-01 5.259155978510324530e+03
3.727593338166072523e-01 4.823209485593572026e+03
4.094914638472018087e-01 4.459936275730329726e+03
4.498432198782237879e-01 4.135457887843455865e+03
4.941712839853393824e-01 3.846251791202407730e+03
5.428674861028858212e-01 3.588382104213449566e+03
5.963622675339625978e-01 3.342749524576347994e+03
6.551284857587630350e-01 3.128382868839525145e+03
7.196855941730535555e-01 2.939376150466233412e+03
7.906042337028588163e-01 2.761087335132199769e+03
8.685112768820903995e-01 2.598715268292813562e+03
9.540953689793428838e-01 2.445481609459945048e+03
1.048113015153642191e+00 0.000000000000000000e+00
