1.048113066601954503e-02 3.886432856913752039e+04
1.151395323963562076e-02 0.000000000000000000e+00
1.264855132798976302e-02 3.368698383917684259e+04
1.389495400641860279e-02 4.796118859312958375e+04
1.526417862678452857e-02 6.690572519527951954e+04
1.676832820337198493e-02 0.000000000000000000e+00
1.842069839530119726e-02 5.599646776547023910e+04
2.023589503111089191e-02 4.285960601860699535e+04
2.222996321434766651e-02 6.852854864458122756e+04
2.442052915136719640e-02 6.916452319476759294e+04
2.682695595500901239e-02 5.804040530588910042e+04
2.947051480134291537e-02 7.664457625385173014e+04
3.237457295239669353e-02 5.642730201749263506e+04
3.556480030685772731e-02 5.435725090636742243e+04
3.906939630451649464e-02 4.447382902711002680e+04
4.291933919013282694e-02 5.118911461551774119e+04
4.714865984004791566e-02 4.622016047873855132e+04
5.179474257198286163e-02 4.334486438734680996e+04
5.689865559697841746e-02 4.175706570745932549e+04
6.250551403444545850e-02 4.034341038454931549e+04
6.866487869913283359e-02 3.830088988677535235e+04
7.543119418501802176e-02 3.469255043422004383e+04
8.286427011848424007e-02 3.465334195114634349e+04
9.102980983473445142e-02 3.038425940554212502e+04
9.999999115058272325e-02 2.629788635017080742e+04
1.098541043672585787e-01 2.473434304493576565e+04
1.206792531427361148e-01 2.213728081858822407e+04
1.325711244288214907e-01 2.072548348180708490e+04
1.456348342787200378e-01 1.865176363007523105e+04
1.599858570014452974e-01 1.663941788827836353e+04
1.757510458761641914e-01 1.527452037144483438e+04
1.930697544488981787e-01 1.411142966091341441e+04
2.120950683230800604e-01 1.274824496812679718e+04
2.329951583321586417e-01 1.153139353262415170e+04
2.559547670553742882e-01 1.065714080444515639e+04
2.811768418164965477e-01 9.747644584168767324e+03
3.088843286001189403e-01 8.922810681028531690e+03
3.393221427425128778e-01 8.340738778048005770e+03
3.727593338166072523e-01 7.735952903383288685e+03
4.094914638472018087e-01 7.224621348973043496e+03
4.498432198782237879e-01 6.758181358380004895e+03
4.941712839853393824e-01 6.357820389983677160e+03
5.428674861028858212e-01 5.994922430849722332e+03
5.963622675339625978e-01 5.675199627616169892e+03
6.551284857587630350e-01 5.403752321492547708e+03
7.196855941730535555e-01 5.125038553381227757e+03
7.906042337028588163e-01 4.876368679252986112e+03
8.685112768820903995e-01 4.654783329459778543e+03
9.540953689793428838e-01 4.436726653290246759e+03
1.048113015153642191e+00 0.000000000000000000e+00
