1.048113066601954503e-02 3.603590351367506082e+04
1.151395323963562076e-02 0.000000000000000000e+00
1.264855132798976302e-02 3.691039850704134005e+04
1.389495400641860279e-02 4.018264353452197247e+04
1.526417862678452857e-02 6.213127383147617365e+04
1.676832820337198493e-02 0.000000000000000000e+00
1.842069839530119726e-02 7.147883432121381338e+04
2.023589503111089191e-02 7.257071112471011293e+04
2.222996321434766651e-02 6.618009050117053266e+04
2.442052915136719640e-02 4.718511800332616986e+04
2.682695595500901239e-02 6.847195173941439134e+04
2.947051480134291537e-02 4.959083213425576105e+04
3.237457295239669353e-02 5.151803831690113293e+04
3.556480030685772731e-02 4.261477343825862044e+04
3.906939630451649464e-02 3.344394581316638505e+04
4.291933919013282694e-02 3.695840503075660672e+04
4.714865984004791566e-02 3.494814203772490873e+04
5.179474257198286163e-02 3.487697433848223591e+04
5.689865559697841746e-02 3.272011419436959841e+04
6.250551403444545850e-02 2.980713744452584797e+04
6.866487869913283359e-02 2.575581547786212468e+04
7.543119418501802176e-02 2.400503140222239017e+04
8.286427011848424007e-02 2.273382407868016162e+04
9.102980983473445142e-02 2.044878555918281927e+04
9.999999115058272325e-02 1.776319472814243272e+04
1.098541043672585787e-01 1.514454094752417041e+04
1.206792531427361148e-01 1.361143450069909159e+04
1.325711244288214907e-01 1.244443837443662778e+04
1.456348342787200378e-01 1.123707965404602146e+04
1.599858570014452974e-01 1.003591244215411280e+04
1.757510458761641914e-01 8.854383239091968790e+03
1.930697544488981787e-01 8.059856016986433133e+03
2.120950683230800604e-01 7.269952975831658478e+03
2.329951583321586417e-01 6.560246953228219354e+03
2.559547670553742882e-01 5.973755011643775106e+03
2.811768418164965477e-01 5.421507261353737704e+03
3.088843286001189403e-01 4.940334588540660661e+03
3.393221427425128778e-01 4.543731622072811660e+03
3.727593338166072523e-01 4.218374763963731311e+03
4.094914638472018087e-01 3.881578626758856899e+03
4.498432198782237879e-01 3.609139245297164962e+03
4.941712839853393824e-01 3.356113880458139647e+03
5.428674861028858212e-01 3.129946614385104112e+03
5.963622675339625978e-01 2.919882542387600097e+03
6.551284857587630350e-01 2.730786001317086630e+03
7.196855941730535555e-01 2.543019857696037889e+03
7.906042337028588163e-01 2.375509536486855268e+03
8.685112768820903995e-01 2.214586914192551831e+03
9.540953689793428838e-01 2.057762335030803570e+03
1.048113015153642191e+00 0.000000000000000000e+00
