1.048113066601954503e-02 2.591454810356652524e+04
1.151395323963562076e-02 0.000000000000000000e+00
1.264855132798976302e-02 6.679786103476066273e+03
1.389495400641860279e-02 3.160865984673588173e+04
1.526417862678452857e-02 2.945211810188076197e+04
1.676832820337198493e-02 0.000000000000000000e+00
1.842069839530119726e-02 2.196456316562612847e+04
2.023589503111089191e-02 1.960046211536224655e+04
2.222996321434766651e-02 4.236383578240426141e+04
2.442052915136719640e-02 4.332925777107552858e+04
2.682695595500901239e-02 3.307294619066283485e+04
2.947051480134291537e-02 3.549556564034573967e+04
3.237457295239669353e-02 2.586069455290528276e+04
3.556480030685772731e-02 3.615415618564248143e+04
3.906939630451649464e-02 3.546297621173624066e+04
4.291933919013282694e-02 3.205717388374165239e+04
4.714865984004791566e-02 3.455662498726267950e+04
5.179474257198286163e-02 3.182609715721823886e+04
5.689865559697841746e-02 3.006565029493881593e+04
6.250551403444545850e-02 2.921215232343079697e+04
6.866487869913283359e-02 2.867075930477611837e+04
7.543119418501802176e-02 2.923690428729422638e+04
8.286427011848424007e-02 2.739886964610299765e+04
9.102980983473445142e-02 2.488065107761059335e+04
9.999999115058272325e-02 2.220402074402177459e+04
1.098541043672585787e-01 2.149185588118898158e+04
1.206792531427361148e-01 1.944762364048535892e+04
1.325711244288214907e-01 1.886515626183550194e+04
1.456348342787200378e-01 1.730061305966341024e+04
1.599858570014452974e-01 1.574269707772776019e+04
1.757510458761641914e-01 1.430094578006826669e+04
1.930697544488981787e-01 1.354724764585541561e+04
2.120950683230800604e-01 1.244048991491850757e+04
2.329951583321586417e-01 1.135733166477661689e+04
2.559547670553742882e-01 1.063262656988653180e+04
2.811768418164965477e-01 9.810367741695077711e+03
3.088843286001189403e-01 9.160214891628265832e+03
3.393221427425128778e-01 8.589312036736984737e+03
3.727593338166072523e-01 8.059079701660040882e+03
4.094914638472018087e-01 7.559483901981629970e+03
4.498432198782237879e-01 7.184792423718037753e+03
4.941712839853393824e-01 6.824365749740457431e+03
5.428674861028858212e-01 6.483832467336260379e+03
5.963622675339625978e-01 6.189611357164110814e+03
6.551284857587630350e-01 5.931764207005601747e+03
7.196855941730535555e-01 5.676177191541808497e+03
7.906042337028588163e-01 5.465886090536769188e+03
8.685112768820903995e-01 5.246370661977355667e+03
9.540953689793428838e-01 5.043304363497149097e+03
1.048113015153642191e+00 0.000000000000000000e+00
