1.048113066601954503e-02 6.474502327173424419e+05
1.151395323963562076e-02 0.000000000000000000e+00
1.264855132798976302e-02 7.825177234161337838e+05
1.389495400641860279e-02 6.465630675743160537e+05
1.526417862678452857e-02 3.501674347581908223e+05
1.676832820337198493e-02 0.000000000000000000e+00
1.842069839530119726e-02 4.047409534948506625e+05
2.023589503111089191e-02 4.574050053805836360e+05
2.222996321434766651e-02 3.624451830347906798e+05
2.442052915136719640e-02 2.015004186459415941e+05
2.682695595500901239e-02 2.455131767977211857e+05
2.947051480134291537e-02 2.214964854161011754e+05
3.237457295239669353e-02 1.432732121741432347e+05
3.556480030685772731e-02 1.308317058118818386e+05
3.906939630451649464e-02 8.545100831080615171e+04
4.291933919013282694e-02 9.190802617171060410e+04
4.714865984004791566e-02 7.579724313181587786e+04
5.179474257198286163e-02 7.386051584398040723e+04
5.689865559697841746e-02 7.669391899627057137e+04
6.250551403444545850e-02 6.955443805111291294e+04
6.866487869913283359e-02 6.358865918481158587e+04
7.543119418501802176e-02 5.202883872780784441e+04
8.286427011848424007e-02 4.192920597028225166e+04
9.102980983473445142e-02 3.358531306189667521e+04
9.999999115058272325e-02 2.856911559271312944e+04
1.098541043672585787e-01 2.793882229492071565e+04
1.206792531427361148e-01 2.468138500973816917e+04
1.325711244288214907e-01 2.126780695101319725e+04
1.456348342787200378e-01 1.871710650166647611e+04
1.599858570014452974e-01 1.679258814035022078e+04
1.757510458761641914e-01 1.506749092548116096e+04
1.930697544488981787e-01 1.329543136647083884e+04
2.120950683230800604e-01 1.204668599674107827e+04
2.329951583321586417e-01 1.080978886933119065e+04
2.559547670553742882e-01 9.770193633355014754e+03
2.811768418164965477e-01 8.979794666995676380e+03
3.088843286001189403e-01 8.194186502995484261e+03
3.393221427425128778e-01 7.521709465229956550e+03
3.727593338166072523e-01 6.908473181817946170e+03
4.094914638472018087e-01 6.326280734028148800e+03
4.498432198782237879e-01 5.884784846958450544e+03
4.941712839853393824e-01 5.415376850776945503e+03
5.428674861028858212e-01 5.028477074840836394e+03
5.963622675339625978e-01 4.644070052111840596e+03
6.551284857587630350e-01 4.285264770407140531e+03
7.196855941730535555e-01 3.952339623824967930e+03
7.906042337028588163e-01 3.610307034208739424e+03
8.685112768820903995e-01 3.298804266692598958e+03
9.540953689793428838e-01 3.002121889641130110e+03
1.048113015153642191e+00 0.000000000000000000e+00
