1.048113066601954503e-02 1.333488458436794754e+05
1.151395323963562076e-02 0.000000000000000000e+00
1.264855132798976302e-02 1.573323823649722908e+05
1.389495400641860279e-02 1.294319976355878607e+05
1.526417862678452857e-02 1.709002411923983309e+05
1.676832820337198493e-02 0.000000000000000000e+00
1.842069839530119726e-02 1.318314871239367931e+05
2.023589503111089191e-02 1.585906856251584541e+05
2.222996321434766651e-02 1.418961047667830135e+05
2.442052915136719640e-02 1.420725995216549782e+05
2.682695595500901239e-02 1.152289914861652942e+05
2.947051480134291537e-02 1.117688644139226381e+05
3.237457295239669353e-02 8.485361037140456028e+04
3.556480030685772731e-02 7.680957974282393116e+04
3.906939630451649464e-02 7.356256691728878650e+04
4.291933919013282694e-02 7.346774248692544643e+04
4.714865984004791566e-02 6.359091745051743055e+04
5.179474257198286163e-02 6.103765798584070581e+04
5.689865559697841746e-02 6.173259332837909460e+04
6.250551403444545850e-02 5.374632519634066557e+04
6.866487869913283359e-02 4.859645529348734999e+04
7.543119418501802176e-02 4.047834819265803526e+04
8.286427011848424007e-02 3.438330809067329392e+04
9.102980983473445142e-02 3.193661889515135408e+04
9.999999115058272325e-02 2.834823266935795618e+04
1.098541043672585787e-01 2.578171256300815003e+04
1.206792531427361148e-01 2.318717795794423364e+04
1.325711244288214907e-01 1.970255029405346431e+04
1.456348342787200378e-01 1.764511397121394475e+04
1.599858570014452974e-01 1.617799249344324562e+04
1.757510458761641914e-01 1.441089086159387261e+04
1.930697544488981787e-01 1.276393976236062372e+04
2.120950683230800604e-01 1.167527345269400575e+04
2.329951583321586417e-01 1.040011424043759325e+04
2.559547670553742882e-01 9.528677785475934797e+03
2.811768418164965477e-01 8.691592879418974917e+03
3.088843286001189403e-01 7.889169446522096223e+03
3.393221427425128778e-01 7.280926202276506956e+03
3.727593338166072523e-01 6.709858310946909114e+03
4.094914638472018087e-01 6.237545118242240278e+03
4.498432198782237879e-01 5.795295356281836575e+03
4.941712839853393824e-01 5.422278362918734274e+03
5.428674861028858212e-01 5.062033988485136433e+03
5.963622675339625978e-01 4.765510948463443128e+03
6.551284857587630350e-01 4.461537096390683473e+03
7.196855941730535555e-01 4.206392970884500755e+03
7.906042337028588163e-01 3.955817848549371774e+03
8.685112768820903995e-01 3.731362616184009767e+03
9.540953689793428838e-01 3.514562587832444933e+03
1.048113015153642191e+00 0.000000000000000000e+00
