1.048113066601954503e-02 4.434629457389804884e+04
1.151395323963562076e-02 0.000000000000000000e+00
1.264855132798976302e-02 2.603688022099219961e+04
1.389495400641860279e-02 4.720490451954059972e+04
1.526417862678452857e-02 4.249538657682116173e+04
1.676832820337198493e-02 0.000000000000000000e+00
1.842069839530119726e-02 5.202695856936338532e+04
2.023589503111089191e-02 5.132902933926168771e+04
2.222996321434766651e-02 3.112628252983704078e+04
2.442052915136719640e-02 5.130149875215593056e+04
2.682695595500901239e-02 6.496846097446653584e+04
2.947051480134291537e-02 3.768620099586520519e+04
3.237457295239669353e-02 3.911562635186329862e+04
3.556480030685772731e-02 4.119042176132444729e+04
3.906939630451649464e-02 3.210090052165218731e+04
4.291933919013282694e-02 3.326254854371587135e+04
4.714865984004791566e-02 3.837597871999723429e+04
5.179474257198286163e-02 3.236143928051251714e+04
5.689865559697841746e-02 2.398367499131889053e+04
6.250551403444545850e-02 2.540782994122862510e+04
6.866487869913283359e-02 2.463762482325022575e+04
7.543119418501802176e-02 2.230494616484185826e+04
8.286427011848424007e-02 1.981909030049679131e+04
9.102980983473445142e-02 1.873288053590972413e+04
9.999999115058272325e-02 1.594180364592460683e+04
1.098541043672585787e-01 1.422615458291328105e+04
1.206792531427361148e-01 1.231148286840352739e+04
1.325711244288214907e-01 1.124110863200104541e+04
1.456348342787200378e-01 1.018614930861615721e+04
1.599858570014452974e-01 9.224468656538956566e+03
1.757510458761641914e-01 7.839811272570815163e+03
1.930697544488981787e-01 7.071385144735915674e+03
2.120950683230800604e-01 6.297582035821807949e+03
2.329951583321586417e-01 5.605040087263914756e+03
2.559547670553742882e-01 5.017728046158708821e+03
2.811768418164965477e-01 4.481219648628612049e+03
3.088843286001189403e-01 4.018935995175459539e+03
3.393221427425128778e-01 3.620054560325960665e+03
3.727593338166072523e-01 3.273428407585662626e+03
4.094914638472018087e-01 2.971492799526314684e+03
4.498432198782237879e-01 2.699414653376270508e+03
4.941712839853393824e-01 2.469127921371491539e+03
5.428674861028858212e-01 2.265050585234977007e+03
5.963622675339625978e-01 2.086828503225072382e+03
6.551284857587630350e-01 1.930671560675723867e+03
7.196855941730535555e-01 1.790916138756332202e+03
7.906042337028588163e-01 1.662545860605873258e+03
8.685112768820903995e-01 1.549723390234875751e+03
9.540953689793428838e-01 1.449005348207967018e+03
1.048113015153642191e+00 0.000000000000000000e+00
