1.048113066601954503e-02 5.396415356540225184e+04
1.151395323963562076e-02 0.000000000000000000e+00
1.264855132798976302e-02 3.171572998906509019e+04
1.389495400641860279e-02 5.750721151991817169e+04
1.526417862678452857e-02 5.175771669286710676e+04
1.676832820337198493e-02 0.000000000000000000e+00
1.842069839530119726e-02 6.336736148025565490e+04
2.023589503111089191e-02 6.251168778381353331e+04
2.222996321434766651e-02 3.793122167784915655e+04
2.442052915136719640e-02 6.249360714518988971e+04
2.682695595500901239e-02 7.917337555296755454e+04
2.947051480134291537e-02 4.591599159520489047e+04
3.237457295239669353e-02 4.767392264802145655e+04
3.556480030685772731e-02 5.018891383640683489e+04
3.906939630451649464e-02 3.912079660289032472e+04
4.291933919013282694e-02 4.054724177066377160e+04
4.714865984004791566e-02 4.680457321197535930e+04
5.179474257198286163e-02 3.946369708199491288e+04
5.689865559697841746e-02 2.924463077589794193e+04
6.250551403444545850e-02 3.100360213391436992e+04
6.866487869913283359e-02 3.006533988400064845e+04
7.543119418501802176e-02 2.723855209319128335e+04
8.286427011848424007e-02 2.420390518638745925e+04
9.102980983473445142e-02 2.289192272481936379e+04
9.999999115058272325e-02 1.949627826011450452e+04
1.098541043672585787e-01 1.740318323413215694e+04
1.206792531427361148e-01 1.507626018137055507e+04
1.325711244288214907e-01 1.377220087191318817e+04
1.456348342787200378e-01 1.249115901130249040e+04
1.599858570014452974e-01 1.132326543316706739e+04
1.757510458761641914e-01 9.633062965672526843e+03
1.930697544488981787e-01 8.698981028785585295e+03
2.120950683230800604e-01 7.757629903978462607e+03
2.329951583321586417e-01 6.912287251019535688e+03
2.559547670553742882e-01 6.197451108984263556e+03
2.811768418164965477e-01 5.543227511851105191e+03
3.088843286001189403e-01 4.978999903880586317e+03
3.393221427425128778e-01 4.491472825328970430e+03
3.727593338166072523e-01 4.068293525112794669e+03
4.094914638472018087e-01 3.699557942982692111e+03
4.498432198782237879e-01 3.366500343106613400e+03
4.941712839853393824e-01 3.084491875583160891e+03
5.428674861028858212e-01 2.834509374791705341e+03
5.963622675339625978e-01 2.616139790072685173e+03
6.551284857587630350e-01 2.424573017464563236e+03
7.196855941730535555e-01 2.252974826949261114e+03
7.906042337028588163e-01 2.095172280326617511e+03
8.685112768820903995e-01 1.956473630964295353e+03
9.540953689793428838e-01 1.832676184916972716e+03
1.048113015153642191e+00 0.000000000000000000e+00
