1.048113066601954503e-02 2.725175140480264090e+05
1.151395323963562076e-02 0.000000000000000000e+00
1.264855132798976302e-02 3.419815225826267852e+05
1.389495400641860279e-02 4.460148284756003995e+05
1.526417862678452857e-02 3.847462224345901050e+05
1.676832820337198493e-02 0.000000000000000000e+00
1.842069839530119726e-02 3.926419785667451797e+05
2.023589503111089191e-02 2.813509591195888352e+05
2.222996321434766651e-02 3.004007410488427849e+05
2.442052915136719640e-02 1.945948217356291425e+05
2.682695595500901239e-02 2.287626459028574754e+05
2.947051480134291537e-02 2.465169905173926963e+05
3.237457295239669353e-02 1.715668698065332719e+05
3.556480030685772731e-02 1.179201022635966947e+05
3.906939630451649464e-02 1.233567645384235657e+05
4.291933919013282694e-02 1.170982012727520341e+05
4.714865984004791566e-02 9.891551214517498738e+04
5.179474257198286163e-02 8.575177500920870807e+04
5.689865559697841746e-02 8.942699376586040307e+04
6.250551403444545850e-02 8.127179512539130519e+04
6.866487869913283359e-02 7.581364107766748930e+04
7.543119418501802176e-02 5.958156210521061439e+04
8.286427011848424007e-02 4.799562883851896186e+04
9.102980983473445142e-02 4.001793914437670901e+04
9.999999115058272325e-02 3.564062658478716185e+04
1.098541043672585787e-01 3.104994302891675397e+04
1.206792531427361148e-01 2.933358379372163108e+04
1.325711244288214907e-01 2.610434916381020230e+04
1.456348342787200378e-01 2.189386011262843385e+04
1.599858570014452974e-01 1.904656283322454692e+04
1.757510458761641914e-01 1.723083341375017699e+04
1.930697544488981787e-01 1.543766030149591097e+04
2.120950683230800604e-01 1.359993982739876083e+04
2.329951583321586417e-01 1.221317143868889252e+04
2.559547670553742882e-01 1.107629014401916720e+04
2.811768418164965477e-01 9.871404062503132081e+03
3.088843286001189403e-01 8.912616457857600835e+03
3.393221427425128778e-01 8.167358225650664281e+03
3.727593338166072523e-01 7.491275006612449033e+03
4.094914638472018087e-01 6.874214962528776596e+03
4.498432198782237879e-01 6.332978019428287553e+03
4.941712839853393824e-01 5.834494098515650876e+03
5.428674861028858212e-01 5.412278084130035495e+03
5.963622675339625978e-01 5.043831262336375403e+03
6.551284857587630350e-01 4.700834547161407500e+03
7.196855941730535555e-01 4.396661979577897910e+03
7.906042337028588163e-01 4.100332881966116474e+03
8.685112768820903995e-01 3.828398607331768289e+03
9.540953689793428838e-01 3.570369153722330338e+03
1.048113015153642191e+00 0.000000000000000000e+00
