1.048113066601954503e-02 8.549140578431745234e+04
1.151395323963562076e-02 0.000000000000000000e+00
1.264855132798976302e-02 1.057903780296721961e+05
1.389495400641860279e-02 1.003825038593865465e+05
1.526417862678452857e-02 9.245329373433675210e+04
1.676832820337198493e-02 0.000000000000000000e+00
1.842069839530119726e-02 1.304732786699728167e+05
2.023589503111089191e-02 1.656282634941199794e+05
2.222996321434766651e-02 1.069592312144943280e+05
2.442052915136719640e-02 8.313693903437667177e+04
2.682695595500901239e-02 8.966996788055534125e+04
2.947051480134291537e-02 7.705215830949875817e+04
3.237457295239669353e-02 8.883535389618230693e+04
3.556480030685772731e-02 8.235017279116324789e+04
3.906939630451649464e-02 7.044573111709157820e+04
4.291933919013282694e-02 7.207218775474955328e+04
4.714865984004791566e-02 5.944284049113350920e+04
5.179474257198286163e-02 5.953239836175981327e+04
5.689865559697841746e-02 5.347343392325850436e+04
6.250551403444545850e-02 5.341363819583821896e+04
6.866487869913283359e-02 4.434037660578348004e+04
7.543119418501802176e-02 4.144559076245258620e+04
8.286427011848424007e-02 3.614002908803096216e+04
9.102980983473445142e-02 3.085587507402592746e+04
9.999999115058272325e-02 2.726105359263641731e+04
1.098541043672585787e-01 2.324876768087591336e+04
1.206792531427361148e-01 2.111374521651281975e+04
1.325711244288214907e-01 1.966616135326330914e+04
1.456348342787200378e-01 1.694982340741670487e+04
1.599858570014452974e-01 1.466801086253416543e+04
1.757510458761641914e-01 1.306810141063611445e+04
1.930697544488981787e-01 1.160980404883358824e+04
2.120950683230800604e-01 1.024320862875526836e+04
2.329951583321586417e-01 9.153005634612945869e+03
2.559547670553742882e-01 8.207857444101529836e+03
2.811768418164965477e-01 7.349792075438848769e+03
3.088843286001189403e-01 6.635669620097294683e+03
3.393221427425128778e-01 6.004951528661713382e+03
3.727593338166072523e-01 5.416547374497878991e+03
4.094914638472018087e-01 4.928910752473742832e+03
4.498432198782237879e-01 4.529908827673654741e+03
4.941712839853393824e-01 4.146293974318385153e+03
5.428674861028858212e-01 3.840299354647536802e+03
5.963622675339625978e-01 3.537801127434667706e+03
6.551284857587630350e-01 3.292339079311484511e+03
7.196855941730535555e-01 3.049052828152460279e+03
7.906042337028588163e-01 2.858556803979000506e+03
8.685112768820903995e-01 2.664178814304670141e+03
9.540953689793428838e-01 2.497539736134390296e+03
1.048113015153642191e+00 0.000000000000000000e+00
