1.048113066601954503e-02 1.268755407493097009e+05
1.151395323963562076e-02 0.000000000000000000e+00
1.264855132798976302e-02 1.487628502414983814e+05
1.389495400641860279e-02 3.334768928171845037e+05
1.526417862678452857e-02 2.322449244751893566e+05
1.676832820337198493e-02 0.000000000000000000e+00
1.842069839530119726e-02 2.264048788854299346e+05
2.023589503111089191e-02 2.973411691772763152e+05
2.222996321434766651e-02 2.979885022375507979e+05
2.442052915136719640e-02 3.108356061558552901e+05
2.682695595500901239e-02 1.792166319706049981e+05
2.947051480134291537e-02 1.855272389788689907e+05
3.237457295239669353e-02 1.790313182024398120e+05
3.556480030685772731e-02 1.260357233898691775e+05
3.906939630451649464e-02 1.190963498496760440e+05
4.291933919013282694e-02 1.031306947596555401e+05
4.714865984004791566e-02 1.050087927127994481e+05
5.179474257198286163e-02 1.043312054060003429e+05
5.689865559697841746e-02 8.830391017564885260e+04
6.250551403444545850e-02 8.755954047064829501e+04
6.866487869913283359e-02 8.136186039608469582e+04
7.543119418501802176e-02 7.132503569842842990e+04
8.286427011848424007e-02 5.899566678553453676e+04
9.102980983473445142e-02 5.254216922948295542e+04
9.999999115058272325e-02 4.542647169707635476e+04
1.098541043672585787e-01 4.125137132156904408e+04
1.206792531427361148e-01 3.971372726749375579e+04
1.325711244288214907e-01 3.440274918837895530e+04
1.456348342787200378e-01 3.092624597233959503e+04
1.599858570014452974e-01 2.778170310277379758e+04
1.757510458761641914e-01 2.489460673230266184e+04
1.930697544488981787e-01 2.289682179874215217e+04
2.120950683230800604e-01 2.071593649827115223e+04
2.329951583321586417e-01 1.896874935199460742e+04
2.559547670553742882e-01 1.748996335807141440e+04
2.811768418164965477e-01 1.615852261449706202e+04
3.088843286001189403e-01 1.490473079521713225e+04
3.393221427425128778e-01 1.393432803614848126e+04
3.727593338166072523e-01 1.290459510884995689e+04
4.094914638472018087e-01 1.206981629192943001e+04
4.498432198782237879e-01 1.135590115996692111e+04
4.941712839853393824e-01 1.071152213354621199e+04
5.428674861028858212e-01 1.013809746624729632e+04
5.963622675339625978e-01 9.558594137730648072e+03
6.551284857587630350e-01 9.058263990623476275e+03
7.196855941730535555e-01 8.543428926269054500e+03
7.906042337028588163e-01 8.047140462805292373e+03
8.685112768820903995e-01 7.582414765241881469e+03
9.540953689793428838e-01 7.129561283535173970e+03
1.048113015153642191e+00 0.000000000000000000e+00
