1.048113066601954503e-02 7.967016043283790350e+04
1.151395323963562076e-02 0.000000000000000000e+00
1.264855132798976302e-02 9.346831863187838462e+04
1.389495400641860279e-02 2.098716469765874790e+05
1.526417862678452857e-02 1.462712095208396786e+05
1.676832820337198493e-02 0.000000000000000000e+00
1.842069839530119726e-02 1.424901733051019546e+05
2.023589503111089191e-02 1.865784777663696441e+05
2.222996321434766651e-02 1.870303599823325058e+05
2.442052915136719640e-02 1.951307785126676317e+05
2.682695595500901239e-02 1.127690094208153314e+05
2.947051480134291537e-02 1.166840584952984937e+05
3.237457295239669353e-02 1.122455198419430380e+05
3.556480030685772731e-02 7.906220836963559850e+04
3.906939630451649464e-02 7.450153651332359004e+04
4.291933919013282694e-02 6.453542000040370476e+04
4.714865984004791566e-02 6.556257618437695783e+04
5.179474257198286163e-02 6.502096979647786793e+04
5.689865559697841746e-02 5.498572328229270352e+04
6.250551403444545850e-02 5.442735939669972868e+04
6.866487869913283359e-02 5.051949278745755873e+04
7.543119418501802176e-02 4.418333456805635797e+04
8.286427011848424007e-02 3.641631953400269413e+04
9.102980983473445142e-02 3.231497197243057599e+04
9.999999115058272325e-02 2.786865186130757866e+04
1.098541043672585787e-01 2.526562486926722340e+04
1.206792531427361148e-01 2.423639567429773888e+04
1.325711244288214907e-01 2.090041092199015475e+04
1.456348342787200378e-01 1.870342562258497128e+04
1.599858570014452974e-01 1.672568549066429114e+04
1.757510458761641914e-01 1.494154687085147998e+04
1.930697544488981787e-01 1.367070577506343034e+04
2.120950683230800604e-01 1.231352302600089206e+04
2.329951583321586417e-01 1.121679122000126154e+04
2.559547670553742882e-01 1.029066534944840532e+04
2.811768418164965477e-01 9.461238788110324094e+03
3.088843286001189403e-01 8.680863576869240205e+03
3.393221427425128778e-01 8.078211493901351787e+03
3.727593338166072523e-01 7.444979151491006633e+03
4.094914638472018087e-01 6.928833978966827999e+03
4.498432198782237879e-01 6.486416322184749333e+03
4.941712839853393824e-01 6.088440252122210040e+03
5.428674861028858212e-01 5.734659961860077601e+03
5.963622675339625978e-01 5.380092867086858860e+03
6.551284857587630350e-01 5.072980950456414575e+03
7.196855941730535555e-01 4.761198416648076090e+03
7.906042337028588163e-01 4.462164106647270273e+03
8.685112768820903995e-01 4.182742706684379300e+03
9.540953689793428838e-01 3.912231054525642321e+03
1.048113015153642191e+00 0.000000000000000000e+00
