1.048113066601954503e-02 1.663187511614632967e+04
1.151395323963562076e-02 0.000000000000000000e+00
1.264855132798976302e-02 3.695102809703547246e+04
1.389495400641860279e-02 1.577506679467120375e+04
1.526417862678452857e-02 2.117056200068001635e+04
1.676832820337198493e-02 0.000000000000000000e+00
1.842069839530119726e-02 1.661221172045038838e+04
2.023589503111089191e-02 2.232222784721359130e+04
2.222996321434766651e-02 2.011047507824335116e+04
2.442052915136719640e-02 3.142059239225175043e+04
2.682695595500901239e-02 3.114248249948937155e+04
2.947051480134291537e-02 2.937505294416314428e+04
3.237457295239669353e-02 2.508158952030864748e+04
3.556480030685772731e-02 2.616688270836949960e+04
3.906939630451649464e-02 2.519041140321172861e+04
4.291933919013282694e-02 2.299333672979540279e+04
4.714865984004791566e-02 2.144089557859598426e+04
5.179474257198286163e-02 2.384335995548626670e+04
5.689865559697841746e-02 2.109604930014427737e+04
6.250551403444545850e-02 2.259117615304201536e+04
6.866487869913283359e-02 2.034365489712618000e+04
7.543119418501802176e-02 2.028938554448331342e+04
8.286427011848424007e-02 1.780112093535402528e+04
9.102980983473445142e-02 1.664346167923388566e+04
9.999999115058272325e-02 1.572475588025726756e+04
1.098541043672585787e-01 1.423042996679169664e+04
1.206792531427361148e-01 1.286532228503069200e+04
1.325711244288214907e-01 1.217390201636036181e+04
1.456348342787200378e-01 1.135271598734375220e+04
1.599858570014452974e-01 1.018737783572033914e+04
1.757510458761641914e-01 9.160318816435876215e+03
1.930697544488981787e-01 8.325947497902809118e+03
2.120950683230800604e-01 7.822668133635806043e+03
2.329951583321586417e-01 7.004267427055352528e+03
2.559547670553742882e-01 6.456289120452356656e+03
2.811768418164965477e-01 5.960160065050056801e+03
3.088843286001189403e-01 5.452974705456554148e+03
3.393221427425128778e-01 5.083125884209606738e+03
3.727593338166072523e-01 4.714408467006399405e+03
4.094914638472018087e-01 4.402755566424988501e+03
4.498432198782237879e-01 4.129421624563408841e+03
4.941712839853393824e-01 3.874224359360250673e+03
5.428674861028858212e-01 3.657860598093863246e+03
5.963622675339625978e-01 3.458112812654035224e+03
6.551284857587630350e-01 3.274665188231942011e+03
7.196855941730535555e-01 3.105836273188174800e+03
7.906042337028588163e-01 2.950863362832580606e+03
8.685112768820903995e-01 2.810323965683386177e+03
9.540953689793428838e-01 2.670936247766668657e+03
1.048113015153642191e+00 0.000000000000000000e+00
