1.048113066601954503e-02 1.139018290679986676e+05
1.151395323963562076e-02 0.000000000000000000e+00
1.264855132798976302e-02 9.369441358999389922e+04
1.389495400641860279e-02 1.339380698681979848e+05
1.526417862678452857e-02 1.780038029442393163e+05
1.676832820337198493e-02 0.000000000000000000e+00
1.842069839530119726e-02 1.172412559346772759e+05
2.023589503111089191e-02 1.657015517884893343e+05
2.222996321434766651e-02 1.519303724303962372e+05
2.442052915136719640e-02 1.379950405227008450e+05
2.682695595500901239e-02 1.442113190409810340e+05
2.947051480134291537e-02 1.595652554160177242e+05
3.237457295239669353e-02 1.345529779813715722e+05
3.556480030685772731e-02 1.323304394784072647e+05
3.906939630451649464e-02 1.251845077699722606e+05
4.291933919013282694e-02 9.889049513325531734e+04
4.714865984004791566e-02 7.459172336963642738e+04
5.179474257198286163e-02 8.115650207370039425e+04
5.689865559697841746e-02 8.072696808261725528e+04
6.250551403444545850e-02 7.594205087416208698e+04
6.866487869913283359e-02 6.874968062796110462e+04
7.543119418501802176e-02 6.722916215395936160e+04
8.286427011848424007e-02 6.266734071310653235e+04
9.102980983473445142e-02 5.591225443544654991e+04
9.999999115058272325e-02 4.660261026785660943e+04
1.098541043672585787e-01 4.103181444712331722e+04
1.206792531427361148e-01 3.716444693292535521e+04
1.325711244288214907e-01 3.436310079504841997e+04
1.456348342787200378e-01 3.241484427634595704e+04
1.599858570014452974e-01 2.896291027447253146e+04
1.757510458761641914e-01 2.581291350258832244e+04
1.930697544488981787e-01 2.339771721930292915e+04
2.120950683230800604e-01 2.160102257944318262e+04
2.329951583321586417e-01 1.969849685561356819e+04
2.559547670553742882e-01 1.817337769901188221e+04
2.811768418164965477e-01 1.673002790658855520e+04
3.088843286001189403e-01 1.553727849614120350e+04
3.393221427425128778e-01 1.451489530270170144e+04
3.727593338166072523e-01 1.355073082714918564e+04
4.094914638472018087e-01 1.277766354400655837e+04
4.498432198782237879e-01 1.201200656572405205e+04
4.941712839853393824e-01 1.139324942683098561e+04
5.428674861028858212e-01 1.076737967724722694e+04
5.963622675339625978e-01 1.020839242170004400e+04
6.551284857587630350e-01 9.676903091381615013e+03
7.196855941730535555e-01 9.204703491619937267e+03
7.906042337028588163e-01 8.742792825621589145e+03
8.685112768820903995e-01 8.324392271298273045e+03
9.540953689793428838e-01 7.887733642483261065e+03
1.048113015153642191e+00 0.000000000000000000e+00
