1.048113066601954503e-02 4.288840205282102688e+05
1.151395323963562076e-02 0.000000000000000000e+00
1.264855132798976302e-02 1.368506183412073646e+06
1.389495400641860279e-02 7.791955347843966447e+05
1.526417862678452857e-02 6.152572818096660776e+05
1.676832820337198493e-02 0.000000000000000000e+00
1.842069839530119726e-02 6.374424896640852094e+05
2.023589503111089191e-02 6.498957397072564345e+05
2.222996321434766651e-02 4.622501957918647677e+05
2.442052915136719640e-02 4.078951557730912464e+05
2.682695595500901239e-02 2.967820394334644661e+05
2.947051480134291537e-02 2.787583812336987467e+05
3.237457295239669353e-02 2.004211872736903606e+05
3.556480030685772731e-02 2.075944836036411580e+05
3.906939630451649464e-02 1.562919839715280687e+05
4.291933919013282694e-02 1.237695031396255363e+05
4.714865984004791566e-02 1.064928744071161636e+05
5.179474257198286163e-02 1.015357963970149722e+05
5.689865559697841746e-02 1.021969859101512702e+05
6.250551403444545850e-02 8.968091744381844182e+04
6.866487869913283359e-02 8.287041515095527575e+04
7.543119418501802176e-02 6.619658085915067932e+04
8.286427011848424007e-02 5.135571285840845667e+04
9.102980983473445142e-02 4.201345782939610945e+04
9.999999115058272325e-02 3.649726760777631716e+04
1.098541043672585787e-01 3.286586604375370371e+04
1.206792531427361148e-01 3.105384776466604671e+04
1.325711244288214907e-01 2.617573007970961044e+04
1.456348342787200378e-01 2.234276142230287951e+04
1.599858570014452974e-01 1.903784847548744438e+04
1.757510458761641914e-01 1.673330271316940343e+04
1.930697544488981787e-01 1.492796599083923138e+04
2.120950683230800604e-01 1.312315773111501039e+04
2.329951583321586417e-01 1.155379679579805270e+04
2.559547670553742882e-01 1.025636811834001128e+04
2.811768418164965477e-01 9.178323058888154264e+03
3.088843286001189403e-01 8.241200256285032083e+03
3.393221427425128778e-01 7.366485839437527829e+03
3.727593338166072523e-01 6.646388492451111233e+03
4.094914638472018087e-01 6.031112941850489733e+03
4.498432198782237879e-01 5.501815255322052508e+03
4.941712839853393824e-01 5.039146420254942313e+03
5.428674861028858212e-01 4.617209730204895095e+03
5.963622675339625978e-01 4.256396107479426973e+03
6.551284857587630350e-01 3.917738096104445503e+03
7.196855941730535555e-01 3.617071819223431703e+03
7.906042337028588163e-01 3.342932134885229971e+03
8.685112768820903995e-01 3.111990691219402379e+03
9.540953689793428838e-01 2.892037391512538761e+03
1.048113015153642191e+00 0.000000000000000000e+00
