1.048113066601954503e-02 6.957730386958851886e+04
1.151395323963562076e-02 0.000000000000000000e+00
1.264855132798976302e-02 8.164329652960793464e+04
1.389495400641860279e-02 1.834225512660025561e+05
1.526417862678452857e-02 1.278698054081776354e+05
1.676832820337198493e-02 0.000000000000000000e+00
1.842069839530119726e-02 1.245347859619371302e+05
2.023589503111089191e-02 1.629032278325333900e+05
2.222996321434766651e-02 1.633112627524854906e+05
2.442052915136719640e-02 1.703957618758622266e+05
2.682695595500901239e-02 9.855262188147474080e+04
2.947051480134291537e-02 1.019577134076748334e+05
3.237457295239669353e-02 9.797595603664836381e+04
3.556480030685772731e-02 6.902450348701518669e+04
3.906939630451649464e-02 6.498180899796885205e+04
4.291933919013282694e-02 5.629582998703276098e+04
4.714865984004791566e-02 5.714873391739084764e+04
5.179474257198286163e-02 5.664185958082246361e+04
5.689865559697841746e-02 4.788658092535097967e+04
6.250551403444545850e-02 4.737275310222870758e+04
6.866487869913283359e-02 4.395512848299122561e+04
7.543119418501802176e-02 3.841196457517176168e+04
8.286427011848424007e-02 3.162189906342652466e+04
9.102980983473445142e-02 2.802609316677747847e+04
9.999999115058272325e-02 2.414993673997545920e+04
1.098541043672585787e-01 2.188212813098882907e+04
1.206792531427361148e-01 2.096468770875464907e+04
1.325711244288214907e-01 1.805133465110199177e+04
1.456348342787200378e-01 1.612883932136045405e+04
1.599858570014452974e-01 1.440084095328820877e+04
1.757510458761641914e-01 1.285112306475013065e+04
1.930697544488981787e-01 1.173672478960950320e+04
2.120950683230800604e-01 1.055511278410781233e+04
2.329951583321586417e-01 9.597605557765755293e+03
2.559547670553742882e-01 8.789675539092879262e+03
2.811768418164965477e-01 8.067372166063905752e+03
3.088843286001189403e-01 7.388013846673389708e+03
3.393221427425128778e-01 6.863771307343141416e+03
3.727593338166072523e-01 6.314742410608600949e+03
4.094914638472018087e-01 5.866464523263543015e+03
4.498432198782237879e-01 5.481963734217199089e+03
4.941712839853393824e-01 5.136487636372106863e+03
5.428674861028858212e-01 4.829513155193536477e+03
5.963622675339625978e-01 4.522731892302230335e+03
6.551284857587630350e-01 4.256764988729846664e+03
7.196855941730535555e-01 3.987979856982091405e+03
7.906042337028588163e-01 3.730655894475654804e+03
8.685112768820903995e-01 3.490415833794269929e+03
9.540953689793428838e-01 3.258380311996880664e+03
1.048113015153642191e+00 0.000000000000000000e+00
