1.048113066601954503e-02 4.726894329559045145e+05
1.151395323963562076e-02 0.000000000000000000e+00
1.264855132798976302e-02 1.558009556834397954e+05
1.389495400641860279e-02 2.654831924715134664e+05
1.526417862678452857e-02 4.020903235160514596e+05
1.676832820337198493e-02 0.000000000000000000e+00
1.842069839530119726e-02 3.875387989350613207e+05
2.023589503111089191e-02 2.945812770442067413e+05
2.222996321434766651e-02 1.668188296977069404e+05
2.442052915136719640e-02 1.978206936987948138e+05
2.682695595500901239e-02 1.815430915117761760e+05
2.947051480134291537e-02 1.685355511056646355e+05
3.237457295239669353e-02 1.121070119544605986e+05
3.556480030685772731e-02 1.016167785329322360e+05
3.906939630451649464e-02 9.656821023298766522e+04
4.291933919013282694e-02 7.241628587033286749e+04
4.714865984004791566e-02 6.312381411782086798e+04
5.179474257198286163e-02 5.983134835893190757e+04
5.689865559697841746e-02 6.017036085407300561e+04
6.250551403444545850e-02 6.311736990843262174e+04
6.866487869913283359e-02 5.237712156828593288e+04
7.543119418501802176e-02 4.413653667000339919e+04
8.286427011848424007e-02 3.653457778568750655e+04
9.102980983473445142e-02 2.975500121540986220e+04
9.999999115058272325e-02 2.521798072767118720e+04
1.098541043672585787e-01 2.267637145953589425e+04
1.206792531427361148e-01 2.075370936647447525e+04
1.325711244288214907e-01 1.871890703067448703e+04
1.456348342787200378e-01 1.614236381610694662e+04
1.599858570014452974e-01 1.435675413961933737e+04
1.757510458761641914e-01 1.270515449879056905e+04
1.930697544488981787e-01 1.143327805010007796e+04
2.120950683230800604e-01 1.033450256366043686e+04
2.329951583321586417e-01 9.043122159250373443e+03
2.559547670553742882e-01 8.274139396022415895e+03
2.811768418164965477e-01 7.491259698996705083e+03
3.088843286001189403e-01 6.833096759917707459e+03
3.393221427425128778e-01 6.269495679878702504e+03
3.727593338166072523e-01 5.751853205649321353e+03
4.094914638472018087e-01 5.291337279415789453e+03
4.498432198782237879e-01 4.908482916956636473e+03
4.941712839853393824e-01 4.570471022319219628e+03
5.428674861028858212e-01 4.229881559748134350e+03
5.963622675339625978e-01 3.910220817745775093e+03
6.551284857587630350e-01 3.627171987935654670e+03
7.196855941730535555e-01 3.385022807870322140e+03
7.906042337028588163e-01 3.146009399602348367e+03
8.685112768820903995e-01 2.905967240681678049e+03
9.540953689793428838e-01 2.676169894531972204e+03
1.048113015153642191e+00 0.000000000000000000e+00
