1.048113066601954503e-02 6.489500192697015882e+04
1.151395323963562076e-02 0.000000000000000000e+00
1.264855132798976302e-02 3.824682648176063958e+04
1.389495400641860279e-02 3.139869677764650260e+04
1.526417862678452857e-02 7.152454588662661263e+04
1.676832820337198493e-02 0.000000000000000000e+00
1.842069839530119726e-02 3.780525574353456614e+04
2.023589503111089191e-02 7.521122382292675320e+04
2.222996321434766651e-02 4.994628164213670971e+04
2.442052915136719640e-02 5.728662447458163660e+04
2.682695595500901239e-02 5.804739761720388196e+04
2.947051480134291537e-02 5.792582712366616761e+04
3.237457295239669353e-02 6.335148107053831336e+04
3.556480030685772731e-02 6.414273446879415860e+04
3.906939630451649464e-02 6.288847516204405110e+04
4.291933919013282694e-02 6.088032672729247861e+04
4.714865984004791566e-02 5.130701779423705011e+04
5.179474257198286163e-02 5.301269549941147852e+04
5.689865559697841746e-02 4.691167281257608556e+04
6.250551403444545850e-02 4.690599284941045335e+04
6.866487869913283359e-02 4.920277586048095691e+04
7.543119418501802176e-02 4.483943039890940418e+04
8.286427011848424007e-02 4.271318751075997716e+04
9.102980983473445142e-02 4.117601690074567887e+04
9.999999115058272325e-02 3.708213790482529294e+04
1.098541043672585787e-01 3.337130506982164661e+04
1.206792531427361148e-01 3.168369613469504839e+04
1.325711244288214907e-01 2.937940046005004115e+04
1.456348342787200378e-01 2.713365870100417669e+04
1.599858570014452974e-01 2.426746000082152023e+04
1.757510458761641914e-01 2.208381705134278673e+04
1.930697544488981787e-01 2.105256899557661018e+04
2.120950683230800604e-01 1.922194266054180480e+04
2.329951583321586417e-01 1.788664150402991072e+04
2.559547670553742882e-01 1.655183258264355754e+04
2.811768418164965477e-01 1.539359254140378835e+04
3.088843286001189403e-01 1.445590773357805301e+04
3.393221427425128778e-01 1.364168467392574530e+04
3.727593338166072523e-01 1.277771458363368220e+04
4.094914638472018087e-01 1.212680125681530262e+04
4.498432198782237879e-01 1.149628650376322548e+04
4.941712839853393824e-01 1.094300544421247469e+04
5.428674861028858212e-01 1.043023802144996989e+04
5.963622675339625978e-01 9.966159446975070750e+03
6.551284857587630350e-01 9.577258106036184472e+03
7.196855941730535555e-01 9.178285073370254395e+03
7.906042337028588163e-01 8.815138248290499178e+03
8.685112768820903995e-01 8.452414711832612738e+03
9.540953689793428838e-01 8.105755166069666302e+03
1.048113015153642191e+00 0.000000000000000000e+00
