1.048113066601954503e-02 1.446333429657954839e+05
1.151395323963562076e-02 0.000000000000000000e+00
1.264855132798976302e-02 3.902440091364140389e+05
1.389495400641860279e-02 3.958099350767323631e+05
1.526417862678452857e-02 2.119962546371253848e+05
1.676832820337198493e-02 0.000000000000000000e+00
1.842069839530119726e-02 2.647804657968073734e+05
2.023589503111089191e-02 1.760407512562347110e+05
2.222996321434766651e-02 2.119954423834283953e+05
2.442052915136719640e-02 1.711896039444336784e+05
2.682695595500901239e-02 1.564848903002744482e+05
2.947051480134291537e-02 1.911227100126648438e+05
3.237457295239669353e-02 1.056494001266257110e+05
3.556480030685772731e-02 9.263116063752348418e+04
3.906939630451649464e-02 8.874059776852150389e+04
4.291933919013282694e-02 8.424173152078158455e+04
4.714865984004791566e-02 8.526083049500848574e+04
5.179474257198286163e-02 6.650438431530272646e+04
5.689865559697841746e-02 7.149005712687780033e+04
6.250551403444545850e-02 7.128570726782511338e+04
6.866487869913283359e-02 6.351196512668012292e+04
7.543119418501802176e-02 5.104087037713222526e+04
8.286427011848424007e-02 3.839377487602324254e+04
9.102980983473445142e-02 3.354386101795387367e+04
9.999999115058272325e-02 3.024108704665028927e+04
1.098541043672585787e-01 2.945287401897591917e+04
1.206792531427361148e-01 2.670779456676377231e+04
1.325711244288214907e-01 2.207016886495616563e+04
1.456348342787200378e-01 1.922714107468030124e+04
1.599858570014452974e-01 1.762100567204794788e+04
1.757510458761641914e-01 1.595970851842968477e+04
1.930697544488981787e-01 1.399189605616428889e+04
2.120950683230800604e-01 1.264636409658114462e+04
2.329951583321586417e-01 1.138568626767811656e+04
2.559547670553742882e-01 1.037602521025537862e+04
2.811768418164965477e-01 9.372146653177582266e+03
3.088843286001189403e-01 8.538819159669008513e+03
3.393221427425128778e-01 7.962944744913361319e+03
3.727593338166072523e-01 7.269213725184322357e+03
4.094914638472018087e-01 6.730447526785641458e+03
4.498432198782237879e-01 6.266916118361432382e+03
4.941712839853393824e-01 5.855678442929980520e+03
5.428674861028858212e-01 5.467513413439496617e+03
5.963622675339625978e-01 5.114039826590946177e+03
6.551284857587630350e-01 4.804372305654528645e+03
7.196855941730535555e-01 4.508630435691813545e+03
7.906042337028588163e-01 4.237121958502809321e+03
8.685112768820903995e-01 3.984292220844255098e+03
9.540953689793428838e-01 3.752994975763682305e+03
1.048113015153642191e+00 0.000000000000000000e+00
