1.048113066601954503e-02 9.113995776562676474e+04
1.151395323963562076e-02 0.000000000000000000e+00
1.264855132798976302e-02 1.251934656334407046e+05
1.389495400641860279e-02 9.211089136115515430e+04
1.526417862678452857e-02 1.325522549432582455e+05
1.676832820337198493e-02 0.000000000000000000e+00
1.842069839530119726e-02 6.426713534136688395e+04
2.023589503111089191e-02 8.400882459723265492e+04
2.222996321434766651e-02 5.744458190150790324e+04
2.442052915136719640e-02 1.106341357348889287e+05
2.682695595500901239e-02 7.499273916669152095e+04
2.947051480134291537e-02 7.081021668943981058e+04
3.237457295239669353e-02 5.692000526167828502e+04
3.556480030685772731e-02 5.999211896528844227e+04
3.906939630451649464e-02 4.461492151953253051e+04
4.291933919013282694e-02 4.971934434589122975e+04
4.714865984004791566e-02 4.276222059729140165e+04
5.179474257198286163e-02 3.976646269913073047e+04
5.689865559697841746e-02 3.286192513963535748e+04
6.250551403444545850e-02 3.196995161400480720e+04
6.866487869913283359e-02 2.932333997976968385e+04
7.543119418501802176e-02 2.820190934069448849e+04
8.286427011848424007e-02 2.449046762612128805e+04
9.102980983473445142e-02 2.212126780499035522e+04
9.999999115058272325e-02 1.943189141473012569e+04
1.098541043672585787e-01 1.615008577668913495e+04
1.206792531427361148e-01 1.386504839330284813e+04
1.325711244288214907e-01 1.307951173982092769e+04
1.456348342787200378e-01 1.170644015061096252e+04
1.599858570014452974e-01 1.019601069482857747e+04
1.757510458761641914e-01 8.733477726066508694e+03
1.930697544488981787e-01 7.732884635504928156e+03
2.120950683230800604e-01 7.035989631713237031e+03
2.329951583321586417e-01 6.219550619987240680e+03
2.559547670553742882e-01 5.575038916252357922e+03
2.811768418164965477e-01 4.992598609794909862e+03
3.088843286001189403e-01 4.481640755100464958e+03
3.393221427425128778e-01 4.044972308099278507e+03
3.727593338166072523e-01 3.672941516085294097e+03
4.094914638472018087e-01 3.327672888261610751e+03
4.498432198782237879e-01 3.055279760993085347e+03
4.941712839853393824e-01 2.793333378917635400e+03
5.428674861028858212e-01 2.568997815869367514e+03
5.963622675339625978e-01 2.372997131173191519e+03
6.551284857587630350e-01 2.202465706121033691e+03
7.196855941730535555e-01 2.045389765396780831e+03
7.906042337028588163e-01 1.904437799040984373e+03
8.685112768820903995e-01 1.779938323871077500e+03
9.540953689793428838e-01 1.663325470196164133e+03
1.048113015153642191e+00 0.000000000000000000e+00
