1.048113066601954503e-02 3.189552211490468835e+04
1.151395323963562076e-02 0.000000000000000000e+00
1.264855132798976302e-02 2.765265320384182269e+04
1.389495400641860279e-02 3.934222644982452766e+04
1.526417862678452857e-02 5.488776329653334687e+04
1.676832820337198493e-02 0.000000000000000000e+00
1.842069839530119726e-02 4.592844469512107025e+04
2.023589503111089191e-02 3.515638405908921413e+04
2.222996321434766651e-02 5.623271435185309383e+04
2.442052915136719640e-02 5.672824706733955827e+04
2.682695595500901239e-02 4.760468382734649640e+04
2.947051480134291537e-02 6.285881505661214760e+04
3.237457295239669353e-02 4.627578099270310486e+04
3.556480030685772731e-02 4.456838367051204841e+04
3.906939630451649464e-02 3.645783025578602246e+04
4.291933919013282694e-02 4.194650148155312490e+04
4.714865984004791566e-02 3.788284418299128447e+04
5.179474257198286163e-02 3.551214933761335851e+04
5.689865559697841746e-02 3.420208388249442214e+04
6.250551403444545850e-02 3.303577020266221371e+04
6.866487869913283359e-02 3.135428945512563223e+04
7.543119418501802176e-02 2.839290269474739762e+04
8.286427011848424007e-02 2.834038748620615661e+04
9.102980983473445142e-02 2.483355060373469314e+04
9.999999115058272325e-02 2.148217482626410492e+04
1.098541043672585787e-01 2.018870028808570351e+04
1.206792531427361148e-01 1.805007719779486069e+04
1.325711244288214907e-01 1.688736023478593052e+04
1.456348342787200378e-01 1.517569973354361355e+04
1.599858570014452974e-01 1.352160638300656319e+04
1.757510458761641914e-01 1.239768656598655434e+04
1.930697544488981787e-01 1.143774882803469700e+04
2.120950683230800604e-01 1.031722813343652160e+04
2.329951583321586417e-01 9.317949579210209777e+03
2.559547670553742882e-01 8.597549035091389669e+03
2.811768418164965477e-01 7.849240087875212339e+03
3.088843286001189403e-01 7.172240260562548428e+03
3.393221427425128778e-01 6.693097119730775376e+03
3.727593338166072523e-01 6.195422859070302366e+03
4.094914638472018087e-01 5.775306481581954358e+03
4.498432198782237879e-01 5.392570289972738465e+03
4.941712839853393824e-01 5.063281031708976116e+03
5.428674861028858212e-01 4.765333699303564572e+03
5.963622675339625978e-01 4.502821588232700378e+03
6.551284857587630350e-01 4.279328766159016595e+03
7.196855941730535555e-01 4.051104283817301621e+03
7.906042337028588163e-01 3.847460224569239472e+03
8.685112768820903995e-01 3.665674924996757909e+03
9.540953689793428838e-01 3.487304822156706905e+03
1.048113015153642191e+00 0.000000000000000000e+00
