1.048113066601954503e-02 3.485265674308747111e+04
1.151395323963562076e-02 0.000000000000000000e+00
1.264855132798976302e-02 1.956132950467880801e+04
1.389495400641860279e-02 2.184577840428732452e+04
1.526417862678452857e-02 3.827838517753816996e+04
1.676832820337198493e-02 0.000000000000000000e+00
1.842069839530119726e-02 2.143725559162365244e+04
2.023589503111089191e-02 2.983277583376061375e+04
2.222996321434766651e-02 2.892348548063867929e+04
2.442052915136719640e-02 3.013589033787270091e+04
2.682695595500901239e-02 3.222195470988149464e+04
2.947051480134291537e-02 2.933017531690139003e+04
3.237457295239669353e-02 3.544923745413580036e+04
3.556480030685772731e-02 2.733303219353471650e+04
3.906939630451649464e-02 2.710264012735631695e+04
4.291933919013282694e-02 3.034798614623730464e+04
4.714865984004791566e-02 2.826709260749646273e+04
5.179474257198286163e-02 2.500810164557013195e+04
5.689865559697841746e-02 2.204185609050962012e+04
6.250551403444545850e-02 2.266361982033047025e+04
6.866487869913283359e-02 2.313069985116081443e+04
7.543119418501802176e-02 2.235074893848013744e+04
8.286427011848424007e-02 2.042341653018639772e+04
9.102980983473445142e-02 1.779933469668957332e+04
9.999999115058272325e-02 1.581200596659004441e+04
1.098541043672585787e-01 1.481418650654910380e+04
1.206792531427361148e-01 1.325243405470626567e+04
1.325711244288214907e-01 1.233921265956592833e+04
1.456348342787200378e-01 1.148847182850947502e+04
1.599858570014452974e-01 1.017798780776561216e+04
1.757510458761641914e-01 9.043913637926156298e+03
1.930697544488981787e-01 8.258414755839348800e+03
2.120950683230800604e-01 7.584898879088837930e+03
2.329951583321586417e-01 6.831922146213539236e+03
2.559547670553742882e-01 6.165677579213618628e+03
2.811768418164965477e-01 5.596766371013095522e+03
3.088843286001189403e-01 5.073838477883040468e+03
3.393221427425128778e-01 4.669183444193431569e+03
3.727593338166072523e-01 4.276202194100777888e+03
4.094914638472018087e-01 3.933148496464273649e+03
4.498432198782237879e-01 3.637607720164767670e+03
4.941712839853393824e-01 3.374544438115251978e+03
5.428674861028858212e-01 3.138533488197763290e+03
5.963622675339625978e-01 2.936404705360311709e+03
6.551284857587630350e-01 2.749882890417845374e+03
7.196855941730535555e-01 2.594185998350141290e+03
7.906042337028588163e-01 2.448586536526474447e+03
8.685112768820903995e-01 2.319235342697488704e+03
9.540953689793428838e-01 2.201910790349879790e+03
1.048113015153642191e+00 0.000000000000000000e+00
