1.048113066601954503e-02 1.266596228368430020e+05
1.151395323963562076e-02 0.000000000000000000e+00
1.264855132798976302e-02 1.998065664326259284e+05
1.389495400641860279e-02 1.796357424541734508e+05
1.526417862678452857e-02 2.353895975873740390e+05
1.676832820337198493e-02 0.000000000000000000e+00
1.842069839530119726e-02 1.662981137995215831e+05
2.023589503111089191e-02 1.488904144707660307e+05
2.222996321434766651e-02 1.293045477472770144e+05
2.442052915136719640e-02 1.095077806982159382e+05
2.682695595500901239e-02 1.627127857315911970e+05
2.947051480134291537e-02 1.530676733768588165e+05
3.237457295239669353e-02 1.171973942338524794e+05
3.556480030685772731e-02 1.118797990716961940e+05
3.906939630451649464e-02 8.873972876888996689e+04
4.291933919013282694e-02 7.613752131376597390e+04
4.714865984004791566e-02 7.102457018651928229e+04
5.179474257198286163e-02 6.154809179555250012e+04
5.689865559697841746e-02 5.537330367312197632e+04
6.250551403444545850e-02 5.286282419540954288e+04
6.866487869913283359e-02 4.959879573649606027e+04
7.543119418501802176e-02 4.247384925172794465e+04
8.286427011848424007e-02 3.893722852289025468e+04
9.102980983473445142e-02 3.494009502684959443e+04
9.999999115058272325e-02 2.855228591624779801e+04
1.098541043672585787e-01 2.421277836235120049e+04
1.206792531427361148e-01 2.066091468961209102e+04
1.325711244288214907e-01 1.891985321955784093e+04
1.456348342787200378e-01 1.722672108794416999e+04
1.599858570014452974e-01 1.498748176812388192e+04
1.757510458761641914e-01 1.266288154973243400e+04
1.930697544488981787e-01 1.133841140529449331e+04
2.120950683230800604e-01 9.941777501360951646e+03
2.329951583321586417e-01 8.830396821961381647e+03
2.559547670553742882e-01 7.800396937856737168e+03
2.811768418164965477e-01 6.894341041953756758e+03
3.088843286001189403e-01 6.226145324840644207e+03
3.393221427425128778e-01 5.600696100814591773e+03
3.727593338166072523e-01 5.025363638344417268e+03
4.094914638472018087e-01 4.569036989126352637e+03
4.498432198782237879e-01 4.138956361092781663e+03
4.941712839853393824e-01 3.778076790335239821e+03
5.428674861028858212e-01 3.463616792875170631e+03
5.963622675339625978e-01 3.180801354144135075e+03
6.551284857587630350e-01 2.935159758354016958e+03
7.196855941730535555e-01 2.720109050740254133e+03
7.906042337028588163e-01 2.515560341053724642e+03
8.685112768820903995e-01 2.334614149024791914e+03
9.540953689793428838e-01 2.168696833429472917e+03
1.048113015153642191e+00 0.000000000000000000e+00
