1.048113066601954503e-02 2.266984987141207239e+04
1.151395323963562076e-02 0.000000000000000000e+00
1.264855132798976302e-02 3.162692185429092933e+04
1.389495400641860279e-02 4.474133046847117657e+04
1.526417862678452857e-02 5.655154304238594341e+04
1.676832820337198493e-02 0.000000000000000000e+00
1.842069839530119726e-02 3.187606954260721614e+04
2.023589503111089191e-02 4.835452661323129723e+04
2.222996321434766651e-02 6.654913942348481214e+04
2.442052915136719640e-02 4.272550174326275737e+04
2.682695595500901239e-02 4.005904813051878591e+04
2.947051480134291537e-02 3.804240510231831286e+04
3.237457295239669353e-02 3.483182026787220093e+04
3.556480030685772731e-02 3.313615313144900574e+04
3.906939630451649464e-02 3.236060337306064685e+04
4.291933919013282694e-02 2.796074466262714122e+04
4.714865984004791566e-02 2.379347821424127324e+04
5.179474257198286163e-02 2.370504252811880724e+04
5.689865559697841746e-02 2.499642342928216749e+04
6.250551403444545850e-02 2.255765383920358363e+04
6.866487869913283359e-02 2.148839336361326423e+04
7.543119418501802176e-02 1.904707563789936830e+04
8.286427011848424007e-02 1.753874381800970514e+04
9.102980983473445142e-02 1.469371807835710388e+04
9.999999115058272325e-02 1.308368877575497754e+04
1.098541043672585787e-01 1.146377365997112611e+04
1.206792531427361148e-01 1.023866993538759561e+04
1.325711244288214907e-01 9.731592147885994564e+03
1.456348342787200378e-01 8.676927947580554246e+03
1.599858570014452974e-01 7.407414905669433210e+03
1.757510458761641914e-01 6.478686156926268268e+03
1.930697544488981787e-01 5.905554021355285840e+03
2.120950683230800604e-01 5.274044362769213876e+03
2.329951583321586417e-01 4.609574271308705647e+03
2.559547670553742882e-01 4.166360194320754090e+03
2.811768418164965477e-01 3.737660133301961196e+03
3.088843286001189403e-01 3.349655402993833832e+03
3.393221427425128778e-01 3.017065529902926755e+03
3.727593338166072523e-01 2.729674996580221432e+03
4.094914638472018087e-01 2.486180145690188965e+03
4.498432198782237879e-01 2.276176021162357756e+03
4.941712839853393824e-01 2.087868672688739480e+03
5.428674861028858212e-01 1.923423955769778786e+03
5.963622675339625978e-01 1.770894129836555294e+03
6.551284857587630350e-01 1.643483742714914115e+03
7.196855941730535555e-01 1.529830175558436167e+03
7.906042337028588163e-01 1.426569742391471209e+03
8.685112768820903995e-01 1.335585703849802712e+03
9.540953689793428838e-01 1.253100842296469636e+03
1.048113015153642191e+00 0.000000000000000000e+00
