1.048113066601954503e-02 1.181635078744780913e+05
1.151395323963562076e-02 0.000000000000000000e+00
1.264855132798976302e-02 1.080744059685742832e+05
1.389495400641860279e-02 1.129803807069269387e+05
1.526417862678452857e-02 2.200710897399275564e+05
1.676832820337198493e-02 0.000000000000000000e+00
1.842069839530119726e-02 1.464777571880173637e+05
2.023589503111089191e-02 1.294303216230122198e+05
2.222996321434766651e-02 1.667382024302573118e+05
2.442052915136719640e-02 2.270383461198318400e+05
2.682695595500901239e-02 1.515435226430675539e+05
2.947051480134291537e-02 1.302990008102424326e+05
3.237457295239669353e-02 1.032122888256610604e+05
3.556480030685772731e-02 1.028540498164596502e+05
3.906939630451649464e-02 1.056890292099038488e+05
4.291933919013282694e-02 1.064201943325280008e+05
4.714865984004791566e-02 8.622356778826679511e+04
5.179474257198286163e-02 7.902770768908425816e+04
5.689865559697841746e-02 7.103510549436781730e+04
6.250551403444545850e-02 7.183884124021613388e+04
6.866487869913283359e-02 6.206954611173075682e+04
7.543119418501802176e-02 6.201420536907712813e+04
8.286427011848424007e-02 5.141867763225075032e+04
9.102980983473445142e-02 4.489640250326271780e+04
9.999999115058272325e-02 4.007888046705367742e+04
1.098541043672585787e-01 3.543074441350841516e+04
1.206792531427361148e-01 3.241688245332637598e+04
1.325711244288214907e-01 2.901891360145138606e+04
1.456348342787200378e-01 2.621307768155720987e+04
1.599858570014452974e-01 2.384078660124469025e+04
1.757510458761641914e-01 2.144147389383631889e+04
1.930697544488981787e-01 1.959239775048239608e+04
2.120950683230800604e-01 1.781294191992531341e+04
2.329951583321586417e-01 1.603110029296820721e+04
2.559547670553742882e-01 1.498812417982579791e+04
2.811768418164965477e-01 1.365343772492308926e+04
3.088843286001189403e-01 1.262863022271997033e+04
3.393221427425128778e-01 1.180709364713776995e+04
3.727593338166072523e-01 1.094644600271049239e+04
4.094914638472018087e-01 1.027591432048332354e+04
4.498432198782237879e-01 9.713751555945593282e+03
4.941712839853393824e-01 9.118971793490631171e+03
5.428674861028858212e-01 8.598588517491822131e+03
5.963622675339625978e-01 8.130035289205148729e+03
6.551284857587630350e-01 7.650463282526176044e+03
7.196855941730535555e-01 7.232171905450608392e+03
7.906042337028588163e-01 6.830109917815766494e+03
8.685112768820903995e-01 6.402031908595788991e+03
9.540953689793428838e-01 6.014840064147003432e+03
1.048113015153642191e+00 0.000000000000000000e+00
