1.048113066601954503e-02 5.172416035502890009e+04
1.151395323963562076e-02 0.000000000000000000e+00
1.264855132798976302e-02 5.493417136792633391e+04
1.389495400641860279e-02 2.775260403967904858e+04
1.526417862678452857e-02 3.944179544940505002e+04
1.676832820337198493e-02 0.000000000000000000e+00
1.842069839530119726e-02 5.532060263267534901e+04
2.023589503111089191e-02 3.851257098825959110e+04
2.222996321434766651e-02 5.852077423643649672e+04
2.442052915136719640e-02 4.925201108569641656e+04
2.682695595500901239e-02 4.763661594562974642e+04
2.947051480134291537e-02 5.338690986780015373e+04
3.237457295239669353e-02 3.958255221922472265e+04
3.556480030685772731e-02 4.926039173256081995e+04
3.906939630451649464e-02 4.897542272217517893e+04
4.291933919013282694e-02 5.241762385958827508e+04
4.714865984004791566e-02 4.465962736330259941e+04
5.179474257198286163e-02 4.513954042049666168e+04
5.689865559697841746e-02 4.252568079932454566e+04
6.250551403444545850e-02 4.290988001913106564e+04
6.866487869913283359e-02 4.236037031005506287e+04
7.543119418501802176e-02 3.857874065817889641e+04
8.286427011848424007e-02 3.888665982308515231e+04
9.102980983473445142e-02 3.496615234594887443e+04
9.999999115058272325e-02 3.176745999867127830e+04
1.098541043672585787e-01 2.876429326041477907e+04
1.206792531427361148e-01 2.738554929032619475e+04
1.325711244288214907e-01 2.567990177445466907e+04
1.456348342787200378e-01 2.392450310401675233e+04
1.599858570014452974e-01 2.211311243819380616e+04
1.757510458761641914e-01 2.000600898793267697e+04
1.930697544488981787e-01 1.865199416470582219e+04
2.120950683230800604e-01 1.737948065188788314e+04
2.329951583321586417e-01 1.594715851869507242e+04
2.559547670553742882e-01 1.474813451477296985e+04
2.811768418164965477e-01 1.372622118011361636e+04
3.088843286001189403e-01 1.282896637939615175e+04
3.393221427425128778e-01 1.210359613362997698e+04
3.727593338166072523e-01 1.138288629188072446e+04
4.094914638472018087e-01 1.079299857957675340e+04
4.498432198782237879e-01 1.027001620229502441e+04
4.941712839853393824e-01 9.739967212658093558e+03
5.428674861028858212e-01 9.311692286068333487e+03
5.963622675339625978e-01 8.937901223053711874e+03
6.551284857587630350e-01 8.571520033213148054e+03
7.196855941730535555e-01 8.211080682883517511e+03
7.906042337028588163e-01 7.893443495852575325e+03
8.685112768820903995e-01 7.574417681584303864e+03
9.540953689793428838e-01 7.279806459565892510e+03
1.048113015153642191e+00 0.000000000000000000e+00
