1.048113066601954503e-02 8.698894069060383481e+04
1.151395323963562076e-02 0.000000000000000000e+00
1.264855132798976302e-02 2.431934893653149265e+04
1.389495400641860279e-02 3.250601497528658365e+04
1.526417862678452857e-02 5.302505887307766534e+04
1.676832820337198493e-02 0.000000000000000000e+00
1.842069839530119726e-02 5.005364610033392819e+04
2.023589503111089191e-02 5.940856368364157970e+04
2.222996321434766651e-02 5.095521858363908541e+04
2.442052915136719640e-02 6.178038418533759250e+04
2.682695595500901239e-02 5.008643789762950473e+04
2.947051480134291537e-02 4.187432440459536883e+04
3.237457295239669353e-02 3.333438509055259055e+04
3.556480030685772731e-02 2.984170796629685356e+04
3.906939630451649464e-02 2.901153292634066747e+04
4.291933919013282694e-02 2.638918580680360901e+04
4.714865984004791566e-02 2.553065353299878916e+04
5.179474257198286163e-02 2.521053032782801893e+04
5.689865559697841746e-02 2.245730778043164173e+04
6.250551403444545850e-02 2.172602790851639293e+04
6.866487869913283359e-02 2.006960162553200644e+04
7.543119418501802176e-02 1.725984647894159571e+04
8.286427011848424007e-02 1.519887613750769015e+04
9.102980983473445142e-02 1.394948804937261775e+04
9.999999115058272325e-02 1.200619560130369064e+04
1.098541043672585787e-01 1.034031013958650874e+04
1.206792531427361148e-01 1.013422394926987909e+04
1.325711244288214907e-01 8.581094821248449080e+03
1.456348342787200378e-01 7.571250883118407728e+03
1.599858570014452974e-01 6.573050886988695311e+03
1.757510458761641914e-01 5.906641717554309253e+03
1.930697544488981787e-01 5.329093729672971676e+03
2.120950683230800604e-01 4.728414327440879788e+03
2.329951583321586417e-01 4.171013384390727879e+03
2.559547670553742882e-01 3.754900193607837537e+03
2.811768418164965477e-01 3.390971505030559456e+03
3.088843286001189403e-01 3.043112515132552744e+03
3.393221427425128778e-01 2.743933335866245216e+03
3.727593338166072523e-01 2.498366821590851941e+03
4.094914638472018087e-01 2.272328396519409125e+03
4.498432198782237879e-01 2.084014263560385189e+03
4.941712839853393824e-01 1.915342662281190542e+03
5.428674861028858212e-01 1.764615928625857123e+03
5.963622675339625978e-01 1.632180958641696179e+03
6.551284857587630350e-01 1.514908752505748907e+03
7.196855941730535555e-01 1.405699154431004899e+03
7.906042337028588163e-01 1.309757158980892200e+03
8.685112768820903995e-01 1.219671343274103265e+03
9.540953689793428838e-01 1.136467112364226978e+03
1.048113015153642191e+00 0.000000000000000000e+00
