1.048113066601954503e-02 7.899820224066207629e+03
1.151395323963562076e-02 0.000000000000000000e+00
1.264855132798976302e-02 2.089737311316645355e+04
1.389495400641860279e-02 2.069788174210302532e+04
1.526417862678452857e-02 2.207356797366254250e+04
1.676832820337198493e-02 0.000000000000000000e+00
1.842069839530119726e-02 2.539523943418743875e+04
2.023589503111089191e-02 2.578338169435779855e+04
2.222996321434766651e-02 1.435136813838475427e+04
2.442052915136719640e-02 3.070468306662610121e+04
2.682695595500901239e-02 2.227291844376719382e+04
2.947051480134291537e-02 1.797665780886937500e+04
3.237457295239669353e-02 2.433622208587832938e+04
3.556480030685772731e-02 2.723086434015958002e+04
3.906939630451649464e-02 2.278888496697967639e+04
4.291933919013282694e-02 2.128053965907896054e+04
4.714865984004791566e-02 1.985539971980298651e+04
5.179474257198286163e-02 2.033937077937640424e+04
5.689865559697841746e-02 1.835962603189204674e+04
6.250551403444545850e-02 1.768599484744282017e+04
6.866487869913283359e-02 1.715987631260584021e+04
7.543119418501802176e-02 1.620386009923032907e+04
8.286427011848424007e-02 1.475926750099861601e+04
9.102980983473445142e-02 1.258771738540490333e+04
9.999999115058272325e-02 1.189764148259129433e+04
1.098541043672585787e-01 1.100665598568815585e+04
1.206792531427361148e-01 1.017364285129233031e+04
1.325711244288214907e-01 9.360864185094576897e+03
1.456348342787200378e-01 8.316296139703828885e+03
1.599858570014452974e-01 7.491698734814161980e+03
1.757510458761641914e-01 6.690992512154995893e+03
1.930697544488981787e-01 6.087703391330642262e+03
2.120950683230800604e-01 5.419309606377978525e+03
2.329951583321586417e-01 4.838471847397071542e+03
2.559547670553742882e-01 4.436973443867589594e+03
2.811768418164965477e-01 4.003907721434878567e+03
3.088843286001189403e-01 3.630414061905101335e+03
3.393221427425128778e-01 3.310378463299927716e+03
3.727593338166072523e-01 3.026077916192843986e+03
4.094914638472018087e-01 2.790193359367026005e+03
4.498432198782237879e-01 2.572176496840266736e+03
4.941712839853393824e-01 2.378719289944607681e+03
5.428674861028858212e-01 2.207447672344135754e+03
5.963622675339625978e-01 2.053740655170496211e+03
6.551284857587630350e-01 1.924577676756887058e+03
7.196855941730535555e-01 1.805915540858251006e+03
7.906042337028588163e-01 1.700912037786149540e+03
8.685112768820903995e-01 1.608159595339548332e+03
9.540953689793428838e-01 1.523401978219525745e+03
1.048113015153642191e+00 0.000000000000000000e+00
