1.048113066601954503e-02 4.638679945782689902e+04
1.151395323963562076e-02 0.000000000000000000e+00
1.264855132798976302e-02 6.626643242054268194e+04
1.389495400641860279e-02 1.080757686135957338e+05
1.526417862678452857e-02 8.050639650725483079e+04
1.676832820337198493e-02 0.000000000000000000e+00
1.842069839530119726e-02 1.198514938049285847e+05
2.023589503111089191e-02 1.209642735643865308e+05
2.222996321434766651e-02 9.225299252363611595e+04
2.442052915136719640e-02 1.006370116926011397e+05
2.682695595500901239e-02 6.225324881782224111e+04
2.947051480134291537e-02 7.958173811600328190e+04
3.237457295239669353e-02 6.640607992453072802e+04
3.556480030685772731e-02 5.613185797315772652e+04
3.906939630451649464e-02 4.965951576042298257e+04
4.291933919013282694e-02 4.978996088617653731e+04
4.714865984004791566e-02 4.783130766221877275e+04
5.179474257198286163e-02 4.394451514897013112e+04
5.689865559697841746e-02 4.054301314127039950e+04
6.250551403444545850e-02 3.652447733689965389e+04
6.866487869913283359e-02 3.370465342317980685e+04
7.543119418501802176e-02 3.226219659512902217e+04
8.286427011848424007e-02 2.785537604261941306e+04
9.102980983473445142e-02 2.323734452084718214e+04
9.999999115058272325e-02 2.019719538226057557e+04
1.098541043672585787e-01 1.876171539646190286e+04
1.206792531427361148e-01 1.775548413991312555e+04
1.325711244288214907e-01 1.558166182916937760e+04
1.456348342787200378e-01 1.356698492126976998e+04
1.599858570014452974e-01 1.229636083422766023e+04
1.757510458761641914e-01 1.113209828138201374e+04
1.930697544488981787e-01 1.001062524597659103e+04
2.120950683230800604e-01 9.108864343437187927e+03
2.329951583321586417e-01 8.174885136455061911e+03
2.559547670553742882e-01 7.480584300386588438e+03
2.811768418164965477e-01 6.815074436547391997e+03
3.088843286001189403e-01 6.290055173224647660e+03
3.393221427425128778e-01 5.854945331041927602e+03
3.727593338166072523e-01 5.437245077734245569e+03
4.094914638472018087e-01 5.047773698885010162e+03
4.498432198782237879e-01 4.712128311413165648e+03
4.941712839853393824e-01 4.388292130763298701e+03
5.428674861028858212e-01 4.125080414601421580e+03
5.963622675339625978e-01 3.875219023394964552e+03
6.551284857587630350e-01 3.645843140445431345e+03
7.196855941730535555e-01 3.430112089712495617e+03
7.906042337028588163e-01 3.224011716934792275e+03
8.685112768820903995e-01 3.021943519671351169e+03
9.540953689793428838e-01 2.833654477716385372e+03
1.048113015153642191e+00 0.000000000000000000e+00
