1.048113066601954503e-02 5.409969306614155357e+04
1.151395323963562076e-02 0.000000000000000000e+00
1.264855132798976302e-02 5.545775547013489995e+04
1.389495400641860279e-02 6.039224720496160444e+04
1.526417862678452857e-02 9.315389830880073714e+04
1.676832820337198493e-02 0.000000000000000000e+00
1.842069839530119726e-02 1.073040432270088204e+05
2.023589503111089191e-02 1.090891781154505297e+05
2.222996321434766651e-02 9.944208148184936726e+04
2.442052915136719640e-02 7.097951265451981453e+04
2.682695595500901239e-02 1.029575873792426137e+05
2.947051480134291537e-02 7.476888219377394125e+04
3.237457295239669353e-02 7.756573698358447291e+04
3.556480030685772731e-02 6.417674165252592502e+04
3.906939630451649464e-02 5.044633970523649623e+04
4.291933919013282694e-02 5.576907727595517645e+04
4.714865984004791566e-02 5.274048979489838530e+04
5.179474257198286163e-02 5.266243996250759665e+04
5.689865559697841746e-02 4.946592393767494650e+04
6.250551403444545850e-02 4.515057383892154758e+04
6.866487869913283359e-02 3.907144107862896635e+04
7.543119418501802176e-02 3.649396572562299843e+04
8.286427011848424007e-02 3.464878513803068199e+04
9.102980983473445142e-02 3.121109954067731451e+04
9.999999115058272325e-02 2.718323891362619906e+04
1.098541043672585787e-01 2.327885041698377609e+04
1.206792531427361148e-01 2.099699777732259827e+04
1.325711244288214907e-01 1.924854139080713503e+04
1.456348342787200378e-01 1.745644323376596367e+04
1.599858570014452974e-01 1.565773861763894456e+04
1.757510458761641914e-01 1.387190454148859135e+04
1.930697544488981787e-01 1.269619918901641176e+04
2.120950683230800604e-01 1.150568727652763664e+04
2.329951583321586417e-01 1.043762909624482927e+04
2.559547670553742882e-01 9.556151161451978624e+03
2.811768418164965477e-01 8.719610172839365987e+03
3.088843286001189403e-01 7.990560059588722652e+03
3.393221427425128778e-01 7.391311751298720992e+03
3.727593338166072523e-01 6.900751022627112434e+03
4.094914638472018087e-01 6.387021973477715619e+03
4.498432198782237879e-01 5.971685983674785348e+03
4.941712839853393824e-01 5.584883984604240140e+03
5.428674861028858212e-01 5.238960945359651305e+03
5.963622675339625978e-01 4.915032526619210330e+03
6.551284857587630350e-01 4.623736207056526837e+03
7.196855941730535555e-01 4.330446665612458673e+03
7.906042337028588163e-01 4.069462221835765376e+03
8.685112768820903995e-01 3.816541659175629775e+03
9.540953689793428838e-01 3.568210212331573530e+03
1.048113015153642191e+00 0.000000000000000000e+00
