1.048113066601954503e-02 1.608243540414725430e+05
1.151395323963562076e-02 0.000000000000000000e+00
1.264855132798976302e-02 4.339279390649421257e+05
1.389495400641860279e-02 4.400320359274107032e+05
1.526417862678452857e-02 2.357521341852819896e+05
1.676832820337198493e-02 0.000000000000000000e+00
1.842069839530119726e-02 2.944337403398907045e+05
2.023589503111089191e-02 1.957470222376982565e+05
2.222996321434766651e-02 2.357665086687220901e+05
2.442052915136719640e-02 1.903396181129857723e+05
2.682695595500901239e-02 1.740758344040766824e+05
2.947051480134291537e-02 2.126008347842144431e+05
3.237457295239669353e-02 1.175528881532867090e+05
3.556480030685772731e-02 1.030506066416267713e+05
3.906939630451649464e-02 9.876372886047312932e+04
4.291933919013282694e-02 9.374617157347238390e+04
4.714865984004791566e-02 9.492649506843977724e+04
5.179474257198286163e-02 7.406960114028837415e+04
5.689865559697841746e-02 7.963323230222778511e+04
6.250551403444545850e-02 7.940830197256544488e+04
6.866487869913283359e-02 7.077697532284083718e+04
7.543119418501802176e-02 5.691483269038263825e+04
8.286427011848424007e-02 4.283890076043723093e+04
9.102980983473445142e-02 3.744888401062464982e+04
9.999999115058272325e-02 3.377729391330813814e+04
1.098541043672585787e-01 3.290911982338267990e+04
1.206792531427361148e-01 2.985495153075084090e+04
1.325711244288214907e-01 2.469147800642725269e+04
1.456348342787200378e-01 2.153339827408680503e+04
1.599858570014452974e-01 1.974737257251189294e+04
1.757510458761641914e-01 1.789675831889747496e+04
1.930697544488981787e-01 1.570609124856393100e+04
2.120950683230800604e-01 1.420796919545011406e+04
2.329951583321586417e-01 1.280318285360344089e+04
2.559547670553742882e-01 1.167933547383576115e+04
2.811768418164965477e-01 1.055902708046206317e+04
3.088843286001189403e-01 9.629379966941585735e+03
3.393221427425128778e-01 8.988643607710782817e+03
3.727593338166072523e-01 8.213752717518720601e+03
4.094914638472018087e-01 7.612406916687590638e+03
4.498432198782237879e-01 7.095163042141268306e+03
4.941712839853393824e-01 6.635875047578184422e+03
5.428674861028858212e-01 6.201972801968833664e+03
5.963622675339625978e-01 5.806472312411509847e+03
6.551284857587630350e-01 5.459967769710447101e+03
7.196855941730535555e-01 5.128713178092380986e+03
7.906042337028588163e-01 4.824444024372137392e+03
8.685112768820903995e-01 4.540921566386138693e+03
9.540953689793428838e-01 4.281562713710767639e+03
1.048113015153642191e+00 0.000000000000000000e+00
