1.048113066601954503e-02 1.643446735745615326e+06
1.151395323963562076e-02 0.000000000000000000e+00
1.264855132798976302e-02 1.567280307252609171e+06
1.389495400641860279e-02 1.731954211085029412e+06
1.526417862678452857e-02 4.749792664724973147e+05
1.676832820337198493e-02 0.000000000000000000e+00
1.842069839530119726e-02 7.334505694130579941e+05
2.023589503111089191e-02 9.453498994775328320e+05
2.222996321434766651e-02 7.648834436037032865e+05
2.442052915136719640e-02 7.160101368486660067e+05
2.682695595500901239e-02 4.813451957913222723e+05
2.947051480134291537e-02 4.412090928047386697e+05
3.237457295239669353e-02 2.316852783519978693e+05
3.556480030685772731e-02 2.222008414983361145e+05
3.906939630451649464e-02 1.877119659649363020e+05
4.291933919013282694e-02 1.278613099408473790e+05
4.714865984004791566e-02 1.214427900929807802e+05
5.179474257198286163e-02 1.102121452985462092e+05
5.689865559697841746e-02 1.137999602664695994e+05
6.250551403444545850e-02 1.047821814741019916e+05
6.866487869913283359e-02 9.972210731868355651e+04
7.543119418501802176e-02 8.835472869978897506e+04
8.286427011848424007e-02 7.380301251157285878e+04
9.102980983473445142e-02 5.636508014693154837e+04
9.999999115058272325e-02 4.380240191881274222e+04
1.098541043672585787e-01 3.969527712798314315e+04
1.206792531427361148e-01 3.671776484650254133e+04
1.325711244288214907e-01 3.250460860410226451e+04
1.456348342787200378e-01 2.822342062632515081e+04
1.599858570014452974e-01 2.396112893197195081e+04
1.757510458761641914e-01 2.135062071696565545e+04
1.930697544488981787e-01 1.907178725041217695e+04
2.120950683230800604e-01 1.662788033571719643e+04
2.329951583321586417e-01 1.465095584281396623e+04
2.559547670553742882e-01 1.317927889920719645e+04
2.811768418164965477e-01 1.186535918647078688e+04
3.088843286001189403e-01 1.057244233018910018e+04
3.393221427425128778e-01 9.656524568557819293e+03
3.727593338166072523e-01 8.672456271670194837e+03
4.094914638472018087e-01 7.891284493666085837e+03
4.498432198782237879e-01 7.278168223289402704e+03
4.941712839853393824e-01 6.633481769636839090e+03
5.428674861028858212e-01 6.077386737748751329e+03
5.963622675339625978e-01 5.606998965930579288e+03
6.551284857587630350e-01 5.180701651766737086e+03
7.196855941730535555e-01 4.776074843207798040e+03
7.906042337028588163e-01 4.387432760206620515e+03
8.685112768820903995e-01 4.036762230395030201e+03
9.540953689793428838e-01 3.705440167463112175e+03
1.048113015153642191e+00 0.000000000000000000e+00
