1.048113066601954503e-02 6.410113010940642562e+05
1.151395323963562076e-02 0.000000000000000000e+00
1.264855132798976302e-02 6.802038801638811128e+05
1.389495400641860279e-02 4.947020041440147907e+05
1.526417862678452857e-02 4.543872252565187518e+05
1.676832820337198493e-02 0.000000000000000000e+00
1.842069839530119726e-02 3.225724614254230983e+05
2.023589503111089191e-02 4.352703755383614916e+05
2.222996321434766651e-02 2.057610494633603666e+05
2.442052915136719640e-02 2.679378426204746938e+05
2.682695595500901239e-02 2.287857372165291163e+05
2.947051480134291537e-02 1.553461424822091940e+05
3.237457295239669353e-02 1.336437114608755801e+05
3.556480030685772731e-02 1.424013204780424712e+05
3.906939630451649464e-02 9.403725605082830589e+04
4.291933919013282694e-02 9.498155145633724169e+04
4.714865984004791566e-02 9.484111638107654289e+04
5.179474257198286163e-02 8.350850645387753320e+04
5.689865559697841746e-02 8.862301749369727622e+04
6.250551403444545850e-02 6.973070901131938444e+04
6.866487869913283359e-02 5.712582474673220713e+04
7.543119418501802176e-02 4.541292249490237737e+04
8.286427011848424007e-02 3.666602151052803674e+04
9.102980983473445142e-02 3.297255531541383243e+04
9.999999115058272325e-02 3.062037285101540692e+04
1.098541043672585787e-01 2.750253955483657046e+04
1.206792531427361148e-01 2.349699649789502291e+04
1.325711244288214907e-01 1.968063488142363713e+04
1.456348342787200378e-01 1.814925402909139666e+04
1.599858570014452974e-01 1.571424308485781876e+04
1.757510458761641914e-01 1.407967638838862513e+04
1.930697544488981787e-01 1.272348422681091688e+04
2.120950683230800604e-01 1.145589964813296683e+04
2.329951583321586417e-01 1.026640790813980857e+04
2.559547670553742882e-01 9.336760892001862885e+03
2.811768418164965477e-01 8.455659310632136112e+03
3.088843286001189403e-01 7.725425929621707837e+03
3.393221427425128778e-01 7.048980011376879702e+03
3.727593338166072523e-01 6.492741499998077416e+03
4.094914638472018087e-01 5.923841819666595256e+03
4.498432198782237879e-01 5.487816607468066650e+03
4.941712839853393824e-01 5.037418201874344049e+03
5.428674861028858212e-01 4.675295511916096075e+03
5.963622675339625978e-01 4.292309952580526442e+03
6.551284857587630350e-01 3.956105695871735406e+03
7.196855941730535555e-01 3.651269683954042193e+03
7.906042337028588163e-01 3.356007974144608852e+03
8.685112768820903995e-01 3.069172841495798821e+03
9.540953689793428838e-01 2.789044584400545773e+03
1.048113015153642191e+00 0.000000000000000000e+00
