1.048113066601954503e-02 4.268897979717003764e+05
1.151395323963562076e-02 0.000000000000000000e+00
1.264855132798976302e-02 1.721854155647784937e+05
1.389495400641860279e-02 2.567632576651593554e+05
1.526417862678452857e-02 2.732615176497517386e+05
1.676832820337198493e-02 0.000000000000000000e+00
1.842069839530119726e-02 3.696198391038361005e+05
2.023589503111089191e-02 1.526797231150376901e+05
2.222996321434766651e-02 2.729960861012213863e+05
2.442052915136719640e-02 1.874249622607576894e+05
2.682695595500901239e-02 1.774438067915991123e+05
2.947051480134291537e-02 1.349431413087106775e+05
3.237457295239669353e-02 1.114573037251007045e+05
3.556480030685772731e-02 8.793515441300583188e+04
3.906939630451649464e-02 8.885474781029195583e+04
4.291933919013282694e-02 7.078568109077581903e+04
4.714865984004791566e-02 7.745432530824794958e+04
5.179474257198286163e-02 7.275217886318379897e+04
5.689865559697841746e-02 7.832283846653399814e+04
6.250551403444545850e-02 5.899282025096315192e+04
6.866487869913283359e-02 5.100508139786341053e+04
7.543119418501802176e-02 4.102901931427341333e+04
8.286427011848424007e-02 3.165981617280173668e+04
9.102980983473445142e-02 2.968820714993236470e+04
9.999999115058272325e-02 2.991390501104418217e+04
1.098541043672585787e-01 2.754467996725607736e+04
1.206792531427361148e-01 2.219275772716977372e+04
1.325711244288214907e-01 1.819020053649781767e+04
1.456348342787200378e-01 1.658389044766928782e+04
1.599858570014452974e-01 1.532951970799242918e+04
1.757510458761641914e-01 1.297304746477320077e+04
1.930697544488981787e-01 1.140150694942236805e+04
2.120950683230800604e-01 1.016895696533713817e+04
2.329951583321586417e-01 9.035205887527365121e+03
2.559547670553742882e-01 8.063921871008436938e+03
2.811768418164965477e-01 7.264823019705192564e+03
3.088843286001189403e-01 6.502566077811146897e+03
3.393221427425128778e-01 5.862127958718113405e+03
3.727593338166072523e-01 5.293468457811791268e+03
4.094914638472018087e-01 4.831450600265514367e+03
4.498432198782237879e-01 4.431623456769189033e+03
4.941712839853393824e-01 4.049965424949366934e+03
5.428674861028858212e-01 3.747671839552715028e+03
5.963622675339625978e-01 3.470801427093065286e+03
6.551284857587630350e-01 3.230588336838773102e+03
7.196855941730535555e-01 2.995273406738798712e+03
7.906042337028588163e-01 2.797529456905125699e+03
8.685112768820903995e-01 2.621399560153501625e+03
9.540953689793428838e-01 2.462947102438347429e+03
1.048113015153642191e+00 0.000000000000000000e+00
