1.048113066601954503e-02 1.088831752322976390e+05
1.151395323963562076e-02 0.000000000000000000e+00
1.264855132798976302e-02 1.744753806578077492e+05
1.389495400641860279e-02 1.372449202065907884e+05
1.526417862678452857e-02 1.305542258945762005e+05
1.676832820337198493e-02 0.000000000000000000e+00
1.842069839530119726e-02 1.270651342134601000e+05
2.023589503111089191e-02 1.424025901007801585e+05
2.222996321434766651e-02 1.106072497400794382e+05
2.442052915136719640e-02 8.913462892682253732e+04
2.682695595500901239e-02 9.069668909108288062e+04
2.947051480134291537e-02 1.168032562857447483e+05
3.237457295239669353e-02 9.837954080391929892e+04
3.556480030685772731e-02 6.484163436030627054e+04
3.906939630451649464e-02 7.073312249711794720e+04
4.291933919013282694e-02 6.078490872627527278e+04
4.714865984004791566e-02 5.882739247186369903e+04
5.179474257198286163e-02 5.096962131497037626e+04
5.689865559697841746e-02 5.218303085666495463e+04
6.250551403444545850e-02 4.776056654412651551e+04
6.866487869913283359e-02 4.334059076838566398e+04
7.543119418501802176e-02 4.441970228266164486e+04
8.286427011848424007e-02 3.736474351300964190e+04
9.102980983473445142e-02 3.261311316594613163e+04
9.999999115058272325e-02 2.612575214466385660e+04
1.098541043672585787e-01 2.311239130344837395e+04
1.206792531427361148e-01 2.089453964708004423e+04
1.325711244288214907e-01 2.054500784965841012e+04
1.456348342787200378e-01 1.826253504143158716e+04
1.599858570014452974e-01 1.548565170092178960e+04
1.757510458761641914e-01 1.398231476507185653e+04
1.930697544488981787e-01 1.287287397448502816e+04
2.120950683230800604e-01 1.187181548225544429e+04
2.329951583321586417e-01 1.047160245595039851e+04
2.559547670553742882e-01 9.618787788920997627e+03
2.811768418164965477e-01 8.750105379649063252e+03
3.088843286001189403e-01 7.991612027036177096e+03
3.393221427425128778e-01 7.395555781200841921e+03
3.727593338166072523e-01 6.828607431758451639e+03
4.094914638472018087e-01 6.328560080600531364e+03
4.498432198782237879e-01 5.919348018870496162e+03
4.941712839853393824e-01 5.546353834184803418e+03
5.428674861028858212e-01 5.190921012113925826e+03
5.963622675339625978e-01 4.886753358778425536e+03
6.551284857587630350e-01 4.599240051814973413e+03
7.196855941730535555e-01 4.331958520618612965e+03
7.906042337028588163e-01 4.089395797531869903e+03
8.685112768820903995e-01 3.854017828455800554e+03
9.540953689793428838e-01 3.645065831670632633e+03
1.048113015153642191e+00 0.000000000000000000e+00
