1.048113066601954503e-02 1.102657385067460200e+04
1.151395323963562076e-02 0.000000000000000000e+00
1.264855132798976302e-02 2.851040806750142110e+03
1.389495400641860279e-02 1.346167589794438572e+04
1.526417862678452857e-02 1.253950812885553023e+04
1.676832820337198493e-02 0.000000000000000000e+00
1.842069839530119726e-02 9.343323093415019684e+03
2.023589503111089191e-02 8.341612456492515776e+03
2.222996321434766651e-02 1.801873881140262893e+04
2.442052915136719640e-02 1.844636998652828697e+04
2.682695595500901239e-02 1.406584237760507676e+04
2.947051480134291537e-02 1.508178543609162625e+04
3.237457295239669353e-02 1.098584322537436492e+04
3.556480030685772731e-02 1.536417488533886899e+04
3.906939630451649464e-02 1.504882612282870105e+04
4.291933919013282694e-02 1.360297533525659128e+04
4.714865984004791566e-02 1.468690414651686115e+04
5.179474257198286163e-02 1.348780680242239032e+04
5.689865559697841746e-02 1.270115626756976235e+04
6.250551403444545850e-02 1.233229271220190094e+04
6.866487869913283359e-02 1.207049314307354325e+04
7.543119418501802176e-02 1.228748280425658595e+04
8.286427011848424007e-02 1.148543600660342781e+04
9.102980983473445142e-02 1.040263635667216658e+04
9.999999115058272325e-02 9.257459460804537230e+03
1.098541043672585787e-01 8.913197682644609813e+03
1.206792531427361148e-01 8.038353844026722072e+03
1.325711244288214907e-01 7.758784054318262861e+03
1.456348342787200378e-01 7.068422806637611757e+03
1.599858570014452974e-01 6.388548715245752646e+03
1.757510458761641914e-01 5.764989215535265430e+03
1.930697544488981787e-01 5.419010179388063989e+03
2.120950683230800604e-01 4.933879322848728407e+03
2.329951583321586417e-01 4.462988878389774072e+03
2.559547670553742882e-01 4.135411391019569237e+03
2.811768418164965477e-01 3.776290556494632256e+03
3.088843286001189403e-01 3.488975014691302931e+03
3.393221427425128778e-01 3.235420368148123089e+03
3.727593338166072523e-01 3.000716235135344050e+03
4.094914638472018087e-01 2.782507418036499075e+03
4.498432198782237879e-01 2.612790858475299956e+03
4.941712839853393824e-01 2.453783168860199112e+03
5.428674861028858212e-01 2.303443927574161989e+03
5.963622675339625978e-01 2.173152000339695405e+03
6.551284857587630350e-01 2.058223778814874549e+03
7.196855941730535555e-01 1.946284316439133818e+03
7.906042337028588163e-01 1.851695950518841528e+03
8.685112768820903995e-01 1.756220796842425443e+03
9.540953689793428838e-01 1.667994104268548654e+03
1.048113015153642191e+00 0.000000000000000000e+00
