1.048113066601954503e-02 1.216668961275253387e+05
1.151395323963562076e-02 0.000000000000000000e+00
1.264855132798976302e-02 8.971554070680918812e+04
1.389495400641860279e-02 8.694545562158210669e+04
1.526417862678452857e-02 6.770125486318748153e+04
1.676832820337198493e-02 0.000000000000000000e+00
1.842069839530119726e-02 9.445744764089859382e+04
2.023589503111089191e-02 6.868419874828244792e+04
2.222996321434766651e-02 7.312510132761250134e+04
2.442052915136719640e-02 7.480416042310242483e+04
2.682695595500901239e-02 7.358636301856554928e+04
2.947051480134291537e-02 6.184828787694349012e+04
3.237457295239669353e-02 7.930849267855925427e+04
3.556480030685772731e-02 7.565100834583962569e+04
3.906939630451649464e-02 6.014310434025102586e+04
4.291933919013282694e-02 5.643953634301275451e+04
4.714865984004791566e-02 5.711573030563801149e+04
5.179474257198286163e-02 5.537588541530718066e+04
5.689865559697841746e-02 5.078372396454041882e+04
6.250551403444545850e-02 4.572173689119059418e+04
6.866487869913283359e-02 4.325903014537051058e+04
7.543119418501802176e-02 3.888088761067348241e+04
8.286427011848424007e-02 3.620908648532839288e+04
9.102980983473445142e-02 3.477168274327981635e+04
9.999999115058272325e-02 2.964323870519144111e+04
1.098541043672585787e-01 2.694932403467033146e+04
1.206792531427361148e-01 2.453406001575584742e+04
1.325711244288214907e-01 2.227697201064081310e+04
1.456348342787200378e-01 2.064522422670017477e+04
1.599858570014452974e-01 1.821328557777949391e+04
1.757510458761641914e-01 1.673941744405309146e+04
1.930697544488981787e-01 1.506705693229367716e+04
2.120950683230800604e-01 1.393950164109518118e+04
2.329951583321586417e-01 1.254478310564626190e+04
2.559547670553742882e-01 1.168448168356675160e+04
2.811768418164965477e-01 1.065690994764537209e+04
3.088843286001189403e-01 9.872198865022935934e+03
3.393221427425128778e-01 9.166676673971396667e+03
3.727593338166072523e-01 8.537197913741008961e+03
4.094914638472018087e-01 7.968607378144412905e+03
4.498432198782237879e-01 7.491221076900441403e+03
4.941712839853393824e-01 7.079884579298336575e+03
5.428674861028858212e-01 6.682756517450499814e+03
5.963622675339625978e-01 6.305855390953724054e+03
6.551284857587630350e-01 5.976505721931649532e+03
7.196855941730535555e-01 5.654598982105353571e+03
7.906042337028588163e-01 5.367745296327494543e+03
8.685112768820903995e-01 5.072677059871877645e+03
9.540953689793428838e-01 4.798889626569418397e+03
1.048113015153642191e+00 0.000000000000000000e+00
