1.048113066601954503e-02 5.517865913009189535e+04
1.151395323963562076e-02 0.000000000000000000e+00
1.264855132798976302e-02 1.498097828066726652e+04
1.389495400641860279e-02 2.671469732731739714e+04
1.526417862678452857e-02 4.351590102274573292e+04
1.676832820337198493e-02 0.000000000000000000e+00
1.842069839530119726e-02 3.269646942012283398e+04
2.023589503111089191e-02 4.159152203597046901e+04
2.222996321434766651e-02 5.579116824807207013e+04
2.442052915136719640e-02 6.280366111993305094e+04
2.682695595500901239e-02 5.856116559907854389e+04
2.947051480134291537e-02 6.246434483803580224e+04
3.237457295239669353e-02 4.208588068319768354e+04
3.556480030685772731e-02 4.935498896278583561e+04
3.906939630451649464e-02 4.400093331670611224e+04
4.291933919013282694e-02 3.838443741621619847e+04
4.714865984004791566e-02 4.049054129985337204e+04
5.179474257198286163e-02 3.818007663838539156e+04
5.689865559697841746e-02 3.518198637388623320e+04
6.250551403444545850e-02 3.512784326776876696e+04
6.866487869913283359e-02 3.292883984712065285e+04
7.543119418501802176e-02 3.167769372072910846e+04
8.286427011848424007e-02 2.904164058778440085e+04
9.102980983473445142e-02 2.704404046756132448e+04
9.999999115058272325e-02 2.384329411784177501e+04
1.098541043672585787e-01 2.225927989443161641e+04
1.206792531427361148e-01 2.046985550336280357e+04
1.325711244288214907e-01 1.816971163663805783e+04
1.456348342787200378e-01 1.680625546995883997e+04
1.599858570014452974e-01 1.533789104794934610e+04
1.757510458761641914e-01 1.392838347341822737e+04
1.930697544488981787e-01 1.272585201059796418e+04
2.120950683230800604e-01 1.166881404779352488e+04
2.329951583321586417e-01 1.050728854336522272e+04
2.559547670553742882e-01 9.774744658179452017e+03
2.811768418164965477e-01 8.987243946498847436e+03
3.088843286001189403e-01 8.239715688541797135e+03
3.393221427425128778e-01 7.706913208195986044e+03
3.727593338166072523e-01 7.120636823250239104e+03
4.094914638472018087e-01 6.672474348324072707e+03
4.498432198782237879e-01 6.240212873507825861e+03
4.941712839853393824e-01 5.899046229783443778e+03
5.428674861028858212e-01 5.550325776974013934e+03
5.963622675339625978e-01 5.261478220525894358e+03
6.551284857587630350e-01 5.002306482715493075e+03
7.196855941730535555e-01 4.766244076653780212e+03
7.906042337028588163e-01 4.526741814150679602e+03
8.685112768820903995e-01 4.306137699371136478e+03
9.540953689793428838e-01 4.098675879717226962e+03
1.048113015153642191e+00 0.000000000000000000e+00
