1.048113066601954503e-02 3.502491844772973127e+04
1.151395323963562076e-02 0.000000000000000000e+00
1.264855132798976302e-02 2.320668953323786263e+04
1.389495400641860279e-02 2.427952440819079129e+04
1.526417862678452857e-02 1.880739205430382572e+04
1.676832820337198493e-02 0.000000000000000000e+00
1.842069839530119726e-02 2.801099003765359157e+04
2.023589503111089191e-02 2.452423436906810821e+04
2.222996321434766651e-02 2.661057475351951143e+04
2.442052915136719640e-02 1.931321574956249242e+04
2.682695595500901239e-02 3.350565438853667001e+04
2.947051480134291537e-02 2.770278327412319777e+04
3.237457295239669353e-02 2.351579296937892286e+04
3.556480030685772731e-02 2.557518146253149462e+04
3.906939630451649464e-02 1.974343954128549740e+04
4.291933919013282694e-02 2.098214293740900757e+04
4.714865984004791566e-02 1.965580972317235501e+04
5.179474257198286163e-02 1.734384212637060773e+04
5.689865559697841746e-02 1.700004590996986371e+04
6.250551403444545850e-02 1.493837614977598423e+04
6.866487869913283359e-02 1.423672419925885151e+04
7.543119418501802176e-02 1.395437543266450302e+04
8.286427011848424007e-02 1.225285049918335972e+04
9.102980983473445142e-02 1.056841487252955085e+04
9.999999115058272325e-02 9.398295711363311057e+03
1.098541043672585787e-01 8.204665817146700647e+03
1.206792531427361148e-01 7.857135258987535963e+03
1.325711244288214907e-01 7.137777850717495312e+03
1.456348342787200378e-01 6.460019152836567628e+03
1.599858570014452974e-01 5.468707657115426628e+03
1.757510458761641914e-01 4.943227839340748687e+03
1.930697544488981787e-01 4.500131025331827004e+03
2.120950683230800604e-01 3.972659883330000866e+03
2.329951583321586417e-01 3.481622212380633755e+03
2.559547670553742882e-01 3.155342896202332668e+03
2.811768418164965477e-01 2.825354443993376663e+03
3.088843286001189403e-01 2.535854681008579973e+03
3.393221427425128778e-01 2.289363203588288343e+03
3.727593338166072523e-01 2.070820454614317441e+03
4.094914638472018087e-01 1.876137594215525723e+03
4.498432198782237879e-01 1.711219860913189905e+03
4.941712839853393824e-01 1.572791617116157795e+03
5.428674861028858212e-01 1.442724127383245786e+03
5.963622675339625978e-01 1.333666906155421202e+03
6.551284857587630350e-01 1.231989615563723419e+03
7.196855941730535555e-01 1.140245263036925735e+03
7.906042337028588163e-01 1.062567486480602156e+03
8.685112768820903995e-01 9.910625435601707522e+02
9.540953689793428838e-01 9.266122737569442052e+02
1.048113015153642191e+00 0.000000000000000000e+00
