1.048113066601954503e-02 8.142700332655521925e+04
1.151395323963562076e-02 0.000000000000000000e+00
1.264855132798976302e-02 1.119284290821900795e+05
1.389495400641860279e-02 8.234625358730899461e+04
1.526417862678452857e-02 1.184734441262641194e+05
1.676832820337198493e-02 0.000000000000000000e+00
1.842069839530119726e-02 5.744083203061178938e+04
2.023589503111089191e-02 7.504311693077697419e+04
2.222996321434766651e-02 5.134980237472390581e+04
2.442052915136719640e-02 9.888649609930822044e+04
2.682695595500901239e-02 6.701421658391783421e+04
2.947051480134291537e-02 6.330273782019657665e+04
3.237457295239669353e-02 5.086013803009685944e+04
3.556480030685772731e-02 5.360132394868008851e+04
3.906939630451649464e-02 3.985980601040085457e+04
4.291933919013282694e-02 4.442103877824361552e+04
4.714865984004791566e-02 3.820997207405277732e+04
5.179474257198286163e-02 3.551254673578622169e+04
5.689865559697841746e-02 2.933983955065815826e+04
6.250551403444545850e-02 2.853694842092304680e+04
6.866487869913283359e-02 2.617031953102941770e+04
7.543119418501802176e-02 2.515980684915319944e+04
8.286427011848424007e-02 2.183753596560865844e+04
9.102980983473445142e-02 1.972190712819566397e+04
9.999999115058272325e-02 1.731503645817242432e+04
1.098541043672585787e-01 1.438175557362163818e+04
1.206792531427361148e-01 1.234261845619497763e+04
1.325711244288214907e-01 1.163604279332784790e+04
1.456348342787200378e-01 1.040823104541144858e+04
1.599858570014452974e-01 9.058784354833849648e+03
1.757510458761641914e-01 7.753217588272997091e+03
1.930697544488981787e-01 6.859329959024193158e+03
2.120950683230800604e-01 6.236075994275868652e+03
2.329951583321586417e-01 5.507317742337796517e+03
2.559547670553742882e-01 4.931800733018028041e+03
2.811768418164965477e-01 4.412066627732064262e+03
3.088843286001189403e-01 3.956412198424691724e+03
3.393221427425128778e-01 3.566982350493416561e+03
3.727593338166072523e-01 3.235389051757630568e+03
4.094914638472018087e-01 2.928049730428733710e+03
4.498432198782237879e-01 2.685290318674900846e+03
4.941712839853393824e-01 2.452293789963296604e+03
5.428674861028858212e-01 2.252785470389167131e+03
5.963622675339625978e-01 2.078543623774788557e+03
6.551284857587630350e-01 1.926980719381885365e+03
7.196855941730535555e-01 1.787503249396193951e+03
7.906042337028588163e-01 1.662430650996368058e+03
8.685112768820903995e-01 1.551931901030992776e+03
9.540953689793428838e-01 1.448557436272404857e+03
1.048113015153642191e+00 0.000000000000000000e+00
