1.048113066601954503e-02 1.011996199077968486e+05
1.151395323963562076e-02 0.000000000000000000e+00
1.264855132798976302e-02 1.038412535936381610e+05
1.389495400641860279e-02 1.131214167682037078e+05
1.526417862678452857e-02 1.739833788767367951e+05
1.676832820337198493e-02 0.000000000000000000e+00
1.842069839530119726e-02 2.007169161741271382e+05
2.023589503111089191e-02 2.043800907528461830e+05
2.222996321434766651e-02 1.862196164645909448e+05
2.442052915136719640e-02 1.330982108986684470e+05
2.682695595500901239e-02 1.929633255668912025e+05
2.947051480134291537e-02 1.405865977914827527e+05
3.237457295239669353e-02 1.456048531904094853e+05
3.556480030685772731e-02 1.205077781033773208e+05
3.906939630451649464e-02 9.491202132281311788e+04
4.291933919013282694e-02 1.049746788070904731e+05
4.714865984004791566e-02 9.928787853646272561e+04
5.179474257198286163e-02 9.921051655720231065e+04
5.689865559697841746e-02 9.332516296652755409e+04
6.250551403444545850e-02 8.538567042317635787e+04
6.866487869913283359e-02 7.402488943274931808e+04
7.543119418501802176e-02 6.932133204803057015e+04
8.286427011848424007e-02 6.601587499792715244e+04
9.102980983473445142e-02 5.957138984914611501e+04
9.999999115058272325e-02 5.204835933065052086e+04
1.098541043672585787e-01 4.480935316767235054e+04
1.206792531427361148e-01 4.058787108149022970e+04
1.325711244288214907e-01 3.732836159104299441e+04
1.456348342787200378e-01 3.402522245747480338e+04
1.599858570014452974e-01 3.067199908007093472e+04
1.757510458761641914e-01 2.730621619346494481e+04
1.930697544488981787e-01 2.514904534391472407e+04
2.120950683230800604e-01 2.291315593536389497e+04
2.329951583321586417e-01 2.091122212108703388e+04
2.559547670553742882e-01 1.926176339194073807e+04
2.811768418164965477e-01 1.768160097430260066e+04
3.088843286001189403e-01 1.630425678791316750e+04
3.393221427425128778e-01 1.517662380981424940e+04
3.727593338166072523e-01 1.425609610316465478e+04
4.094914638472018087e-01 1.327834254246227829e+04
4.498432198782237879e-01 1.248869475355125542e+04
4.941712839853393824e-01 1.175117361896225339e+04
5.428674861028858212e-01 1.109150460561878754e+04
5.963622675339625978e-01 1.046783098769310527e+04
6.551284857587630350e-01 9.908162410501096019e+03
7.196855941730535555e-01 9.335242688385809743e+03
7.906042337028588163e-01 8.827588047547202223e+03
8.685112768820903995e-01 8.330829942171500079e+03
9.540953689793428838e-01 7.839081240618580523e+03
1.048113015153642191e+00 0.000000000000000000e+00
