1.048113066601954503e-02 5.406029204322115984e+05
1.151395323963562076e-02 0.000000000000000000e+00
1.264855132798976302e-02 4.740389510351449717e+05
1.389495400641860279e-02 3.347099560999565874e+05
1.526417862678452857e-02 2.313833913237631205e+05
1.676832820337198493e-02 0.000000000000000000e+00
1.842069839530119726e-02 3.835155973255531862e+05
2.023589503111089191e-02 2.137442610349630122e+05
2.222996321434766651e-02 2.467370611459601787e+05
2.442052915136719640e-02 1.881698101998722705e+05
2.682695595500901239e-02 2.001899272543024854e+05
2.947051480134291537e-02 1.658737246591506700e+05
3.237457295239669353e-02 1.458162963000556338e+05
3.556480030685772731e-02 1.167076309880210611e+05
3.906939630451649464e-02 1.221396413219605747e+05
4.291933919013282694e-02 9.230948699648241745e+04
4.714865984004791566e-02 1.008422337781342794e+05
5.179474257198286163e-02 9.355394775059490348e+04
5.689865559697841746e-02 8.560823759034005343e+04
6.250551403444545850e-02 8.003500075154585647e+04
6.866487869913283359e-02 6.537436856989946682e+04
7.543119418501802176e-02 5.296518276634572248e+04
8.286427011848424007e-02 4.708508572410060879e+04
9.102980983473445142e-02 4.078265089761915442e+04
9.999999115058272325e-02 4.053037729217634478e+04
1.098541043672585787e-01 3.548814626966272772e+04
1.206792531427361148e-01 3.051741272310727436e+04
1.325711244288214907e-01 2.664707986670063110e+04
1.456348342787200378e-01 2.389576435882739315e+04
1.599858570014452974e-01 2.204431654132969561e+04
1.757510458761641914e-01 1.956337636915031908e+04
1.930697544488981787e-01 1.757178199863431655e+04
2.120950683230800604e-01 1.597752900903870614e+04
2.329951583321586417e-01 1.438559754462060300e+04
2.559547670553742882e-01 1.320491591520533620e+04
2.811768418164965477e-01 1.210090488795671990e+04
3.088843286001189403e-01 1.112941752178727984e+04
3.393221427425128778e-01 1.031348235354734061e+04
3.727593338166072523e-01 9.498677548325991665e+03
4.094914638472018087e-01 8.913568622369000877e+03
4.498432198782237879e-01 8.344610732520402962e+03
4.941712839853393824e-01 7.804480449027161740e+03
5.428674861028858212e-01 7.318793149498878847e+03
5.963622675339625978e-01 6.888550941884789609e+03
6.551284857587630350e-01 6.469369200590490436e+03
7.196855941730535555e-01 6.081612625585417845e+03
7.906042337028588163e-01 5.702389703870720041e+03
8.685112768820903995e-01 5.335871888268457951e+03
9.540953689793428838e-01 5.000555209967266819e+03
1.048113015153642191e+00 0.000000000000000000e+00
