1.048113066601954503e-02 2.592671084037805267e+05
1.151395323963562076e-02 0.000000000000000000e+00
1.264855132798976302e-02 5.049882050655764178e+05
1.389495400641860279e-02 5.755866577088170452e+05
1.526417862678452857e-02 6.427736737917360151e+05
1.676832820337198493e-02 0.000000000000000000e+00
1.842069839530119726e-02 2.785688477832751232e+05
2.023589503111089191e-02 3.361477761536922189e+05
2.222996321434766651e-02 3.014218823165994836e+05
2.442052915136719640e-02 2.793892669601805392e+05
2.682695595500901239e-02 2.271341473255128949e+05
2.947051480134291537e-02 1.681768087778521294e+05
3.237457295239669353e-02 1.731057939819854219e+05
3.556480030685772731e-02 1.141011447564264381e+05
3.906939630451649464e-02 1.264219671195194678e+05
4.291933919013282694e-02 1.108263029957814288e+05
4.714865984004791566e-02 1.080188275126731605e+05
5.179474257198286163e-02 9.380601906318630790e+04
5.689865559697841746e-02 9.074646912936764420e+04
6.250551403444545850e-02 8.266845478889640071e+04
6.866487869913283359e-02 6.449104837725760444e+04
7.543119418501802176e-02 5.289131499697393156e+04
8.286427011848424007e-02 4.176402378853747359e+04
9.102980983473445142e-02 3.773623298619067646e+04
9.999999115058272325e-02 3.660461405827332055e+04
1.098541043672585787e-01 3.260491852687597566e+04
1.206792531427361148e-01 2.745688924563048568e+04
1.325711244288214907e-01 2.393179822574316495e+04
1.456348342787200378e-01 2.102020405916290474e+04
1.599858570014452974e-01 1.881784756014956656e+04
1.757510458761641914e-01 1.686248452271376664e+04
1.930697544488981787e-01 1.522409123453894790e+04
2.120950683230800604e-01 1.355625257600707846e+04
2.329951583321586417e-01 1.207364976977611695e+04
2.559547670553742882e-01 1.096472648711477632e+04
2.811768418164965477e-01 1.008969988797973747e+04
3.088843286001189403e-01 9.113364826759192511e+03
3.393221427425128778e-01 8.367233396418192569e+03
3.727593338166072523e-01 7.737005389016612753e+03
4.094914638472018087e-01 7.142961536781251198e+03
4.498432198782237879e-01 6.598472964033189783e+03
4.941712839853393824e-01 6.102548261858950355e+03
5.428674861028858212e-01 5.685838871747411758e+03
5.963622675339625978e-01 5.261798900598745604e+03
6.551284857587630350e-01 4.907882934565637697e+03
7.196855941730535555e-01 4.560697389415974612e+03
7.906042337028588163e-01 4.231722825496327459e+03
8.685112768820903995e-01 3.902084136735837092e+03
9.540953689793428838e-01 3.583564267337063484e+03
1.048113015153642191e+00 0.000000000000000000e+00
