1.048113066601954503e-02 9.438352642847616517e+04
1.151395323963562076e-02 0.000000000000000000e+00
1.264855132798976302e-02 7.761744137145332934e+04
1.389495400641860279e-02 1.109702428144785226e+05
1.526417862678452857e-02 1.475146486272439070e+05
1.676832820337198493e-02 0.000000000000000000e+00
1.842069839530119726e-02 9.711338826986681670e+04
2.023589503111089191e-02 1.372835349019988207e+05
2.222996321434766651e-02 1.257702415959158534e+05
2.442052915136719640e-02 1.142843219466309674e+05
2.682695595500901239e-02 1.193898566911257512e+05
2.947051480134291537e-02 1.321057362423026061e+05
3.237457295239669353e-02 1.113983367930224340e+05
3.556480030685772731e-02 1.095206715720429929e+05
3.906939630451649464e-02 1.036323576728033077e+05
4.291933919013282694e-02 8.182071545209868054e+04
4.714865984004791566e-02 6.172682131588896300e+04
5.179474257198286163e-02 6.709363855643002898e+04
5.689865559697841746e-02 6.673929985271327314e+04
6.250551403444545850e-02 6.275676505473935686e+04
6.866487869913283359e-02 5.677328652865139884e+04
7.543119418501802176e-02 5.549090275400084647e+04
8.286427011848424007e-02 5.168743859504284774e+04
9.102980983473445142e-02 4.608944805560985697e+04
9.999999115058272325e-02 3.837574619549037016e+04
1.098541043672585787e-01 3.375936889157373662e+04
1.206792531427361148e-01 3.054372041037234158e+04
1.325711244288214907e-01 2.821241145477948521e+04
1.456348342787200378e-01 2.657925986708744313e+04
1.599858570014452974e-01 2.372082013919992460e+04
1.757510458761641914e-01 2.110543154303962001e+04
1.930697544488981787e-01 1.910321923959670312e+04
2.120950683230800604e-01 1.761593962924275911e+04
2.329951583321586417e-01 1.604003103924846073e+04
2.559547670553742882e-01 1.477384361906521008e+04
2.811768418164965477e-01 1.357877729364077459e+04
3.088843286001189403e-01 1.258986763482301467e+04
3.393221427425128778e-01 1.174189479777594534e+04
3.727593338166072523e-01 1.094486225628552711e+04
4.094914638472018087e-01 1.030362903615364849e+04
4.498432198782237879e-01 9.670766418268136476e+03
4.941712839853393824e-01 9.157731229007256843e+03
5.428674861028858212e-01 8.641467214512722421e+03
5.963622675339625978e-01 8.179791158700877531e+03
6.551284857587630350e-01 7.741873908740955812e+03
7.196855941730535555e-01 7.352609559771275599e+03
7.906042337028588163e-01 6.972288270840450423e+03
8.685112768820903995e-01 6.627731334138361490e+03
9.540953689793428838e-01 6.269560171345374329e+03
1.048113015153642191e+00 0.000000000000000000e+00
