1.048113066601954503e-02 4.455739772032367182e+04
1.151395323963562076e-02 0.000000000000000000e+00
1.264855132798976302e-02 3.873277073702042253e+04
1.389495400641860279e-02 4.906064481328093098e+04
1.526417862678452857e-02 4.669105895868365769e+04
1.676832820337198493e-02 0.000000000000000000e+00
1.842069839530119726e-02 4.011666883364104433e+04
2.023589503111089191e-02 7.184081977846923110e+04
2.222996321434766651e-02 4.091907084083490190e+04
2.442052915136719640e-02 4.019065741920623987e+04
2.682695595500901239e-02 3.918752947056242556e+04
2.947051480134291537e-02 4.770961762220087257e+04
3.237457295239669353e-02 4.455391492261323583e+04
3.556480030685772731e-02 3.817225581415774650e+04
3.906939630451649464e-02 3.503479159726521902e+04
4.291933919013282694e-02 3.267000183849846508e+04
4.714865984004791566e-02 3.249149220027770571e+04
5.179474257198286163e-02 3.224923690581080882e+04
5.689865559697841746e-02 2.910897426608330716e+04
6.250551403444545850e-02 2.634075342217474099e+04
6.866487869913283359e-02 2.631928845612767327e+04
7.543119418501802176e-02 2.373761311015188403e+04
8.286427011848424007e-02 2.249976956610667912e+04
9.102980983473445142e-02 2.010398439493066326e+04
9.999999115058272325e-02 1.814220660358293389e+04
1.098541043672585787e-01 1.558144790948662921e+04
1.206792531427361148e-01 1.408027857346747078e+04
1.325711244288214907e-01 1.300338346157332307e+04
1.456348342787200378e-01 1.179575890335268195e+04
1.599858570014452974e-01 1.056905119381022450e+04
1.757510458761641914e-01 9.467184883358715524e+03
1.930697544488981787e-01 8.492415895091531638e+03
2.120950683230800604e-01 7.604563385210120941e+03
2.329951583321586417e-01 6.885427734475594661e+03
2.559547670553742882e-01 6.269840744690769498e+03
2.811768418164965477e-01 5.676689855448667004e+03
3.088843286001189403e-01 5.230791983926028479e+03
3.393221427425128778e-01 4.809198922530608797e+03
3.727593338166072523e-01 4.378040829933768691e+03
4.094914638472018087e-01 4.055910222136877564e+03
4.498432198782237879e-01 3.753409666303700760e+03
4.941712839853393824e-01 3.511890564073931273e+03
5.428674861028858212e-01 3.262886764275923269e+03
5.963622675339625978e-01 3.048817255829079386e+03
6.551284857587630350e-01 2.871380749482250849e+03
7.196855941730535555e-01 2.701322477927557429e+03
7.906042337028588163e-01 2.548033563041869911e+03
8.685112768820903995e-01 2.399247834796015468e+03
9.540953689793428838e-01 2.261869898780225412e+03
1.048113015153642191e+00 0.000000000000000000e+00
