1.048113066601954503e-02 4.218212735236334265e+04
1.151395323963562076e-02 0.000000000000000000e+00
1.264855132798976302e-02 3.231777774655058965e+04
1.389495400641860279e-02 4.529391532055675634e+04
1.526417862678452857e-02 6.884434961243378348e+04
1.676832820337198493e-02 0.000000000000000000e+00
1.842069839530119726e-02 8.091193518787538051e+04
2.023589503111089191e-02 6.131000093192185159e+04
2.222996321434766651e-02 7.160374658779756282e+04
2.442052915136719640e-02 3.689759688652956538e+04
2.682695595500901239e-02 4.263568917980606057e+04
2.947051480134291537e-02 4.851882819625218690e+04
3.237457295239669353e-02 4.148690525614387298e+04
3.556480030685772731e-02 4.242362637484294828e+04
3.906939630451649464e-02 4.196487772294723254e+04
4.291933919013282694e-02 3.517692040260808426e+04
4.714865984004791566e-02 3.116382497187869012e+04
5.179474257198286163e-02 2.963969335755750217e+04
5.689865559697841746e-02 2.816331485356221674e+04
6.250551403444545850e-02 2.659137827262492283e+04
6.866487869913283359e-02 2.609449043542212166e+04
7.543119418501802176e-02 2.379788385021338763e+04
8.286427011848424007e-02 1.946296421763134276e+04
9.102980983473445142e-02 1.689442322116843570e+04
9.999999115058272325e-02 1.470941061635834376e+04
1.098541043672585787e-01 1.361413939941284480e+04
1.206792531427361148e-01 1.262705284587474489e+04
1.325711244288214907e-01 1.131261668719153749e+04
1.456348342787200378e-01 9.611579893927781086e+03
1.599858570014452974e-01 8.602096333016175777e+03
1.757510458761641914e-01 7.712359634523363638e+03
1.930697544488981787e-01 6.805071667986628199e+03
2.120950683230800604e-01 6.014383153345268511e+03
2.329951583321586417e-01 5.357207962115611735e+03
2.559547670553742882e-01 4.834949231784029507e+03
2.811768418164965477e-01 4.357267014434662997e+03
3.088843286001189403e-01 3.885801863118757865e+03
3.393221427425128778e-01 3.518257399528027236e+03
3.727593338166072523e-01 3.185633483738366976e+03
4.094914638472018087e-01 2.898352019044893495e+03
4.498432198782237879e-01 2.658182788208572674e+03
4.941712839853393824e-01 2.435882026472365851e+03
5.428674861028858212e-01 2.241956282048272442e+03
5.963622675339625978e-01 2.077160265091930341e+03
6.551284857587630350e-01 1.925264167081056939e+03
7.196855941730535555e-01 1.793429116232413207e+03
7.906042337028588163e-01 1.672899524636839487e+03
8.685112768820903995e-01 1.564781204090867277e+03
9.540953689793428838e-01 1.467315583550530391e+03
1.048113015153642191e+00 0.000000000000000000e+00
