1.048113066601954503e-02 7.408214305840365123e+05
1.151395323963562076e-02 0.000000000000000000e+00
1.264855132798976302e-02 7.850820602298758458e+05
1.389495400641860279e-02 5.712180787552094553e+05
1.526417862678452857e-02 5.249890956234122859e+05
1.676832820337198493e-02 0.000000000000000000e+00
1.842069839530119726e-02 3.727331184055191115e+05
2.023589503111089191e-02 5.028333707845924655e+05
2.222996321434766651e-02 2.380479780328228953e+05
2.442052915136719640e-02 3.094386361958310590e+05
2.682695595500901239e-02 2.644387420552941039e+05
2.947051480134291537e-02 1.796023841890979675e+05
3.237457295239669353e-02 1.547824127267946315e+05
3.556480030685772731e-02 1.650817842434258782e+05
3.906939630451649464e-02 1.091088729271960328e+05
4.291933919013282694e-02 1.102082482410546509e+05
4.714865984004791566e-02 1.099695457228932792e+05
5.179474257198286163e-02 9.689561818586746813e+04
5.689865559697841746e-02 1.029165631206272810e+05
6.250551403444545850e-02 8.113339237518110895e+04
6.866487869913283359e-02 6.652788651676979498e+04
7.543119418501802176e-02 5.298504592945372860e+04
8.286427011848424007e-02 4.284686864690855145e+04
9.102980983473445142e-02 3.855919133837884146e+04
9.999999115058272325e-02 3.583085672005773813e+04
1.098541043672585787e-01 3.223612056734777434e+04
1.206792531427361148e-01 2.759950829417592104e+04
1.325711244288214907e-01 2.314876727263912471e+04
1.456348342787200378e-01 2.137895569068479381e+04
1.599858570014452974e-01 1.854078845054394696e+04
1.757510458761641914e-01 1.663896678576941122e+04
1.930697544488981787e-01 1.506664858966627253e+04
2.120950683230800604e-01 1.359228194401690416e+04
2.329951583321586417e-01 1.220018895323732431e+04
2.559547670553742882e-01 1.111733962938416335e+04
2.811768418164965477e-01 1.008616574845014111e+04
3.088843286001189403e-01 9.232228873668638698e+03
3.393221427425128778e-01 8.439382349365767368e+03
3.727593338166072523e-01 7.787519996425195131e+03
4.094914638472018087e-01 7.117326632788021925e+03
4.498432198782237879e-01 6.605443396102878978e+03
4.941712839853393824e-01 6.074292195014008030e+03
5.428674861028858212e-01 5.647779573325630736e+03
5.963622675339625978e-01 5.194647926209741854e+03
6.551284857587630350e-01 4.796768436302474583e+03
7.196855941730535555e-01 4.435403125871333032e+03
7.906042337028588163e-01 4.084518696101858495e+03
8.685112768820903995e-01 3.742621522616739639e+03
9.540953689793428838e-01 3.407604815916867665e+03
1.048113015153642191e+00 0.000000000000000000e+00
