1.048113066601954503e-02 4.405640552940159978e+04
1.151395323963562076e-02 0.000000000000000000e+00
1.264855132798976302e-02 1.239273458555862635e+04
1.389495400641860279e-02 6.022473384328577959e+04
1.526417862678452857e-02 5.361915498438831128e+04
1.676832820337198493e-02 0.000000000000000000e+00
1.842069839530119726e-02 4.563600594236783218e+04
2.023589503111089191e-02 7.891579101049237943e+04
2.222996321434766651e-02 7.585740703360715997e+04
2.442052915136719640e-02 5.643740784358068049e+04
2.682695595500901239e-02 5.264661891974302125e+04
2.947051480134291537e-02 5.126042396354979428e+04
3.237457295239669353e-02 4.295637765326163208e+04
3.556480030685772731e-02 3.554518762791711924e+04
3.906939630451649464e-02 4.351730404413994256e+04
4.291933919013282694e-02 3.885798247859772528e+04
4.714865984004791566e-02 3.220511042293112405e+04
5.179474257198286163e-02 3.512377044604992989e+04
5.689865559697841746e-02 2.633787935724775161e+04
6.250551403444545850e-02 2.945978266121170964e+04
6.866487869913283359e-02 2.788294221142849710e+04
7.543119418501802176e-02 2.575394891183076470e+04
8.286427011848424007e-02 2.226604068311518131e+04
9.102980983473445142e-02 1.843551446136189043e+04
9.999999115058272325e-02 1.752422522912136628e+04
1.098541043672585787e-01 1.539344285512140414e+04
1.206792531427361148e-01 1.440774473838998529e+04
1.325711244288214907e-01 1.312640522405122101e+04
1.456348342787200378e-01 1.195573595605689661e+04
1.599858570014452974e-01 1.034087299737268040e+04
1.757510458761641914e-01 9.507562705598977118e+03
1.930697544488981787e-01 8.622560104522857728e+03
2.120950683230800604e-01 7.988643737446640444e+03
2.329951583321586417e-01 7.245499815194255461e+03
2.559547670553742882e-01 6.592493760274407578e+03
2.811768418164965477e-01 6.055640100092143257e+03
3.088843286001189403e-01 5.584950359207331530e+03
3.393221427425128778e-01 5.195710023922736582e+03
3.727593338166072523e-01 4.810599991551168387e+03
4.094914638472018087e-01 4.491783673776782962e+03
4.498432198782237879e-01 4.211667814562137210e+03
4.941712839853393824e-01 3.947800676307278991e+03
5.428674861028858212e-01 3.723128511402248478e+03
5.963622675339625978e-01 3.514053848451527301e+03
6.551284857587630350e-01 3.315567368286580859e+03
7.196855941730535555e-01 3.133232937191213750e+03
7.906042337028588163e-01 2.957396775265187898e+03
8.685112768820903995e-01 2.793321850431716484e+03
9.540953689793428838e-01 2.638782793278707686e+03
1.048113015153642191e+00 0.000000000000000000e+00
