1.048113066601954503e-02 6.352631501641285140e+05
1.151395323963562076e-02 0.000000000000000000e+00
1.264855132798976302e-02 5.902226476694901939e+05
1.389495400641860279e-02 3.162788154327155789e+05
1.526417862678452857e-02 2.708635852750472259e+05
1.676832820337198493e-02 0.000000000000000000e+00
1.842069839530119726e-02 4.304543423695886740e+05
2.023589503111089191e-02 2.649916430499849957e+05
2.222996321434766651e-02 2.218827672435420973e+05
2.442052915136719640e-02 2.026415251852981164e+05
2.682695595500901239e-02 1.891867315144495224e+05
2.947051480134291537e-02 1.014892490680684568e+05
3.237457295239669353e-02 7.977365247879867093e+04
3.556480030685772731e-02 8.234934248532765196e+04
3.906939630451649464e-02 6.829140019900492916e+04
4.291933919013282694e-02 5.270029867283880594e+04
4.714865984004791566e-02 4.492038759919017320e+04
5.179474257198286163e-02 4.444186970625510730e+04
5.689865559697841746e-02 4.769722149849987909e+04
6.250551403444545850e-02 4.883616269096546603e+04
6.866487869913283359e-02 4.346935997406550450e+04
7.543119418501802176e-02 3.749998507337028423e+04
8.286427011848424007e-02 2.569523378024067642e+04
9.102980983473445142e-02 1.846433041059032257e+04
9.999999115058272325e-02 1.544392811655979312e+04
1.098541043672585787e-01 1.542334584970385549e+04
1.206792531427361148e-01 1.566344829456786101e+04
1.325711244288214907e-01 1.269387333863119784e+04
1.456348342787200378e-01 9.899704119692651147e+03
1.599858570014452974e-01 8.317824737233349879e+03
1.757510458761641914e-01 7.730085747802015248e+03
1.930697544488981787e-01 6.833471573963232913e+03
2.120950683230800604e-01 5.639880020630661420e+03
2.329951583321586417e-01 5.012180383019911460e+03
2.559547670553742882e-01 4.436137464218922105e+03
2.811768418164965477e-01 3.844936317473088820e+03
3.088843286001189403e-01 3.383188185208347932e+03
3.393221427425128778e-01 3.000289101459647100e+03
3.727593338166072523e-01 2.658563844590997178e+03
4.094914638472018087e-01 2.386878110900348474e+03
4.498432198782237879e-01 2.130704623770806847e+03
4.941712839853393824e-01 1.932272602117514680e+03
5.428674861028858212e-01 1.743090551151726686e+03
5.963622675339625978e-01 1.579164458431439016e+03
6.551284857587630350e-01 1.439431917086626072e+03
7.196855941730535555e-01 1.318825729693283620e+03
7.906042337028588163e-01 1.209782861845089428e+03
8.685112768820903995e-01 1.110547258170066470e+03
9.540953689793428838e-01 1.023554841354810492e+03
1.048113015153642191e+00 0.000000000000000000e+00
