1.048113066601954503e-02 2.210674807308228264e+04
1.151395323963562076e-02 0.000000000000000000e+00
1.264855132798976302e-02 1.351513166185860064e+04
1.389495400641860279e-02 2.902179371050620830e+04
1.526417862678452857e-02 4.888364238444926013e+04
1.676832820337198493e-02 0.000000000000000000e+00
1.842069839530119726e-02 2.856412824127878048e+04
2.023589503111089191e-02 3.009647500581430722e+04
2.222996321434766651e-02 3.083930418008525157e+04
2.442052915136719640e-02 3.498652067945212184e+04
2.682695595500901239e-02 3.208482179765435649e+04
2.947051480134291537e-02 3.845732247530468885e+04
3.237457295239669353e-02 2.842629760721900675e+04
3.556480030685772731e-02 2.954843933143380855e+04
3.906939630451649464e-02 2.636163050921926697e+04
4.291933919013282694e-02 2.072403050760941915e+04
4.714865984004791566e-02 2.399388672373225927e+04
5.179474257198286163e-02 2.274939675344865827e+04
5.689865559697841746e-02 2.008950688155860189e+04
6.250551403444545850e-02 1.895851751633085587e+04
6.866487869913283359e-02 1.759378688599722955e+04
7.543119418501802176e-02 1.636228688492741458e+04
8.286427011848424007e-02 1.418001995881808398e+04
9.102980983473445142e-02 1.256838367448592908e+04
9.999999115058272325e-02 1.075320420104965160e+04
1.098541043672585787e-01 9.748232690803906735e+03
1.206792531427361148e-01 8.976503564128059224e+03
1.325711244288214907e-01 8.377778143705150796e+03
1.456348342787200378e-01 7.432212606347290603e+03
1.599858570014452974e-01 6.225585600969441657e+03
1.757510458761641914e-01 5.596434861259033823e+03
1.930697544488981787e-01 5.125154998142309523e+03
2.120950683230800604e-01 4.530005604053532807e+03
2.329951583321586417e-01 3.952623057387507743e+03
2.559547670553742882e-01 3.573250704463904185e+03
2.811768418164965477e-01 3.198577881344604975e+03
3.088843286001189403e-01 2.877012478531206398e+03
3.393221427425128778e-01 2.595119623833888454e+03
3.727593338166072523e-01 2.356187698129136152e+03
4.094914638472018087e-01 2.134236343500402199e+03
4.498432198782237879e-01 1.949647624642235769e+03
4.941712839853393824e-01 1.787097973523526889e+03
5.428674861028858212e-01 1.644812361320352693e+03
5.963622675339625978e-01 1.520700395476102813e+03
6.551284857587630350e-01 1.409341944293656752e+03
7.196855941730535555e-01 1.310692827440418569e+03
7.906042337028588163e-01 1.221427800859287345e+03
8.685112768820903995e-01 1.140792957058041111e+03
9.540953689793428838e-01 1.068023308403754982e+03
1.048113015153642191e+00 0.000000000000000000e+00
