1.048113066601954503e-02 5.956771465180127416e+04
1.151395323963562076e-02 0.000000000000000000e+00
1.264855132798976302e-02 4.147843163506079145e+04
1.389495400641860279e-02 3.336634371001148247e+04
1.526417862678452857e-02 5.165439295950791711e+04
1.676832820337198493e-02 0.000000000000000000e+00
1.842069839530119726e-02 3.847287366367557843e+04
2.023589503111089191e-02 4.591636712892394280e+04
2.222996321434766651e-02 2.639766730696458762e+04
2.442052915136719640e-02 4.599416637451915449e+04
2.682695595500901239e-02 4.016183311757139018e+04
2.947051480134291537e-02 3.553721802707054303e+04
3.237457295239669353e-02 3.124560979312140262e+04
3.556480030685772731e-02 2.689673737195797366e+04
3.906939630451649464e-02 3.465267079324462247e+04
4.291933919013282694e-02 2.583541891129512078e+04
4.714865984004791566e-02 2.691219781167784095e+04
5.179474257198286163e-02 2.349669096942124088e+04
5.689865559697841746e-02 2.276539260916275816e+04
6.250551403444545850e-02 2.045014053385045554e+04
6.866487869913283359e-02 1.967670004325814079e+04
7.543119418501802176e-02 1.778409062819064275e+04
8.286427011848424007e-02 1.492505244800925720e+04
9.102980983473445142e-02 1.310615837664563696e+04
9.999999115058272325e-02 1.194513120934992003e+04
1.098541043672585787e-01 1.097604503142951035e+04
1.206792531427361148e-01 1.025997038523865012e+04
1.325711244288214907e-01 8.540281123648033827e+03
1.456348342787200378e-01 7.755558199214440720e+03
1.599858570014452974e-01 6.819989206058784475e+03
1.757510458761641914e-01 6.163390000039998085e+03
1.930697544488981787e-01 5.519069037936872519e+03
2.120950683230800604e-01 4.905733157744556593e+03
2.329951583321586417e-01 4.377338532388988824e+03
2.559547670553742882e-01 3.975896578086581940e+03
2.811768418164965477e-01 3.573814208192812202e+03
3.088843286001189403e-01 3.236950827184239643e+03
3.393221427425128778e-01 2.957965712293646448e+03
3.727593338166072523e-01 2.702784763259176088e+03
4.094914638472018087e-01 2.484684000598722832e+03
4.498432198782237879e-01 2.288697851335374708e+03
4.941712839853393824e-01 2.109322543360286545e+03
5.428674861028858212e-01 1.953368158992642066e+03
5.963622675339625978e-01 1.817725232532335212e+03
6.551284857587630350e-01 1.695590440916464786e+03
7.196855941730535555e-01 1.582013799589127530e+03
7.906042337028588163e-01 1.479928847717060080e+03
8.685112768820903995e-01 1.385521415014049580e+03
9.540953689793428838e-01 1.300865780171604456e+03
1.048113015153642191e+00 0.000000000000000000e+00
