1.048113066601954503e-02 1.417805273229174236e+04
1.151395323963562076e-02 0.000000000000000000e+00
1.264855132798976302e-02 2.043298551857733764e+04
1.389495400641860279e-02 2.859690992804405687e+04
1.526417862678452857e-02 1.522269444705541173e+04
1.676832820337198493e-02 0.000000000000000000e+00
1.842069839530119726e-02 1.584371350963792975e+04
2.023589503111089191e-02 2.387770770438131512e+04
2.222996321434766651e-02 1.355003056654913962e+04
2.442052915136719640e-02 1.555662124386765208e+04
2.682695595500901239e-02 2.059065995337437562e+04
2.947051480134291537e-02 2.083439079747589494e+04
3.237457295239669353e-02 2.028373436123650754e+04
3.556480030685772731e-02 1.886568108091556496e+04
3.906939630451649464e-02 1.798084153289344977e+04
4.291933919013282694e-02 1.486151908597235888e+04
4.714865984004791566e-02 1.518576099623341725e+04
5.179474257198286163e-02 1.398464261223440553e+04
5.689865559697841746e-02 1.163199667736713309e+04
6.250551403444545850e-02 1.261275635584889278e+04
6.866487869913283359e-02 1.165567788210611252e+04
7.543119418501802176e-02 1.060666043019501740e+04
8.286427011848424007e-02 9.550351621187599449e+03
9.102980983473445142e-02 9.185794861063510325e+03
9.999999115058272325e-02 8.499198243992483185e+03
1.098541043672585787e-01 7.127725221471458099e+03
1.206792531427361148e-01 6.418665256457397845e+03
1.325711244288214907e-01 5.922066304442917499e+03
1.456348342787200378e-01 5.367724021200491734e+03
1.599858570014452974e-01 4.692098278135170403e+03
1.757510458761641914e-01 4.082081330253257875e+03
1.930697544488981787e-01 3.753783063885487536e+03
2.120950683230800604e-01 3.327476901429023201e+03
2.329951583321586417e-01 2.976396018599908984e+03
2.559547670553742882e-01 2.632616555230068116e+03
2.811768418164965477e-01 2.387924565083065772e+03
3.088843286001189403e-01 2.155984183607569776e+03
3.393221427425128778e-01 1.933117769394500783e+03
3.727593338166072523e-01 1.754101680948958801e+03
4.094914638472018087e-01 1.584037705964344696e+03
4.498432198782237879e-01 1.459984819139090860e+03
4.941712839853393824e-01 1.334914395151596636e+03
5.428674861028858212e-01 1.228763998235186591e+03
5.963622675339625978e-01 1.131368633915844612e+03
6.551284857587630350e-01 1.046045327711956133e+03
7.196855941730535555e-01 9.718352218554300634e+02
7.906042337028588163e-01 9.032777621933912542e+02
8.685112768820903995e-01 8.420262595390188380e+02
9.540953689793428838e-01 7.883013356444201918e+02
1.048113015153642191e+00 0.000000000000000000e+00
