1.048113066601954503e-02 2.002193386466032098e+04
1.151395323963562076e-02 0.000000000000000000e+00
1.264855132798976302e-02 1.736924321637394314e+04
1.389495400641860279e-02 2.466332615157972759e+04
1.526417862678452857e-02 3.441824373686259059e+04
1.676832820337198493e-02 0.000000000000000000e+00
1.842069839530119726e-02 2.878336975464882198e+04
2.023589503111089191e-02 2.203756840072536215e+04
2.222996321434766651e-02 3.528557406292693486e+04
2.442052915136719640e-02 3.555055174745476688e+04
2.682695595500901239e-02 2.983374709379135311e+04
2.947051480134291537e-02 3.938474586295039626e+04
3.237457295239669353e-02 2.899092349399229715e+04
3.556480030685772731e-02 2.790429009915224015e+04
3.906939630451649464e-02 2.281436063523477787e+04
4.291933919013282694e-02 2.622075144590477066e+04
4.714865984004791566e-02 2.369498235408900655e+04
5.179474257198286163e-02 2.218789844277802331e+04
5.689865559697841746e-02 2.135341898021004090e+04
6.250551403444545850e-02 2.061096357562446792e+04
6.866487869913283359e-02 1.954656766676432744e+04
7.543119418501802176e-02 1.768789701112973489e+04
8.286427011848424007e-02 1.761971033196149438e+04
9.102980983473445142e-02 1.541308552058791975e+04
9.999999115058272325e-02 1.331352773497120506e+04
1.098541043672585787e-01 1.248398665085407447e+04
1.206792531427361148e-01 1.112934249015442219e+04
1.325711244288214907e-01 1.039279030444737873e+04
1.456348342787200378e-01 9.301738071165653309e+03
1.599858570014452974e-01 8.259190743796163588e+03
1.757510458761641914e-01 7.547506445684996834e+03
1.930697544488981787e-01 6.935912681050075662e+03
2.120950683230800604e-01 6.229794678403160106e+03
2.329951583321586417e-01 5.601673142074720090e+03
2.559547670553742882e-01 5.144735683716366111e+03
2.811768418164965477e-01 4.672019820756911940e+03
3.088843286001189403e-01 4.247223329930779073e+03
3.393221427425128778e-01 3.944216975902332706e+03
3.727593338166072523e-01 3.629849870101640590e+03
4.094914638472018087e-01 3.365581477462082148e+03
4.498432198782237879e-01 3.125717854790495494e+03
4.941712839853393824e-01 2.918105910486769972e+03
5.428674861028858212e-01 2.731194334265680027e+03
5.963622675339625978e-01 2.566547137032593582e+03
6.551284857587630350e-01 2.425429105317100039e+03
7.196855941730535555e-01 2.283443097162104095e+03
7.906042337028588163e-01 2.156806658920260816e+03
8.685112768820903995e-01 2.043329292831457224e+03
9.540953689793428838e-01 1.932920632451683105e+03
1.048113015153642191e+00 0.000000000000000000e+00
