1.048113066601954503e-02 3.772835665191190201e+05
1.151395323963562076e-02 0.000000000000000000e+00
1.264855132798976302e-02 3.512897948772112723e+05
1.389495400641860279e-02 1.873689801984778605e+05
1.526417862678452857e-02 1.602658561306730553e+05
1.676832820337198493e-02 0.000000000000000000e+00
1.842069839530119726e-02 2.551414253432754485e+05
2.023589503111089191e-02 1.566361614019947010e+05
2.222996321434766651e-02 1.311504817796206044e+05
2.442052915136719640e-02 1.200713996111772722e+05
2.682695595500901239e-02 1.121549739635443839e+05
2.947051480134291537e-02 5.993418051981751341e+04
3.237457295239669353e-02 4.705826663249720878e+04
3.556480030685772731e-02 4.859663221738344146e+04
3.906939630451649464e-02 4.028956367397796566e+04
4.291933919013282694e-02 3.107454417962718435e+04
4.714865984004791566e-02 2.649396423747240988e+04
5.179474257198286163e-02 2.616099918158810033e+04
5.689865559697841746e-02 2.805578729287763781e+04
6.250551403444545850e-02 2.868377493053524086e+04
6.866487869913283359e-02 2.549929327919693606e+04
7.543119418501802176e-02 2.192425344454050719e+04
8.286427011848424007e-02 1.497113565835142981e+04
9.102980983473445142e-02 1.071288971901166587e+04
9.999999115058272325e-02 8.936025674188249468e+03
1.098541043672585787e-01 8.931289898718125187e+03
1.206792531427361148e-01 9.043179603320610113e+03
1.325711244288214907e-01 7.304452713345653137e+03
1.456348342787200378e-01 5.659462906504766579e+03
1.599858570014452974e-01 4.740436955176908668e+03
1.757510458761641914e-01 4.394248568660280398e+03
1.930697544488981787e-01 3.867350834833614499e+03
2.120950683230800604e-01 3.173623954659265110e+03
2.329951583321586417e-01 2.808982319688397638e+03
2.559547670553742882e-01 2.473155322905388402e+03
2.811768418164965477e-01 2.134168673104455593e+03
3.088843286001189403e-01 1.867235898659004306e+03
3.393221427425128778e-01 1.647370932125307263e+03
3.727593338166072523e-01 1.451609306232354356e+03
4.094914638472018087e-01 1.296060849816415612e+03
4.498432198782237879e-01 1.150326428365021229e+03
4.941712839853393824e-01 1.037094663372176001e+03
5.428674861028858212e-01 9.300131154948462608e+02
5.963622675339625978e-01 8.377789447485727123e+02
6.551284857587630350e-01 7.592452025117827361e+02
7.196855941730535555e-01 6.915223154225291182e+02
7.906042337028588163e-01 6.306733878758442415e+02
8.685112768820903995e-01 5.755722328584059824e+02
9.540953689793428838e-01 5.273939645606432123e+02
1.048113015153642191e+00 0.000000000000000000e+00
