1.048113066601954503e-02 4.998057350607862696e+06
1.151395323963562076e-02 0.000000000000000000e+00
1.264855132798976302e-02 1.801107910849745618e+06
1.389495400641860279e-02 1.735587171125905588e+06
1.526417862678452857e-02 1.500699228489698144e+06
1.676832820337198493e-02 0.000000000000000000e+00
1.842069839530119726e-02 1.450624947790021775e+06
2.023589503111089191e-02 1.195430669643178582e+06
2.222996321434766651e-02 1.274280004267984303e+06
2.442052915136719640e-02 4.764670349907901837e+05
2.682695595500901239e-02 4.690185376010426553e+05
2.947051480134291537e-02 5.405479029870433733e+05
3.237457295239669353e-02 4.296791442278415780e+05
3.556480030685772731e-02 3.990965539369944017e+05
3.906939630451649464e-02 2.779271117942595738e+05
4.291933919013282694e-02 2.316459463979583525e+05
4.714865984004791566e-02 2.019452038240214461e+05
5.179474257198286163e-02 2.079857030171516817e+05
5.689865559697841746e-02 1.943078946745627327e+05
6.250551403444545850e-02 1.747342169773052156e+05
6.866487869913283359e-02 1.862660776694438828e+05
7.543119418501802176e-02 1.616414317552450229e+05
8.286427011848424007e-02 1.268550966522947565e+05
9.102980983473445142e-02 1.075193260238498915e+05
9.999999115058272325e-02 8.747547410270661931e+04
1.098541043672585787e-01 7.932262853886422818e+04
1.206792531427361148e-01 7.229300891998414590e+04
1.325711244288214907e-01 6.848992130756319966e+04
1.456348342787200378e-01 5.962512841923584347e+04
1.599858570014452974e-01 5.293075206376115966e+04
1.757510458761641914e-01 4.742083826213226712e+04
1.930697544488981787e-01 4.222574234605144011e+04
2.120950683230800604e-01 3.898582748371397611e+04
2.329951583321586417e-01 3.555629330034732266e+04
2.559547670553742882e-01 3.300070825017089373e+04
2.811768418164965477e-01 2.988716089046251727e+04
3.088843286001189403e-01 2.729654857023878139e+04
3.393221427425128778e-01 2.518853657688780368e+04
3.727593338166072523e-01 2.335237147555939009e+04
4.094914638472018087e-01 2.171291141622691430e+04
4.498432198782237879e-01 2.032593685193678903e+04
4.941712839853393824e-01 1.896372684631929587e+04
5.428674861028858212e-01 1.767409669678782302e+04
5.963622675339625978e-01 1.652362003539278521e+04
6.551284857587630350e-01 1.530943203023303613e+04
7.196855941730535555e-01 1.418648355820965662e+04
7.906042337028588163e-01 1.314636131523688709e+04
8.685112768820903995e-01 1.208873175313522734e+04
9.540953689793428838e-01 1.104070250426166785e+04
1.048113015153642191e+00 0.000000000000000000e+00
