1.048113066601954503e-02 6.702132682129446766e+04
1.151395323963562076e-02 0.000000000000000000e+00
1.264855132798976302e-02 5.952067385986688896e+04
1.389495400641860279e-02 6.806062222868276876e+04
1.526417862678452857e-02 7.352587878874845046e+04
1.676832820337198493e-02 0.000000000000000000e+00
1.842069839530119726e-02 5.919224134130519087e+04
2.023589503111089191e-02 6.126430114069717820e+04
2.222996321434766651e-02 7.953375941141265503e+04
2.442052915136719640e-02 4.608618364280053356e+04
2.682695595500901239e-02 4.969165419926810864e+04
2.947051480134291537e-02 5.894158915617039020e+04
3.237457295239669353e-02 4.676091939002415165e+04
3.556480030685772731e-02 4.390117826501915988e+04
3.906939630451649464e-02 4.288463402574861539e+04
4.291933919013282694e-02 3.838036051228422730e+04
4.714865984004791566e-02 3.482189861314599693e+04
5.179474257198286163e-02 3.489427899206190341e+04
5.689865559697841746e-02 3.133510413883379078e+04
6.250551403444545850e-02 3.176396434037862127e+04
6.866487869913283359e-02 3.126016422408326252e+04
7.543119418501802176e-02 2.771801312974172470e+04
8.286427011848424007e-02 2.532146172650102744e+04
9.102980983473445142e-02 2.137442367491017649e+04
9.999999115058272325e-02 1.788353278098058217e+04
1.098541043672585787e-01 1.677052026815487625e+04
1.206792531427361148e-01 1.574407431635275134e+04
1.325711244288214907e-01 1.379331114130541755e+04
1.456348342787200378e-01 1.255833497327115219e+04
1.599858570014452974e-01 1.071376129394895906e+04
1.757510458761641914e-01 9.769616175375598687e+03
1.930697544488981787e-01 8.976335429388193006e+03
2.120950683230800604e-01 7.941262122172316595e+03
2.329951583321586417e-01 7.103214722292549595e+03
2.559547670553742882e-01 6.494718251493368371e+03
2.811768418164965477e-01 5.836932277909214463e+03
3.088843286001189403e-01 5.297824236482528249e+03
3.393221427425128778e-01 4.861080237480306096e+03
3.727593338166072523e-01 4.434594845033613637e+03
4.094914638472018087e-01 4.091636732527855202e+03
4.498432198782237879e-01 3.773138292183493832e+03
4.941712839853393824e-01 3.485936967781032763e+03
5.428674861028858212e-01 3.247557842506111228e+03
5.963622675339625978e-01 3.037232799789945602e+03
6.551284857587630350e-01 2.841681267502769060e+03
7.196855941730535555e-01 2.667597397892352546e+03
7.906042337028588163e-01 2.514975345572253900e+03
8.685112768820903995e-01 2.376347118201469584e+03
9.540953689793428838e-01 2.253246797015185166e+03
1.048113015153642191e+00 0.000000000000000000e+00
