1.048113066601954503e-02 9.112479629609288531e+04
1.151395323963562076e-02 0.000000000000000000e+00
1.264855132798976302e-02 1.077038194707520452e+05
1.389495400641860279e-02 8.845676998906284280e+04
1.526417862678452857e-02 1.168527164126987482e+05
1.676832820337198493e-02 0.000000000000000000e+00
1.842069839530119726e-02 9.006849149603578553e+04
2.023589503111089191e-02 1.082487592399675341e+05
2.222996321434766651e-02 9.695776846941052645e+04
2.442052915136719640e-02 9.706600378202580032e+04
2.682695595500901239e-02 7.875096647108251636e+04
2.947051480134291537e-02 7.641016201023744361e+04
3.237457295239669353e-02 5.783489726733726275e+04
3.556480030685772731e-02 5.236847643377915665e+04
3.906939630451649464e-02 5.016875186932898941e+04
4.291933919013282694e-02 5.007988470203833276e+04
4.714865984004791566e-02 4.325486669111774972e+04
5.179474257198286163e-02 4.147280976974157966e+04
5.689865559697841746e-02 4.198233642448000319e+04
6.250551403444545850e-02 3.646519790634430683e+04
6.866487869913283359e-02 3.293388013774011051e+04
7.543119418501802176e-02 2.738070045990736617e+04
8.286427011848424007e-02 2.320237114468923028e+04
9.102980983473445142e-02 2.151901464868905168e+04
9.999999115058272325e-02 1.906126265749558297e+04
1.098541043672585787e-01 1.728577113853148330e+04
1.206792531427361148e-01 1.550628444306421079e+04
1.325711244288214907e-01 1.314491488140506772e+04
1.456348342787200378e-01 1.172820411279285145e+04
1.599858570014452974e-01 1.071250768203560438e+04
1.757510458761641914e-01 9.508725755428740740e+03
1.930697544488981787e-01 8.387917041570084621e+03
2.120950683230800604e-01 7.638941270458064537e+03
2.329951583321586417e-01 6.775819133989008151e+03
2.559547670553742882e-01 6.182319731057899844e+03
2.811768418164965477e-01 5.614298344681105846e+03
3.088843286001189403e-01 5.074645547829693896e+03
3.393221427425128778e-01 4.661241174738637710e+03
3.727593338166072523e-01 4.275569695969005807e+03
4.094914638472018087e-01 3.957226602937610096e+03
4.498432198782237879e-01 3.659693913063955733e+03
4.941712839853393824e-01 3.408916013020398623e+03
5.428674861028858212e-01 3.168219699285826209e+03
5.963622675339625978e-01 2.969267227997804639e+03
6.551284857587630350e-01 2.767590489580531539e+03
7.196855941730535555e-01 2.597744848243024535e+03
7.906042337028588163e-01 2.431945671457252047e+03
8.685112768820903995e-01 2.283542469246351629e+03
9.540953689793428838e-01 2.140760911649994341e+03
1.048113015153642191e+00 0.000000000000000000e+00
