1.048113066601954503e-02 1.629955311210928718e+06
1.151395323963562076e-02 0.000000000000000000e+00
1.264855132798976302e-02 3.393724478228595108e+05
1.389495400641860279e-02 1.177869256189697655e+06
1.526417862678452857e-02 1.194875136498208391e+06
1.676832820337198493e-02 0.000000000000000000e+00
1.842069839530119726e-02 8.275189373778041918e+05
2.023589503111089191e-02 6.870534675939350855e+05
2.222996321434766651e-02 7.509842831812773366e+05
2.442052915136719640e-02 6.493284991051360266e+05
2.682695595500901239e-02 5.486834426279361360e+05
2.947051480134291537e-02 3.732251531718656770e+05
3.237457295239669353e-02 2.030882451153596630e+05
3.556480030685772731e-02 1.840395610877383151e+05
3.906939630451649464e-02 1.372202962826477888e+05
4.291933919013282694e-02 1.083551429583795543e+05
4.714865984004791566e-02 9.500838867070770357e+04
5.179474257198286163e-02 1.167401316027121211e+05
5.689865559697841746e-02 1.082155924921463302e+05
6.250551403444545850e-02 1.194630132997881738e+05
6.866487869913283359e-02 1.054741270532629424e+05
7.543119418501802176e-02 8.828771257715777028e+04
8.286427011848424007e-02 6.879298233701857680e+04
9.102980983473445142e-02 5.068168904975500482e+04
9.999999115058272325e-02 4.342510486976622633e+04
1.098541043672585787e-01 4.049259625725643127e+04
1.206792531427361148e-01 3.753487217396128108e+04
1.325711244288214907e-01 3.337361059968746849e+04
1.456348342787200378e-01 2.970642661289958778e+04
1.599858570014452974e-01 2.519042430976231844e+04
1.757510458761641914e-01 2.279513820724187462e+04
1.930697544488981787e-01 2.048093956207742303e+04
2.120950683230800604e-01 1.828149941141038289e+04
2.329951583321586417e-01 1.660814639281426571e+04
2.559547670553742882e-01 1.491623907290588977e+04
2.811768418164965477e-01 1.371237842781899599e+04
3.088843286001189403e-01 1.239118179727531242e+04
3.393221427425128778e-01 1.130687996861323336e+04
3.727593338166072523e-01 1.042899396396241355e+04
4.094914638472018087e-01 9.609071749632053979e+03
4.498432198782237879e-01 8.918500280642374491e+03
4.941712839853393824e-01 8.275025013286282046e+03
5.428674861028858212e-01 7.672516551706103201e+03
5.963622675339625978e-01 7.166303388688495033e+03
6.551284857587630350e-01 6.663118028085898914e+03
7.196855941730535555e-01 6.191479200633291839e+03
7.906042337028588163e-01 5.751029093709930748e+03
8.685112768820903995e-01 5.293231693190754413e+03
9.540953689793428838e-01 4.870816601733537027e+03
1.048113015153642191e+00 0.000000000000000000e+00
