1.048113066601954503e-02 2.671579729328134563e+06
1.151395323963562076e-02 0.000000000000000000e+00
1.264855132798976302e-02 9.701253665220716503e+05
1.389495400641860279e-02 9.223954280032436363e+05
1.526417862678452857e-02 8.064153686118295882e+05
1.676832820337198493e-02 0.000000000000000000e+00
1.842069839530119726e-02 7.749243154274044791e+05
2.023589503111089191e-02 6.384029107726986986e+05
2.222996321434766651e-02 6.785025563126909547e+05
2.442052915136719640e-02 2.544240961118069827e+05
2.682695595500901239e-02 2.497918605249559332e+05
2.947051480134291537e-02 2.881024387915703119e+05
3.237457295239669353e-02 2.287847901008814806e+05
3.556480030685772731e-02 2.114597166861630685e+05
3.906939630451649464e-02 1.469863936224828940e+05
4.291933919013282694e-02 1.227286239839960326e+05
4.714865984004791566e-02 1.062271300542423851e+05
5.179474257198286163e-02 1.096785690794955735e+05
5.689865559697841746e-02 1.022082339577356470e+05
6.250551403444545850e-02 9.155171395843684149e+04
6.866487869913283359e-02 9.740959376560324745e+04
7.543119418501802176e-02 8.417118923678323335e+04
8.286427011848424007e-02 6.572297660647750308e+04
9.102980983473445142e-02 5.536399405459831178e+04
9.999999115058272325e-02 4.477821395346961071e+04
1.098541043672585787e-01 4.047030021599316387e+04
1.206792531427361148e-01 3.680627514317652094e+04
1.325711244288214907e-01 3.471239418432968523e+04
1.456348342787200378e-01 3.003706884418664777e+04
1.599858570014452974e-01 2.649517090666954755e+04
1.757510458761641914e-01 2.363453066279238556e+04
1.930697544488981787e-01 2.094192343654135766e+04
2.120950683230800604e-01 1.922656656355626910e+04
2.329951583321586417e-01 1.744284923391257325e+04
2.559547670553742882e-01 1.610073814503593348e+04
2.811768418164965477e-01 1.450782878023068406e+04
3.088843286001189403e-01 1.318723630771465287e+04
3.393221427425128778e-01 1.210738278941278440e+04
3.727593338166072523e-01 1.116941189435745582e+04
4.094914638472018087e-01 1.033111786399504854e+04
4.498432198782237879e-01 9.622662030175759355e+03
4.941712839853393824e-01 8.932469808870731868e+03
5.428674861028858212e-01 8.283578509525859772e+03
5.963622675339625978e-01 7.705490741931071170e+03
6.551284857587630350e-01 7.103539610210777028e+03
7.196855941730535555e-01 6.550456521805808734e+03
7.906042337028588163e-01 6.039134434479099582e+03
8.685112768820903995e-01 5.525312622400239889e+03
9.540953689793428838e-01 5.020805783761328712e+03
1.048113015153642191e+00 0.000000000000000000e+00
