1.048113066601954503e-02 6.917289395265677013e+04
1.151395323963562076e-02 0.000000000000000000e+00
1.264855132798976302e-02 1.090714487864665134e+05
1.389495400641860279e-02 3.247810602815674501e+05
1.526417862678452857e-02 2.143360416016454401e+05
1.676832820337198493e-02 0.000000000000000000e+00
1.842069839530119726e-02 1.587020976512231282e+05
2.023589503111089191e-02 2.983576737817205139e+05
2.222996321434766651e-02 1.748105018133382546e+05
2.442052915136719640e-02 1.581395189109915809e+05
2.682695595500901239e-02 1.622037496795281186e+05
2.947051480134291537e-02 1.151964593638337392e+05
3.237457295239669353e-02 9.798209647065430181e+04
3.556480030685772731e-02 7.515231804676214233e+04
3.906939630451649464e-02 6.936206615602114471e+04
4.291933919013282694e-02 5.933236061082733795e+04
4.714865984004791566e-02 5.987473728859600669e+04
5.179474257198286163e-02 6.218517483166018792e+04
5.689865559697841746e-02 6.012953186963686312e+04
6.250551403444545850e-02 6.484731647749483818e+04
6.866487869913283359e-02 5.542397169904890325e+04
7.543119418501802176e-02 4.498217180643892789e+04
8.286427011848424007e-02 3.280853651618910953e+04
9.102980983473445142e-02 2.585003663100389531e+04
9.999999115058272325e-02 2.289554329079950912e+04
1.098541043672585787e-01 2.415530246312977397e+04
1.206792531427361148e-01 2.236956970314343926e+04
1.325711244288214907e-01 1.842720780388219282e+04
1.456348342787200378e-01 1.451923647060969415e+04
1.599858570014452974e-01 1.286880440850750529e+04
1.757510458761641914e-01 1.211023867895933654e+04
1.930697544488981787e-01 1.056691607426222436e+04
2.120950683230800604e-01 9.059693696440273925e+03
2.329951583321586417e-01 8.136771660738464561e+03
2.559547670553742882e-01 7.155590064475898544e+03
2.811768418164965477e-01 6.324560792207470513e+03
3.088843286001189403e-01 5.715725306990249010e+03
3.393221427425128778e-01 5.110076642153915600e+03
3.727593338166072523e-01 4.613363450764353729e+03
4.094914638472018087e-01 4.157275722549848979e+03
4.498432198782237879e-01 3.793355970021709254e+03
4.941712839853393824e-01 3.475062977092737128e+03
5.428674861028858212e-01 3.174938184105260007e+03
5.963622675339625978e-01 2.927178418002735270e+03
6.551284857587630350e-01 2.698808851683562352e+03
7.196855941730535555e-01 2.504726957176610995e+03
7.906042337028588163e-01 2.332942502579261600e+03
8.685112768820903995e-01 2.177780164626999976e+03
9.540953689793428838e-01 2.036094854740489609e+03
1.048113015153642191e+00 0.000000000000000000e+00
