1.048113066601954503e-02 1.986416397736800718e+05
1.151395323963562076e-02 0.000000000000000000e+00
1.264855132798976302e-02 2.435203552814373397e+05
1.389495400641860279e-02 1.385609942250394670e+05
1.526417862678452857e-02 9.611567513878116733e+04
1.676832820337198493e-02 0.000000000000000000e+00
1.842069839530119726e-02 1.227282496660581091e+05
2.023589503111089191e-02 1.895687392963150050e+05
2.222996321434766651e-02 1.132312811038715590e+05
2.442052915136719640e-02 1.359221995716189849e+05
2.682695595500901239e-02 1.187194848475812469e+05
2.947051480134291537e-02 1.070608415120078134e+05
3.237457295239669353e-02 1.101647748801657872e+05
3.556480030685772731e-02 1.021253925317988760e+05
3.906939630451649464e-02 8.421025166546639230e+04
4.291933919013282694e-02 7.433153467210383678e+04
4.714865984004791566e-02 6.698417110890033655e+04
5.179474257198286163e-02 6.928459747561061522e+04
5.689865559697841746e-02 6.343538831389500410e+04
6.250551403444545850e-02 6.023080349299909722e+04
6.866487869913283359e-02 5.041325300565915677e+04
7.543119418501802176e-02 4.441961085589982395e+04
8.286427011848424007e-02 3.641774352443967655e+04
9.102980983473445142e-02 3.227308360304963207e+04
9.999999115058272325e-02 2.888984858980391436e+04
1.098541043672585787e-01 2.702582126334382338e+04
1.206792531427361148e-01 2.416067003310794462e+04
1.325711244288214907e-01 2.054753762116534199e+04
1.456348342787200378e-01 1.835022697695912939e+04
1.599858570014452974e-01 1.613601534799485671e+04
1.757510458761641914e-01 1.419009269637248144e+04
1.930697544488981787e-01 1.261421607550825320e+04
2.120950683230800604e-01 1.152876290023351066e+04
2.329951583321586417e-01 1.020625998281890861e+04
2.559547670553742882e-01 9.182742954810217270e+03
2.811768418164965477e-01 8.299322163411621659e+03
3.088843286001189403e-01 7.550149260310194222e+03
3.393221427425128778e-01 6.891514944522259611e+03
3.727593338166072523e-01 6.296333212766459837e+03
4.094914638472018087e-01 5.782012698503576758e+03
4.498432198782237879e-01 5.341843657519953922e+03
4.941712839853393824e-01 4.963907076403376777e+03
5.428674861028858212e-01 4.612820224585349024e+03
5.963622675339625978e-01 4.309073327922042154e+03
6.551284857587630350e-01 4.026960933286041836e+03
7.196855941730535555e-01 3.768525962859642277e+03
7.906042337028588163e-01 3.536622266118260541e+03
8.685112768820903995e-01 3.319128468402581802e+03
9.540953689793428838e-01 3.120266290786682021e+03
1.048113015153642191e+00 0.000000000000000000e+00
