1.048113066601954503e-02 3.744461492473497987e+06
1.151395323963562076e-02 0.000000000000000000e+00
1.264855132798976302e-02 1.353685115251180483e+06
1.389495400641860279e-02 1.297094186723922379e+06
1.526417862678452857e-02 1.126794757957327645e+06
1.676832820337198493e-02 0.000000000000000000e+00
1.842069839530119726e-02 1.086479346562913153e+06
2.023589503111089191e-02 8.952244009376375470e+05
2.222996321434766651e-02 9.530958229141435586e+05
2.442052915136719640e-02 3.567826839882624336e+05
2.682695595500901239e-02 3.508229572165798745e+05
2.947051480134291537e-02 4.044635949825484422e+05
3.237457295239669353e-02 3.213666254251577193e+05
3.556480030685772731e-02 2.978750684754221002e+05
3.906939630451649464e-02 2.072736530698482529e+05
4.291933919013282694e-02 1.728858348084174213e+05
4.714865984004791566e-02 1.502613811486978666e+05
5.179474257198286163e-02 1.549216250261377427e+05
5.689865559697841746e-02 1.445782238327428058e+05
6.250551403444545850e-02 1.297976818772778788e+05
6.866487869913283359e-02 1.382550378714372055e+05
7.543119418501802176e-02 1.197613049349109060e+05
8.286427011848424007e-02 9.378715756289502315e+04
9.102980983473445142e-02 7.928746460047952132e+04
9.999999115058272325e-02 6.434679254806185781e+04
1.098541043672585787e-01 5.826864892918817350e+04
1.206792531427361148e-01 5.305761562370439788e+04
1.325711244288214907e-01 5.017219855168565118e+04
1.456348342787200378e-01 4.356821580878397799e+04
1.599858570014452974e-01 3.857438131424559833e+04
1.757510458761641914e-01 3.449705811087667098e+04
1.930697544488981787e-01 3.065522191171112718e+04
2.120950683230800604e-01 2.823752043496392434e+04
2.329951583321586417e-01 2.569754076728136715e+04
2.559547670553742882e-01 2.379701348986024823e+04
2.811768418164965477e-01 2.150696524707475328e+04
3.088843286001189403e-01 1.960444526978088834e+04
3.393221427425128778e-01 1.805308754995733034e+04
3.727593338166072523e-01 1.670334855405072449e+04
4.094914638472018087e-01 1.549766205745917614e+04
4.498432198782237879e-01 1.447806346470834251e+04
4.941712839853393824e-01 1.348005654887019409e+04
5.428674861028858212e-01 1.253793786947696753e+04
5.963622675339625978e-01 1.169792379084972345e+04
6.551284857587630350e-01 1.081634523138386794e+04
7.196855941730535555e-01 1.000321381414627103e+04
7.906042337028588163e-01 9.250609050973616831e+03
8.685112768820903995e-01 8.489065244743189396e+03
9.540953689793428838e-01 7.737268011955932707e+03
1.048113015153642191e+00 0.000000000000000000e+00
