1.048113066601954503e-02 1.213258363061446144e+05
1.151395323963562076e-02 0.000000000000000000e+00
1.264855132798976302e-02 5.268834001957622822e+05
1.389495400641860279e-02 2.630520840336071560e+05
1.526417862678452857e-02 9.157841931319810101e+04
1.676832820337198493e-02 0.000000000000000000e+00
1.842069839530119726e-02 1.529351622040637303e+05
2.023589503111089191e-02 1.684787519607605354e+05
2.222996321434766651e-02 2.264310038384520740e+05
2.442052915136719640e-02 2.319164377177316928e+05
2.682695595500901239e-02 1.530156343881071662e+05
2.947051480134291537e-02 1.341803799883767497e+05
3.237457295239669353e-02 1.054505044294561085e+05
3.556480030685772731e-02 7.803610627085322631e+04
3.906939630451649464e-02 7.550697107614701963e+04
4.291933919013282694e-02 6.880236118944868213e+04
4.714865984004791566e-02 7.193130348731481354e+04
5.179474257198286163e-02 6.907575140504917363e+04
5.689865559697841746e-02 6.602236690289448597e+04
6.250551403444545850e-02 6.559696667427536158e+04
6.866487869913283359e-02 5.806585348735951993e+04
7.543119418501802176e-02 4.405751966116262338e+04
8.286427011848424007e-02 3.446017804866684310e+04
9.102980983473445142e-02 2.877777466207992256e+04
9.999999115058272325e-02 2.484617175086254429e+04
1.098541043672585787e-01 2.376230895798936399e+04
1.206792531427361148e-01 2.251817475361332617e+04
1.325711244288214907e-01 1.883065591625377419e+04
1.456348342787200378e-01 1.537067405144428267e+04
1.599858570014452974e-01 1.386255048371804151e+04
1.757510458761641914e-01 1.258900277665566682e+04
1.930697544488981787e-01 1.087412264133783901e+04
2.120950683230800604e-01 9.471539250862124391e+03
2.329951583321586417e-01 8.509412941744347336e+03
2.559547670553742882e-01 7.461291856944235406e+03
2.811768418164965477e-01 6.693672599633860955e+03
3.088843286001189403e-01 5.950017119716774687e+03
3.393221427425128778e-01 5.358397681924947392e+03
3.727593338166072523e-01 4.822976342709702294e+03
4.094914638472018087e-01 4.361199746216105268e+03
4.498432198782237879e-01 3.972513551363679653e+03
4.941712839853393824e-01 3.598999030828401374e+03
5.428674861028858212e-01 3.313459293182242618e+03
5.963622675339625978e-01 3.058252925655292529e+03
6.551284857587630350e-01 2.823136524476259183e+03
7.196855941730535555e-01 2.619839902885894844e+03
7.906042337028588163e-01 2.441065416259362792e+03
8.685112768820903995e-01 2.282268494084939448e+03
9.540953689793428838e-01 2.129450017729189767e+03
1.048113015153642191e+00 0.000000000000000000e+00
