1.048113066601954503e-02 8.274384902342484565e+04
1.151395323963562076e-02 0.000000000000000000e+00
1.264855132798976302e-02 1.358227145276866504e+05
1.389495400641860279e-02 4.813909254606071045e+04
1.526417862678452857e-02 7.404517419930465985e+04
1.676832820337198493e-02 0.000000000000000000e+00
1.842069839530119726e-02 7.195959783754099044e+04
2.023589503111089191e-02 8.390559962698940944e+04
2.222996321434766651e-02 6.797132445007927890e+04
2.442052915136719640e-02 8.687863502715188952e+04
2.682695595500901239e-02 9.421498176069839974e+04
2.947051480134291537e-02 7.328689907806720294e+04
3.237457295239669353e-02 7.107546400271687889e+04
3.556480030685772731e-02 7.204850391335797030e+04
3.906939630451649464e-02 7.180835569637113076e+04
4.291933919013282694e-02 7.026758829435391817e+04
4.714865984004791566e-02 6.757968629321132903e+04
5.179474257198286163e-02 5.765631385364487505e+04
5.689865559697841746e-02 5.501876526867115899e+04
6.250551403444545850e-02 5.583326560118146153e+04
6.866487869913283359e-02 5.293303818862379558e+04
7.543119418501802176e-02 4.854917279171314294e+04
8.286427011848424007e-02 4.272624008960530045e+04
9.102980983473445142e-02 4.097425093731947709e+04
9.999999115058272325e-02 3.699996552352575236e+04
1.098541043672585787e-01 3.206125378417422689e+04
1.206792531427361148e-01 2.951494650520576397e+04
1.325711244288214907e-01 2.778198830626484778e+04
1.456348342787200378e-01 2.536824255085481127e+04
1.599858570014452974e-01 2.268424085672579531e+04
1.757510458761641914e-01 2.087230535800570215e+04
1.930697544488981787e-01 1.895230236583624719e+04
2.120950683230800604e-01 1.753099961375725979e+04
2.329951583321586417e-01 1.606201073322756565e+04
2.559547670553742882e-01 1.495674063548155573e+04
2.811768418164965477e-01 1.372151204668854371e+04
3.088843286001189403e-01 1.286673865925211430e+04
3.393221427425128778e-01 1.202260293696200461e+04
3.727593338166072523e-01 1.125270470922744607e+04
4.094914638472018087e-01 1.062915142042011394e+04
4.498432198782237879e-01 1.000372149385017110e+04
4.941712839853393824e-01 9.516831573641055002e+03
5.428674861028858212e-01 9.033699303252233221e+03
5.963622675339625978e-01 8.597913075134121755e+03
6.551284857587630350e-01 8.193234410341323382e+03
7.196855941730535555e-01 7.790932803220372080e+03
7.906042337028588163e-01 7.442898443513161510e+03
8.685112768820903995e-01 7.079944091964798645e+03
9.540953689793428838e-01 6.738602760035614665e+03
1.048113015153642191e+00 0.000000000000000000e+00
