1.048113066601954503e-02 2.989804967468200484e+05
1.151395323963562076e-02 0.000000000000000000e+00
1.264855132798976302e-02 2.329845214069269714e+05
1.389495400641860279e-02 2.908151948363691918e+05
1.526417862678452857e-02 2.278300246732373489e+05
1.676832820337198493e-02 0.000000000000000000e+00
1.842069839530119726e-02 2.181442036736396258e+05
2.023589503111089191e-02 1.684568618808778119e+05
2.222996321434766651e-02 2.244584870310591941e+05
2.442052915136719640e-02 1.819265437982257863e+05
2.682695595500901239e-02 1.533269778462989198e+05
2.947051480134291537e-02 1.472123627429383341e+05
3.237457295239669353e-02 1.563352469744176487e+05
3.556480030685772731e-02 1.144315284247207019e+05
3.906939630451649464e-02 8.405936876754430705e+04
4.291933919013282694e-02 8.170966009323277103e+04
4.714865984004791566e-02 7.135077374164006324e+04
5.179474257198286163e-02 6.876092232076835353e+04
5.689865559697841746e-02 5.518292523834355234e+04
6.250551403444545850e-02 6.116006159553874022e+04
6.866487869913283359e-02 5.436610556444273971e+04
7.543119418501802176e-02 5.156006516700535576e+04
8.286427011848424007e-02 4.254287708412857319e+04
9.102980983473445142e-02 3.699727518584333302e+04
9.999999115058272325e-02 3.010971583774175815e+04
1.098541043672585787e-01 2.530445212828183867e+04
1.206792531427361148e-01 2.374814212529029464e+04
1.325711244288214907e-01 2.163626734021190350e+04
1.456348342787200378e-01 1.933716453372506658e+04
1.599858570014452974e-01 1.660527513833532430e+04
1.757510458761641914e-01 1.478598926915419725e+04
1.930697544488981787e-01 1.327218051906991786e+04
2.120950683230800604e-01 1.213719501473794662e+04
2.329951583321586417e-01 1.085193127153282148e+04
2.559547670553742882e-01 9.876930508533623652e+03
2.811768418164965477e-01 8.942842147607381776e+03
3.088843286001189403e-01 8.154306783893698594e+03
3.393221427425128778e-01 7.484039730850172418e+03
3.727593338166072523e-01 6.844061689759602814e+03
4.094914638472018087e-01 6.376918914471675635e+03
4.498432198782237879e-01 5.897724880684988420e+03
4.941712839853393824e-01 5.483585783927794182e+03
5.428674861028858212e-01 5.113571633865971307e+03
5.963622675339625978e-01 4.750693303856237435e+03
6.551284857587630350e-01 4.460900372219833116e+03
7.196855941730535555e-01 4.151484162369353726e+03
7.906042337028588163e-01 3.868772576450201086e+03
8.685112768820903995e-01 3.600178115013943170e+03
9.540953689793428838e-01 3.343381447523225688e+03
1.048113015153642191e+00 0.000000000000000000e+00
