1.048113066601954503e-02 6.688383923469944421e+03
1.151395323963562076e-02 0.000000000000000000e+00
1.264855132798976302e-02 1.536578020688911420e+04
1.389495400641860279e-02 2.246742530035731761e+04
1.526417862678452857e-02 2.154646047668290703e+04
1.676832820337198493e-02 0.000000000000000000e+00
1.842069839530119726e-02 2.972233621117713847e+04
2.023589503111089191e-02 1.965433710344063729e+04
2.222996321434766651e-02 2.371719721079697774e+04
2.442052915136719640e-02 2.535856361640018076e+04
2.682695595500901239e-02 1.936884221012842681e+04
2.947051480134291537e-02 2.244129165618314801e+04
3.237457295239669353e-02 2.387289789869261585e+04
3.556480030685772731e-02 2.240695375202078139e+04
3.906939630451649464e-02 1.952645155612673989e+04
4.291933919013282694e-02 1.845213695128638574e+04
4.714865984004791566e-02 1.820503228995268728e+04
5.179474257198286163e-02 1.827401248033246156e+04
5.689865559697841746e-02 1.481312042057890358e+04
6.250551403444545850e-02 1.535565240878418808e+04
6.866487869913283359e-02 1.506901057064106499e+04
7.543119418501802176e-02 1.458677465668289915e+04
8.286427011848424007e-02 1.380509514426635360e+04
9.102980983473445142e-02 1.226939894650360657e+04
9.999999115058272325e-02 1.094939743357184125e+04
1.098541043672585787e-01 1.027010197068152593e+04
1.206792531427361148e-01 9.094154544176373747e+03
1.325711244288214907e-01 8.459735311780084885e+03
1.456348342787200378e-01 7.839072380474379315e+03
1.599858570014452974e-01 6.978252581773058409e+03
1.757510458761641914e-01 6.283229556258425873e+03
1.930697544488981787e-01 5.638608733509425292e+03
2.120950683230800604e-01 5.207334738267494686e+03
2.329951583321586417e-01 4.733203293200125700e+03
2.559547670553742882e-01 4.246856203957596335e+03
2.811768418164965477e-01 3.899256867675738249e+03
3.088843286001189403e-01 3.546066642317584410e+03
3.393221427425128778e-01 3.259168916822535266e+03
3.727593338166072523e-01 2.983637794827720427e+03
4.094914638472018087e-01 2.771642595051071112e+03
4.498432198782237879e-01 2.575472568083053829e+03
4.941712839853393824e-01 2.399518630544996995e+03
5.428674861028858212e-01 2.236713891195080123e+03
5.963622675339625978e-01 2.096983765705811493e+03
6.551284857587630350e-01 1.969656929113045635e+03
7.196855941730535555e-01 1.857271054986141735e+03
7.906042337028588163e-01 1.752596130312352443e+03
8.685112768820903995e-01 1.654176401289753358e+03
9.540953689793428838e-01 1.566744832679204592e+03
1.048113015153642191e+00 0.000000000000000000e+00
