1.048113066601954503e-02 2.222437800444903842e+05
1.151395323963562076e-02 0.000000000000000000e+00
1.264855132798976302e-02 6.213425831957021001e+04
1.389495400641860279e-02 8.324227790012522019e+04
1.526417862678452857e-02 1.357914229990098975e+05
1.676832820337198493e-02 0.000000000000000000e+00
1.842069839530119726e-02 1.280991359440315864e+05
2.023589503111089191e-02 1.524558052154166216e+05
2.222996321434766651e-02 1.306249585425720579e+05
2.442052915136719640e-02 1.587972597222112236e+05
2.682695595500901239e-02 1.288443384755110892e+05
2.947051480134291537e-02 1.080037324079349637e+05
3.237457295239669353e-02 8.582289598984635086e+04
3.556480030685772731e-02 7.695899190814566100e+04
3.906939630451649464e-02 7.485919264164952619e+04
4.291933919013282694e-02 6.815379097237005772e+04
4.714865984004791566e-02 6.604046257686757599e+04
5.179474257198286163e-02 6.524982605195196811e+04
5.689865559697841746e-02 5.820168391602463817e+04
6.250551403444545850e-02 5.645959197493760439e+04
6.866487869913283359e-02 5.225035532549902564e+04
7.543119418501802176e-02 4.498206823017171700e+04
8.286427011848424007e-02 3.986176947146999737e+04
9.102980983473445142e-02 3.669051443462291354e+04
9.999999115058272325e-02 3.173104558446421288e+04
1.098541043672585787e-01 2.749417659142208868e+04
1.206792531427361148e-01 2.705186288408932523e+04
1.325711244288214907e-01 2.310441662138720494e+04
1.456348342787200378e-01 2.048831553933400573e+04
1.599858570014452974e-01 1.793970138452281390e+04
1.757510458761641914e-01 1.623350754407701061e+04
1.930697544488981787e-01 1.475854323670952726e+04
2.120950683230800604e-01 1.321569413093939511e+04
2.329951583321586417e-01 1.176797618208006315e+04
2.559547670553742882e-01 1.068847359051056446e+04
2.811768418164965477e-01 9.754207236486970942e+03
3.088843286001189403e-01 8.842215635024529547e+03
3.393221427425128778e-01 8.055305437505471673e+03
3.727593338166072523e-01 7.411387154745521912e+03
4.094914638472018087e-01 6.813932697573323821e+03
4.498432198782237879e-01 6.313513780818325358e+03
4.941712839853393824e-01 5.865712649625535050e+03
5.428674861028858212e-01 5.460703278240449436e+03
5.963622675339625978e-01 5.105399836432530719e+03
6.551284857587630350e-01 4.789527475543499349e+03
7.196855941730535555e-01 4.491179421345113951e+03
7.906042337028588163e-01 4.230697037114863633e+03
8.685112768820903995e-01 3.981465806139786764e+03
9.540953689793428838e-01 3.751756634092762397e+03
1.048113015153642191e+00 0.000000000000000000e+00
