1.048113066601954503e-02 7.266597977837231883e+04
1.151395323963562076e-02 0.000000000000000000e+00
1.264855132798976302e-02 1.357127527202797646e+05
1.389495400641860279e-02 8.553660850310121896e+04
1.526417862678452857e-02 1.085239624158125807e+05
1.676832820337198493e-02 0.000000000000000000e+00
1.842069839530119726e-02 9.764765483648667578e+04
2.023589503111089191e-02 9.145029099814135407e+04
2.222996321434766651e-02 9.375657916878577089e+04
2.442052915136719640e-02 7.369434926865856687e+04
2.682695595500901239e-02 7.860973743617311993e+04
2.947051480134291537e-02 8.161277873224717041e+04
3.237457295239669353e-02 6.182173791529335722e+04
3.556480030685772731e-02 6.670203370916142012e+04
3.906939630451649464e-02 5.688779555659076868e+04
4.291933919013282694e-02 5.548600754726734885e+04
4.714865984004791566e-02 5.331900257749472075e+04
5.179474257198286163e-02 4.490217216619736428e+04
5.689865559697841746e-02 4.241886580750896246e+04
6.250551403444545850e-02 3.717240026706391654e+04
6.866487869913283359e-02 3.471822931855526986e+04
7.543119418501802176e-02 3.135860882070318985e+04
8.286427011848424007e-02 2.700833181907757171e+04
9.102980983473445142e-02 2.302658948491993579e+04
9.999999115058272325e-02 1.967889266784876600e+04
1.098541043672585787e-01 1.790964183933391178e+04
1.206792531427361148e-01 1.566954506497447983e+04
1.325711244288214907e-01 1.472701561914037302e+04
1.456348342787200378e-01 1.293471166814692151e+04
1.599858570014452974e-01 1.116128923197138647e+04
1.757510458761641914e-01 1.016184333416496884e+04
1.930697544488981787e-01 9.097286305922869360e+03
2.120950683230800604e-01 8.118456129377071193e+03
2.329951583321586417e-01 7.330301860770846361e+03
2.559547670553742882e-01 6.743594337809637182e+03
2.811768418164965477e-01 6.098182055614570345e+03
3.088843286001189403e-01 5.548943289482478576e+03
3.393221427425128778e-01 5.110256082139779210e+03
3.727593338166072523e-01 4.714977001284940343e+03
4.094914638472018087e-01 4.370565539160659682e+03
4.498432198782237879e-01 4.043571311575212349e+03
4.941712839853393824e-01 3.755352707229843418e+03
5.428674861028858212e-01 3.496367635920126759e+03
5.963622675339625978e-01 3.266600191828350034e+03
6.551284857587630350e-01 3.044314745992960525e+03
7.196855941730535555e-01 2.832812356888326121e+03
7.906042337028588163e-01 2.640042762225907609e+03
8.685112768820903995e-01 2.451189036156238672e+03
9.540953689793428838e-01 2.273926020561888436e+03
1.048113015153642191e+00 0.000000000000000000e+00
