1.048113066601954503e-02 9.044641240243471111e+04
1.151395323963562076e-02 0.000000000000000000e+00
1.264855132798976302e-02 1.060927850542026717e+05
1.389495400641860279e-02 2.381016289869981701e+05
1.526417862678452857e-02 1.659094234838718548e+05
1.676832820337198493e-02 0.000000000000000000e+00
1.842069839530119726e-02 1.616548762690336443e+05
2.023589503111089191e-02 2.118598968677620578e+05
2.222996321434766651e-02 2.123576325457625790e+05
2.442052915136719640e-02 2.215422712590695883e+05
2.682695595500901239e-02 1.279436041993986437e+05
2.947051480134291537e-02 1.324041835962297628e+05
3.237457295239669353e-02 1.274858379611695127e+05
3.556480030685772731e-02 8.978218280123118893e+04
3.906939630451649464e-02 8.467285435617167968e+04
4.291933919013282694e-02 7.333870148435144802e+04
4.714865984004791566e-02 7.455550319741087151e+04
5.179474257198286163e-02 7.397945948682336893e+04
5.689865559697841746e-02 6.257702738579335710e+04
6.250551403444545850e-02 6.197334128077719652e+04
6.866487869913283359e-02 5.754234813100007887e+04
7.543119418501802176e-02 5.036032667682431929e+04
8.286427011848424007e-02 4.155090654150157934e+04
9.102980983473445142e-02 3.691101898152766807e+04
9.999999115058272325e-02 3.185566291768373048e+04
1.098541043672585787e-01 2.889429755746444425e+04
1.206792531427361148e-01 2.774715361294319155e+04
1.325711244288214907e-01 2.396009051116193223e+04
1.456348342787200378e-01 2.147045943829514727e+04
1.599858570014452974e-01 1.922619397430089157e+04
1.757510458761641914e-01 1.719110714065740467e+04
1.930697544488981787e-01 1.575370596870365989e+04
2.120950683230800604e-01 1.420881051836376537e+04
2.329951583321586417e-01 1.296349843054190023e+04
2.559547670553742882e-01 1.191118903652402150e+04
2.811768418164965477e-01 1.096728714397684598e+04
3.088843286001189403e-01 1.007896013682153898e+04
3.393221427425128778e-01 9.392487260060990593e+03
3.727593338166072523e-01 8.669082791756343795e+03
4.094914638472018087e-01 8.080353883685058463e+03
4.498432198782237879e-01 7.576036358743495839e+03
4.941712839853393824e-01 7.121920009714671323e+03
5.428674861028858212e-01 6.718091796298724148e+03
5.963622675339625978e-01 6.312359579022015168e+03
6.551284857587630350e-01 5.961238831509060219e+03
7.196855941730535555e-01 5.603352603409764924e+03
7.906042337028588163e-01 5.259566669566042037e+03
8.685112768820903995e-01 4.938106036274195503e+03
9.540953689793428838e-01 4.626274522943851480e+03
1.048113015153642191e+00 0.000000000000000000e+00
