1.048113066601954503e-02 1.094181456758173008e+05
1.151395323963562076e-02 0.000000000000000000e+00
1.264855132798976302e-02 2.034448152030668571e+05
1.389495400641860279e-02 1.284298450279405515e+05
1.526417862678452857e-02 1.631805461495704367e+05
1.676832820337198493e-02 0.000000000000000000e+00
1.842069839530119726e-02 1.469746940923063958e+05
2.023589503111089191e-02 1.372256627364442975e+05
2.222996321434766651e-02 1.407109267280688800e+05
2.442052915136719640e-02 1.108369360827747296e+05
2.682695595500901239e-02 1.180121764464026201e+05
2.947051480134291537e-02 1.229296075164666399e+05
3.237457295239669353e-02 9.304138103552545363e+04
3.556480030685772731e-02 1.004682330069622549e+05
3.906939630451649464e-02 8.570028735137633339e+04
4.291933919013282694e-02 8.364240437400563678e+04
4.714865984004791566e-02 8.049793011491258221e+04
5.179474257198286163e-02 6.785724912228541507e+04
5.689865559697841746e-02 6.412727879636394209e+04
6.250551403444545850e-02 5.639229521173983085e+04
6.866487869913283359e-02 5.270946250137686729e+04
7.543119418501802176e-02 4.774419699448994652e+04
8.286427011848424007e-02 4.121865885856898240e+04
9.102980983473445142e-02 3.522760610908680246e+04
9.999999115058272325e-02 3.022290208302939936e+04
1.098541043672585787e-01 2.760475853036812623e+04
1.206792531427361148e-01 2.422876035779466474e+04
1.325711244288214907e-01 2.285191524856250908e+04
1.456348342787200378e-01 2.016501597716679680e+04
1.599858570014452974e-01 1.747570905568515445e+04
1.757510458761641914e-01 1.597729516265928396e+04
1.930697544488981787e-01 1.438062216791507853e+04
2.120950683230800604e-01 1.289258468648867165e+04
2.329951583321586417e-01 1.170152791888722095e+04
2.559547670553742882e-01 1.082393118662415145e+04
2.811768418164965477e-01 9.836103875893668373e+03
3.088843286001189403e-01 8.998245329551371469e+03
3.393221427425128778e-01 8.330077357909716739e+03
3.727593338166072523e-01 7.729081403103406046e+03
4.094914638472018087e-01 7.204203461518946824e+03
4.498432198782237879e-01 6.700218891740400068e+03
4.941712839853393824e-01 6.257625856537082655e+03
5.428674861028858212e-01 5.857603241480992438e+03
5.963622675339625978e-01 5.502248180779869472e+03
6.551284857587630350e-01 5.156393522960112932e+03
7.196855941730535555e-01 4.824255746457800342e+03
7.906042337028588163e-01 4.521473003103471456e+03
8.685112768820903995e-01 4.222278187317459015e+03
9.540953689793428838e-01 3.939808618708797894e+03
1.048113015153642191e+00 0.000000000000000000e+00
