1.048113066601954503e-02 6.511246488511287316e+04
1.151395323963562076e-02 0.000000000000000000e+00
1.264855132798976302e-02 7.618966586181028106e+04
1.389495400641860279e-02 9.022932353655996849e+04
1.526417862678452857e-02 1.669908757585266139e+05
1.676832820337198493e-02 0.000000000000000000e+00
1.842069839530119726e-02 6.183774929657232133e+04
2.023589503111089191e-02 8.669961929686245276e+04
2.222996321434766651e-02 1.006099254318068852e+05
2.442052915136719640e-02 9.207607208020274993e+04
2.682695595500901239e-02 6.741368148039074731e+04
2.947051480134291537e-02 8.038316080928058363e+04
3.237457295239669353e-02 4.983125623050049762e+04
3.556480030685772731e-02 5.048704050583827484e+04
3.906939630451649464e-02 3.438749552665128431e+04
4.291933919013282694e-02 4.627374311825151381e+04
4.714865984004791566e-02 4.402777862906757218e+04
5.179474257198286163e-02 4.033966787345128250e+04
5.689865559697841746e-02 3.614709165464749094e+04
6.250551403444545850e-02 3.173974983292283287e+04
6.866487869913283359e-02 2.600648539517352037e+04
7.543119418501802176e-02 2.156391462367361237e+04
8.286427011848424007e-02 1.783514930277890380e+04
9.102980983473445142e-02 1.645926696411099692e+04
9.999999115058272325e-02 1.488704385008865029e+04
1.098541043672585787e-01 1.286157602849439536e+04
1.206792531427361148e-01 1.079491970829404272e+04
1.325711244288214907e-01 9.451622473274161166e+03
1.456348342787200378e-01 8.402407504323466128e+03
1.599858570014452974e-01 7.360799401763886635e+03
1.757510458761641914e-01 6.316521175082874834e+03
1.930697544488981787e-01 5.586797915017936248e+03
2.120950683230800604e-01 4.930431066805478622e+03
2.329951583321586417e-01 4.375898515669220615e+03
2.559547670553742882e-01 3.847648026626091905e+03
2.811768418164965477e-01 3.428398666045042773e+03
3.088843286001189403e-01 3.086381199582381214e+03
3.393221427425128778e-01 2.782858841344469056e+03
3.727593338166072523e-01 2.487419883192619182e+03
4.094914638472018087e-01 2.258429884507340830e+03
4.498432198782237879e-01 2.062050708518811007e+03
4.941712839853393824e-01 1.894762571138693602e+03
5.428674861028858212e-01 1.729002278748207118e+03
5.963622675339625978e-01 1.599758360285883100e+03
6.551284857587630350e-01 1.471607638206146476e+03
7.196855941730535555e-01 1.359653362912699322e+03
7.906042337028588163e-01 1.256777657676541367e+03
8.685112768820903995e-01 1.166874695115163149e+03
9.540953689793428838e-01 1.083370604214793275e+03
1.048113015153642191e+00 0.000000000000000000e+00
