1.048113066601954503e-02 7.873311735540443624e+04
1.151395323963562076e-02 0.000000000000000000e+00
1.264855132798976302e-02 5.494054026799539861e+04
1.389495400641860279e-02 4.415137621921221580e+04
1.526417862678452857e-02 6.835823302953978418e+04
1.676832820337198493e-02 0.000000000000000000e+00
1.842069839530119726e-02 5.088796856676992320e+04
2.023589503111089191e-02 6.075966655310237547e+04
2.222996321434766651e-02 3.492171569165974506e+04
2.442052915136719640e-02 6.081904560261746519e+04
2.682695595500901239e-02 5.312738102983288991e+04
2.947051480134291537e-02 4.703148928157404589e+04
3.237457295239669353e-02 4.142133768582124321e+04
3.556480030685772731e-02 3.559840693501639907e+04
3.906939630451649464e-02 4.592610465775166085e+04
4.291933919013282694e-02 3.424862973720864102e+04
4.714865984004791566e-02 3.567842852400372794e+04
5.179474257198286163e-02 3.118722414686761476e+04
5.689865559697841746e-02 3.023816515674098264e+04
6.250551403444545850e-02 2.719257231727875478e+04
6.866487869913283359e-02 2.618878430836902044e+04
7.543119418501802176e-02 2.370144370198512843e+04
8.286427011848424007e-02 1.990469243623852526e+04
9.102980983473445142e-02 1.749702082966771923e+04
9.999999115058272325e-02 1.597457396600489665e+04
1.098541043672585787e-01 1.470313136901138932e+04
1.206792531427361148e-01 1.376807842018877272e+04
1.325711244288214907e-01 1.148719595238088368e+04
1.456348342787200378e-01 1.045761470103640022e+04
1.599858570014452974e-01 9.220423568642028840e+03
1.757510458761641914e-01 8.353066788552594517e+03
1.930697544488981787e-01 7.503482590405234987e+03
2.120950683230800604e-01 6.692322987800669580e+03
2.329951583321586417e-01 5.991468374297482114e+03
2.559547670553742882e-01 5.460023518134839833e+03
2.811768418164965477e-01 4.926752883373988880e+03
3.088843286001189403e-01 4.477249493986850212e+03
3.393221427425128778e-01 4.108268207590929705e+03
3.727593338166072523e-01 3.769166799313545198e+03
4.094914638472018087e-01 3.478405235433137477e+03
4.498432198782237879e-01 3.216915977251200729e+03
4.941712839853393824e-01 2.976777818276348626e+03
5.428674861028858212e-01 2.767718870891320876e+03
5.963622675339625978e-01 2.585791525971594638e+03
6.551284857587630350e-01 2.421735513866204201e+03
7.196855941730535555e-01 2.268602053634524054e+03
7.906042337028588163e-01 2.130820903584402004e+03
8.685112768820903995e-01 2.003107827466048320e+03
9.540953689793428838e-01 1.888622545509046631e+03
1.048113015153642191e+00 0.000000000000000000e+00
