1.048113066601954503e-02 8.162245532742162468e+05
1.151395323963562076e-02 0.000000000000000000e+00
1.264855132798976302e-02 7.162247862164906692e+05
1.389495400641860279e-02 5.056350255524793174e+05
1.526417862678452857e-02 3.504622895205726381e+05
1.676832820337198493e-02 0.000000000000000000e+00
1.842069839530119726e-02 5.795627811553374631e+05
2.023589503111089191e-02 3.239366869223965332e+05
2.222996321434766651e-02 3.735584657718485687e+05
2.442052915136719640e-02 2.852018465038658469e+05
2.682695595500901239e-02 3.034402100698701106e+05
2.947051480134291537e-02 2.520112779346417519e+05
3.237457295239669353e-02 2.213818779451804585e+05
3.556480030685772731e-02 1.774753725110776722e+05
3.906939630451649464e-02 1.857081398509004503e+05
4.291933919013282694e-02 1.403679191853936354e+05
4.714865984004791566e-02 1.537133744313343195e+05
5.179474257198286163e-02 1.425894059577088046e+05
5.689865559697841746e-02 1.306080144314816862e+05
6.250551403444545850e-02 1.223367104328721762e+05
6.866487869913283359e-02 1.000896504783577111e+05
7.543119418501802176e-02 8.139120145689662604e+04
8.286427011848424007e-02 7.248708826629744726e+04
9.102980983473445142e-02 6.285652355939061090e+04
9.999999115058272325e-02 6.261439706739870599e+04
1.098541043672585787e-01 5.498045632738238055e+04
1.206792531427361148e-01 4.743495702108831028e+04
1.325711244288214907e-01 4.155217780445023527e+04
1.456348342787200378e-01 3.737912326339575520e+04
1.599858570014452974e-01 3.458807603481182014e+04
1.757510458761641914e-01 3.081294982104010705e+04
1.930697544488981787e-01 2.776466196931075683e+04
2.120950683230800604e-01 2.534273494812228455e+04
2.329951583321586417e-01 2.288863566516822902e+04
2.559547670553742882e-01 2.109272135894836902e+04
2.811768418164965477e-01 1.940161069799375036e+04
3.088843286001189403e-01 1.790572071312492699e+04
3.393221427425128778e-01 1.665420750293883248e+04
3.727593338166072523e-01 1.539436443546294322e+04
4.094914638472018087e-01 1.449704073309573505e+04
4.498432198782237879e-01 1.362011375304262947e+04
4.941712839853393824e-01 1.278383230919140806e+04
5.428674861028858212e-01 1.202948001565345839e+04
5.963622675339625978e-01 1.136148053548827011e+04
6.551284857587630350e-01 1.070700940673054902e+04
7.196855941730535555e-01 1.010039773217959737e+04
7.906042337028588163e-01 9.503925227272349730e+03
8.685112768820903995e-01 8.924838336753331532e+03
9.540953689793428838e-01 8.394946981183835305e+03
1.048113015153642191e+00 0.000000000000000000e+00
