1.048113066601954503e-02 6.000458148553934006e+04
1.151395323963562076e-02 0.000000000000000000e+00
1.264855132798976302e-02 9.851499657875874254e+04
1.389495400641860279e-02 3.489610358595749130e+04
1.526417862678452857e-02 5.369969796695710829e+04
1.676832820337198493e-02 0.000000000000000000e+00
1.842069839530119726e-02 5.220228384649130749e+04
2.023589503111089191e-02 6.084735657065489795e+04
2.222996321434766651e-02 4.926075363496881619e+04
2.442052915136719640e-02 6.299667473424715718e+04
2.682695595500901239e-02 6.829233835541053850e+04
2.947051480134291537e-02 5.308052528828025243e+04
3.237457295239669353e-02 5.150080962571690907e+04
3.556480030685772731e-02 5.219879344688551646e+04
3.906939630451649464e-02 5.202333308964790194e+04
4.291933919013282694e-02 5.087943007215700345e+04
4.714865984004791566e-02 4.892587434200202551e+04
5.179474257198286163e-02 4.172701213992397243e+04
5.689865559697841746e-02 3.978293340847890067e+04
6.250551403444545850e-02 4.030935233224261901e+04
6.866487869913283359e-02 3.820249829303850129e+04
7.543119418501802176e-02 3.501100520635780413e+04
8.286427011848424007e-02 3.078938082750308968e+04
9.102980983473445142e-02 2.948025084999254614e+04
9.999999115058272325e-02 2.656147225988308855e+04
1.098541043672585787e-01 2.297387284801378337e+04
1.206792531427361148e-01 2.111483389545714090e+04
1.325711244288214907e-01 1.983023364998812394e+04
1.456348342787200378e-01 1.806604845300711168e+04
1.599858570014452974e-01 1.611399546616162843e+04
1.757510458761641914e-01 1.478187697191986626e+04
1.930697544488981787e-01 1.338787779307971505e+04
2.120950683230800604e-01 1.234922372606365570e+04
2.329951583321586417e-01 1.127590516313465196e+04
2.559547670553742882e-01 1.046347355391981910e+04
2.811768418164965477e-01 9.567627456880902173e+03
3.088843286001189403e-01 8.942752713419031352e+03
3.393221427425128778e-01 8.326673688119695726e+03
3.727593338166072523e-01 7.767735041167406962e+03
4.094914638472018087e-01 7.311551824166092956e+03
4.498432198782237879e-01 6.858436974696171092e+03
4.941712839853393824e-01 6.502571146162767036e+03
5.428674861028858212e-01 6.152122560785607675e+03
5.963622675339625978e-01 5.835047453957427933e+03
6.551284857587630350e-01 5.542295188419010628e+03
7.196855941730535555e-01 5.252442770664113596e+03
7.906042337028588163e-01 5.000575511743519201e+03
8.685112768820903995e-01 4.740026818486654520e+03
9.540953689793428838e-01 4.495502249879386000e+03
1.048113015153642191e+00 0.000000000000000000e+00
