1.048113066601954503e-02 2.784034877080409206e+04
1.151395323963562076e-02 0.000000000000000000e+00
1.264855132798976302e-02 2.915414521319769847e+04
1.389495400641860279e-02 5.749891584081674955e+04
1.526417862678452857e-02 5.006804870756322634e+04
1.676832820337198493e-02 0.000000000000000000e+00
1.842069839530119726e-02 4.199226898301337496e+04
2.023589503111089191e-02 5.056821717589749460e+04
2.222996321434766651e-02 5.776552630840615893e+04
2.442052915136719640e-02 4.572738931481143663e+04
2.682695595500901239e-02 4.645122480061974784e+04
2.947051480134291537e-02 4.831951901491438912e+04
3.237457295239669353e-02 4.726013712995804963e+04
3.556480030685772731e-02 4.488886109851639048e+04
3.906939630451649464e-02 5.105818569648302218e+04
4.291933919013282694e-02 4.112212704887511063e+04
4.714865984004791566e-02 4.088133410724809073e+04
5.179474257198286163e-02 4.445148418887031585e+04
5.689865559697841746e-02 3.707120786314176803e+04
6.250551403444545850e-02 3.195444033480203871e+04
6.866487869913283359e-02 3.497961109226460394e+04
7.543119418501802176e-02 2.851954843801945390e+04
8.286427011848424007e-02 2.871250377001720335e+04
9.102980983473445142e-02 2.579546982173169454e+04
9.999999115058272325e-02 2.439367749471216666e+04
1.098541043672585787e-01 2.151805920845925721e+04
1.206792531427361148e-01 1.932301056282870923e+04
1.325711244288214907e-01 1.786710743358151376e+04
1.456348342787200378e-01 1.643378993205457664e+04
1.599858570014452974e-01 1.475649718005343675e+04
1.757510458761641914e-01 1.324199858717841380e+04
1.930697544488981787e-01 1.169057291451309902e+04
2.120950683230800604e-01 1.086474952841353661e+04
2.329951583321586417e-01 9.826694073837059477e+03
2.559547670553742882e-01 8.975659152579100919e+03
2.811768418164965477e-01 8.272494217433209997e+03
3.088843286001189403e-01 7.554551795319845951e+03
3.393221427425128778e-01 6.987601704625822094e+03
3.727593338166072523e-01 6.476657871858770704e+03
4.094914638472018087e-01 6.028519135762128826e+03
4.498432198782237879e-01 5.626008857825391715e+03
4.941712839853393824e-01 5.280533904375939528e+03
5.428674861028858212e-01 4.968833694429747993e+03
5.963622675339625978e-01 4.686080408224390339e+03
6.551284857587630350e-01 4.423927376239184923e+03
7.196855941730535555e-01 4.186405105089138488e+03
7.906042337028588163e-01 3.962302205213801244e+03
8.685112768820903995e-01 3.762391421907262156e+03
9.540953689793428838e-01 3.574028745815613547e+03
1.048113015153642191e+00 0.000000000000000000e+00
