1.048113066601954503e-02 2.866912197006594215e+04
1.151395323963562076e-02 0.000000000000000000e+00
1.264855132798976302e-02 2.485864429657458822e+04
1.389495400641860279e-02 3.535262337671767455e+04
1.526417862678452857e-02 4.932458287688796554e+04
1.676832820337198493e-02 0.000000000000000000e+00
1.842069839530119726e-02 4.126830455997475656e+04
2.023589503111089191e-02 3.159072661191429506e+04
2.222996321434766651e-02 5.054036324255530053e+04
2.442052915136719640e-02 5.097196612049695250e+04
2.682695595500901239e-02 4.277438636601646431e+04
2.947051480134291537e-02 5.647811610809453850e+04
3.237457295239669353e-02 4.157729354916687589e+04
3.556480030685772731e-02 4.003815516512823524e+04
3.906939630451649464e-02 3.274839686038612490e+04
4.291933919013282694e-02 3.767012944360593974e+04
4.714865984004791566e-02 3.402503238044168393e+04
5.179474257198286163e-02 3.188843921332558239e+04
5.689865559697841746e-02 3.070725531346765638e+04
6.250551403444545850e-02 2.965575932881073095e+04
6.866487869913283359e-02 2.814167412366803910e+04
7.543119418501802176e-02 2.547986504942703323e+04
8.286427011848424007e-02 2.542206422569053393e+04
9.102980983473445142e-02 2.226831526788949122e+04
9.999999115058272325e-02 1.925716605887582409e+04
1.098541043672585787e-01 1.808920039421923502e+04
1.206792531427361148e-01 1.616318445414146845e+04
1.325711244288214907e-01 1.511600818173832522e+04
1.456348342787200378e-01 1.357243855161346801e+04
1.599858570014452974e-01 1.208435155178731657e+04
1.757510458761641914e-01 1.107220559958429294e+04
1.930697544488981787e-01 1.020659910144194146e+04
2.120950683230800604e-01 9.198544742884783773e+03
2.329951583321586417e-01 8.300054036214789448e+03
2.559547670553742882e-01 7.651049423831071181e+03
2.811768418164965477e-01 6.977486430412038317e+03
3.088843286001189403e-01 6.368970539117080989e+03
3.393221427425128778e-01 5.937576687172912898e+03
3.727593338166072523e-01 5.489593724370974087e+03
4.094914638472018087e-01 5.111762139219198616e+03
4.498432198782237879e-01 4.767810968473143475e+03
4.941712839853393824e-01 4.471499301987527360e+03
5.428674861028858212e-01 4.203669095787290644e+03
5.963622675339625978e-01 3.967692771986820389e+03
6.551284857587630350e-01 3.766485419720395385e+03
7.196855941730535555e-01 3.561663068094421305e+03
7.906042337028588163e-01 3.378901415192181958e+03
8.685112768820903995e-01 3.215604619860340790e+03
9.540953689793428838e-01 3.055651340660194819e+03
1.048113015153642191e+00 0.000000000000000000e+00
