1.048113066601954503e-02 1.538682379159167758e+05
1.151395323963562076e-02 0.000000000000000000e+00
1.264855132798976302e-02 4.877193185255660792e+05
1.389495400641860279e-02 2.777481040545373689e+05
1.526417862678452857e-02 2.199129715146351664e+05
1.676832820337198493e-02 0.000000000000000000e+00
1.842069839530119726e-02 2.276860154155256168e+05
2.023589503111089191e-02 2.314555047785245697e+05
2.222996321434766651e-02 1.637587138245483802e+05
2.442052915136719640e-02 1.446626761707731348e+05
2.682695595500901239e-02 1.051296997163908964e+05
2.947051480134291537e-02 9.876261989222843840e+04
3.237457295239669353e-02 7.136607071966765216e+04
3.556480030685772731e-02 7.363472097171774658e+04
3.906939630451649464e-02 5.528789982877095463e+04
4.291933919013282694e-02 4.370139632068585342e+04
4.714865984004791566e-02 3.752164754359572544e+04
5.179474257198286163e-02 3.576825908889854327e+04
5.689865559697841746e-02 3.584891176112098037e+04
6.250551403444545850e-02 3.136563685022973004e+04
6.866487869913283359e-02 2.890320496857005492e+04
7.543119418501802176e-02 2.296372841949394206e+04
8.286427011848424007e-02 1.772336081664358062e+04
9.102980983473445142e-02 1.437956463213280585e+04
9.999999115058272325e-02 1.247110448440613800e+04
1.098541043672585787e-01 1.117296037717692889e+04
1.206792531427361148e-01 1.052493738499251958e+04
1.325711244288214907e-01 8.800095176550144970e+03
1.456348342787200378e-01 7.458950325497439735e+03
1.599858570014452974e-01 6.294101855307660117e+03
1.757510458761641914e-01 5.501662287999558430e+03
1.930697544488981787e-01 4.864116634538956532e+03
2.120950683230800604e-01 4.238311208669498228e+03
2.329951583321586417e-01 3.699469110612904842e+03
2.559547670553742882e-01 3.253505929088485573e+03
2.811768418164965477e-01 2.883655462409499250e+03
3.088843286001189403e-01 2.566240586600375991e+03
3.393221427425128778e-01 2.271650178405172483e+03
3.727593338166072523e-01 2.029113330889585541e+03
4.094914638472018087e-01 1.822661409531422578e+03
4.498432198782237879e-01 1.646466897418988538e+03
4.941712839853393824e-01 1.493636251057783056e+03
5.428674861028858212e-01 1.354734733844093853e+03
5.963622675339625978e-01 1.236885263405341220e+03
6.551284857587630350e-01 1.127880617634547434e+03
7.196855941730535555e-01 1.031104749063880718e+03
7.906042337028588163e-01 9.439623240412173573e+02
8.685112768820903995e-01 8.700954588176002744e+02
9.540953689793428838e-01 8.006776037636424235e+02
1.048113015153642191e+00 0.000000000000000000e+00
