1.048113066601954503e-02 1.720524104145958845e+05
1.151395323963562076e-02 0.000000000000000000e+00
1.264855132798976302e-02 2.146958067612350569e+05
1.389495400641860279e-02 2.815284352501337416e+05
1.526417862678452857e-02 2.425474543117452995e+05
1.676832820337198493e-02 0.000000000000000000e+00
1.842069839530119726e-02 2.475835927258693264e+05
2.023589503111089191e-02 1.771729425462062645e+05
2.222996321434766651e-02 1.890292120902427996e+05
2.442052915136719640e-02 1.227354061680648883e+05
2.682695595500901239e-02 1.437701755962787429e+05
2.947051480134291537e-02 1.553506740066123311e+05
3.237457295239669353e-02 1.078657519570570730e+05
3.556480030685772731e-02 7.399181616430969734e+04
3.906939630451649464e-02 7.742261004358348146e+04
4.291933919013282694e-02 7.330707677230735135e+04
4.714865984004791566e-02 6.192251976307600853e+04
5.179474257198286163e-02 5.364205936228761129e+04
5.689865559697841746e-02 5.587398005291319714e+04
6.250551403444545850e-02 5.068202203523037315e+04
6.866487869913283359e-02 4.718683715887129802e+04
7.543119418501802176e-02 3.699055248674684844e+04
8.286427011848424007e-02 2.973863182955023876e+04
9.102980983473445142e-02 2.468420078955178906e+04
9.999999115058272325e-02 2.192683032093783913e+04
1.098541043672585787e-01 1.908589575678727124e+04
1.206792531427361148e-01 1.797407374681931833e+04
1.325711244288214907e-01 1.593542979729825311e+04
1.456348342787200378e-01 1.331021337742419564e+04
1.599858570014452974e-01 1.153478870769992500e+04
1.757510458761641914e-01 1.040093171531887310e+04
1.930697544488981787e-01 9.281963527210769826e+03
2.120950683230800604e-01 8.139744633493388392e+03
2.329951583321586417e-01 7.279342970192565190e+03
2.559547670553742882e-01 6.572783359286308951e+03
2.811768418164965477e-01 5.832461382401877927e+03
3.088843286001189403e-01 5.242043605398888758e+03
3.393221427425128778e-01 4.781906256191150533e+03
3.727593338166072523e-01 4.366537653814519217e+03
4.094914638472018087e-01 3.988352543587885521e+03
4.498432198782237879e-01 3.657664038511386480e+03
4.941712839853393824e-01 3.354576177835923772e+03
5.428674861028858212e-01 3.097899804635430883e+03
5.963622675339625978e-01 2.873972965904394187e+03
6.551284857587630350e-01 2.666263832463670042e+03
7.196855941730535555e-01 2.482633139755494994e+03
7.906042337028588163e-01 2.304817088808605149e+03
8.685112768820903995e-01 2.142083982068274054e+03
9.540953689793428838e-01 1.988501009583997529e+03
1.048113015153642191e+00 0.000000000000000000e+00
