1.048113066601954503e-02 7.309754369227557618e+04
1.151395323963562076e-02 0.000000000000000000e+00
1.264855132798976302e-02 2.618243063219294709e+05
1.389495400641860279e-02 1.984942089358218363e+05
1.526417862678452857e-02 1.070614193078249664e+05
1.676832820337198493e-02 0.000000000000000000e+00
1.842069839530119726e-02 1.698081318969033309e+05
2.023589503111089191e-02 1.597171080668774666e+05
2.222996321434766651e-02 1.819054190994407982e+05
2.442052915136719640e-02 1.314004865345166181e+05
2.682695595500901239e-02 1.166975305465637211e+05
2.947051480134291537e-02 1.194840536562576308e+05
3.237457295239669353e-02 1.145864706103031058e+05
3.556480030685772731e-02 1.090720218259116082e+05
3.906939630451649464e-02 9.413116503275546711e+04
4.291933919013282694e-02 9.364517220139253186e+04
4.714865984004791566e-02 7.730142962558472937e+04
5.179474257198286163e-02 6.220315135751337948e+04
5.689865559697841746e-02 5.857302036774747830e+04
6.250551403444545850e-02 5.297025914567403379e+04
6.866487869913283359e-02 5.288852314975469199e+04
7.543119418501802176e-02 4.468235078128161695e+04
8.286427011848424007e-02 4.363870688215067639e+04
9.102980983473445142e-02 3.808821266721625580e+04
9.999999115058272325e-02 3.177622493446724911e+04
1.098541043672585787e-01 2.735118324298273365e+04
1.206792531427361148e-01 2.527098757857239980e+04
1.325711244288214907e-01 2.311920030075944669e+04
1.456348342787200378e-01 2.105216876929553473e+04
1.599858570014452974e-01 1.769439368465753432e+04
1.757510458761641914e-01 1.607773946064187658e+04
1.930697544488981787e-01 1.419812811363681976e+04
2.120950683230800604e-01 1.307455426660747980e+04
2.329951583321586417e-01 1.162206613545965956e+04
2.559547670553742882e-01 1.061653595817521273e+04
2.811768418164965477e-01 9.511354379015952873e+03
3.088843286001189403e-01 8.608406242661543729e+03
3.393221427425128778e-01 7.893804971684419797e+03
3.727593338166072523e-01 7.210160635179574456e+03
4.094914638472018087e-01 6.653302291790851086e+03
4.498432198782237879e-01 6.178126011181868307e+03
4.941712839853393824e-01 5.718375178531430720e+03
5.428674861028858212e-01 5.310269147646311467e+03
5.963622675339625978e-01 4.952636634272148513e+03
6.551284857587630350e-01 4.625403799178535337e+03
7.196855941730535555e-01 4.331222854211379854e+03
7.906042337028588163e-01 4.061254306460674343e+03
8.685112768820903995e-01 3.817161597123996671e+03
9.540953689793428838e-01 3.585096645555499890e+03
1.048113015153642191e+00 0.000000000000000000e+00
