1.048113066601954503e-02 3.089725573442023233e+04
1.151395323963562076e-02 0.000000000000000000e+00
1.264855132798976302e-02 2.361859894337685546e+04
1.389495400641860279e-02 5.931244730320056988e+04
1.526417862678452857e-02 3.022729574816650711e+04
1.676832820337198493e-02 0.000000000000000000e+00
1.842069839530119726e-02 2.516582103940068191e+04
2.023589503111089191e-02 4.237976533825441584e+04
2.222996321434766651e-02 3.191477336315028515e+04
2.442052915136719640e-02 3.160135844532153715e+04
2.682695595500901239e-02 3.157512800282227909e+04
2.947051480134291537e-02 4.004555449129341287e+04
3.237457295239669353e-02 3.056714729983735742e+04
3.556480030685772731e-02 3.007823763499097549e+04
3.906939630451649464e-02 2.483092580669461313e+04
4.291933919013282694e-02 3.163720367788650401e+04
4.714865984004791566e-02 2.537202731969547676e+04
5.179474257198286163e-02 2.140517588371073361e+04
5.689865559697841746e-02 2.060897940804744212e+04
6.250551403444545850e-02 1.994492407737391477e+04
6.866487869913283359e-02 1.936209904175169140e+04
7.543119418501802176e-02 1.797177752067083202e+04
8.286427011848424007e-02 1.681709539192235388e+04
9.102980983473445142e-02 1.432596150272989507e+04
9.999999115058272325e-02 1.276069267303924789e+04
1.098541043672585787e-01 1.096680056433679420e+04
1.206792531427361148e-01 1.026599270701957175e+04
1.325711244288214907e-01 9.326414967669617909e+03
1.456348342787200378e-01 8.452881191294949531e+03
1.599858570014452974e-01 7.658735137740570281e+03
1.757510458761641914e-01 6.730603307416967255e+03
1.930697544488981787e-01 5.972821486416287371e+03
2.120950683230800604e-01 5.460308116389098359e+03
2.329951583321586417e-01 4.905208110387994566e+03
2.559547670553742882e-01 4.496721508634442216e+03
2.811768418164965477e-01 4.070958207972324089e+03
3.088843286001189403e-01 3.717736111994247494e+03
3.393221427425128778e-01 3.394481282255027963e+03
3.727593338166072523e-01 3.106224962897835212e+03
4.094914638472018087e-01 2.884049366561735042e+03
4.498432198782237879e-01 2.666719864458103984e+03
4.941712839853393824e-01 2.473463461326849938e+03
5.428674861028858212e-01 2.302075720784464465e+03
5.963622675339625978e-01 2.154940615889417131e+03
6.551284857587630350e-01 2.019273416679281354e+03
7.196855941730535555e-01 1.890642767597199054e+03
7.906042337028588163e-01 1.772451662171382850e+03
8.685112768820903995e-01 1.663088123401942994e+03
9.540953689793428838e-01 1.555818861196156604e+03
1.048113015153642191e+00 0.000000000000000000e+00
