1.048113066601954503e-02 6.713406976055810228e+05
1.151395323963562076e-02 0.000000000000000000e+00
1.264855132798976302e-02 5.889065088293623412e+05
1.389495400641860279e-02 4.157804671394001925e+05
1.526417862678452857e-02 2.878431565929975477e+05
1.676832820337198493e-02 0.000000000000000000e+00
1.842069839530119726e-02 4.764966919745957130e+05
2.023589503111089191e-02 2.659859484691530233e+05
2.222996321434766651e-02 3.068709160072566010e+05
2.442052915136719640e-02 2.341715195406829007e+05
2.682695595500901239e-02 2.491390402974212484e+05
2.947051480134291537e-02 2.066972924933044415e+05
3.237457295239669353e-02 1.816328043228739989e+05
3.556480030685772731e-02 1.455034372911810060e+05
3.906939630451649464e-02 1.522632407438592636e+05
4.291933919013282694e-02 1.150822977653787966e+05
4.714865984004791566e-02 1.258876622775168216e+05
5.179474257198286163e-02 1.167824022910696513e+05
5.689865559697841746e-02 1.069219108687609842e+05
6.250551403444545850e-02 1.000654585604869935e+05
6.866487869913283359e-02 8.180871661104779923e+04
7.543119418501802176e-02 6.641514244977216003e+04
8.286427011848424007e-02 5.910122027053053171e+04
9.102980983473445142e-02 5.122254035291915352e+04
9.999999115058272325e-02 5.097190383043303154e+04
1.098541043672585787e-01 4.470049561020346300e+04
1.206792531427361148e-01 3.850935341732888628e+04
1.325711244288214907e-01 3.368522828296518128e+04
1.456348342787200378e-01 3.025982446904367680e+04
1.599858570014452974e-01 2.796256781785452040e+04
1.757510458761641914e-01 2.486827878458229679e+04
1.930697544488981787e-01 2.237633710186415919e+04
2.120950683230800604e-01 2.038970640477694178e+04
2.329951583321586417e-01 1.838998151787966344e+04
2.559547670553742882e-01 1.691767735335156249e+04
2.811768418164965477e-01 1.553566660425258851e+04
3.088843286001189403e-01 1.431606103469595109e+04
3.393221427425128778e-01 1.329388836900081515e+04
3.727593338166072523e-01 1.226860692885248864e+04
4.094914638472018087e-01 1.153564601731354924e+04
4.498432198782237879e-01 1.082094242504761860e+04
4.941712839853393824e-01 1.014074502143929385e+04
5.428674861028858212e-01 9.528039411979296347e+03
5.963622675339625978e-01 8.985367894229399099e+03
6.551284857587630350e-01 8.455005657818381223e+03
7.196855941730535555e-01 7.963850355679550375e+03
7.906042337028588163e-01 7.482056038368167719e+03
8.685112768820903995e-01 7.015228460629863548e+03
9.540953689793428838e-01 6.588073749315708483e+03
1.048113015153642191e+00 0.000000000000000000e+00
