1.048113066601954503e-02 7.958908871781636844e+04
1.151395323963562076e-02 0.000000000000000000e+00
1.264855132798976302e-02 1.375075829021422542e+05
1.389495400641860279e-02 9.067688946672235033e+04
1.526417862678452857e-02 1.122568405730111117e+05
1.676832820337198493e-02 0.000000000000000000e+00
1.842069839530119726e-02 1.055255060452822945e+05
2.023589503111089191e-02 6.837808910981994995e+04
2.222996321434766651e-02 7.047985517925269960e+04
2.442052915136719640e-02 1.023554707762987091e+05
2.682695595500901239e-02 6.336396150039039640e+04
2.947051480134291537e-02 6.527460915832768660e+04
3.237457295239669353e-02 7.292478538777164067e+04
3.556480030685772731e-02 5.989820118072353216e+04
3.906939630451649464e-02 4.607417049658061296e+04
4.291933919013282694e-02 5.039617113777226041e+04
4.714865984004791566e-02 4.238968069421889231e+04
5.179474257198286163e-02 4.386997283997062914e+04
5.689865559697841746e-02 3.550305162480226136e+04
6.250551403444545850e-02 3.560498995196437318e+04
6.866487869913283359e-02 3.384164728351020312e+04
7.543119418501802176e-02 3.033774701924170949e+04
8.286427011848424007e-02 2.678124951765156220e+04
9.102980983473445142e-02 2.354208064823509631e+04
9.999999115058272325e-02 1.896605157845421854e+04
1.098541043672585787e-01 1.743876993083990237e+04
1.206792531427361148e-01 1.547075109073928252e+04
1.325711244288214907e-01 1.463649503199119317e+04
1.456348342787200378e-01 1.301277140366555795e+04
1.599858570014452974e-01 1.144399996417585135e+04
1.757510458761641914e-01 1.020547991108698625e+04
1.930697544488981787e-01 9.439108577938050075e+03
2.120950683230800604e-01 8.528850606354555566e+03
2.329951583321586417e-01 7.682502644771065206e+03
2.559547670553742882e-01 7.023572958698900038e+03
2.811768418164965477e-01 6.393788491737540426e+03
3.088843286001189403e-01 5.847939842741569009e+03
3.393221427425128778e-01 5.410412701461337747e+03
3.727593338166072523e-01 4.981906710599801954e+03
4.094914638472018087e-01 4.633734537424954397e+03
4.498432198782237879e-01 4.326049143914670822e+03
4.941712839853393824e-01 4.029704111345290130e+03
5.428674861028858212e-01 3.788075887891344792e+03
5.963622675339625978e-01 3.536920150932094657e+03
6.551284857587630350e-01 3.326749141789787245e+03
7.196855941730535555e-01 3.117684215606874659e+03
7.906042337028588163e-01 2.907580137107437622e+03
8.685112768820903995e-01 2.714631119681917426e+03
9.540953689793428838e-01 2.529423455078911957e+03
1.048113015153642191e+00 0.000000000000000000e+00
