1.048113066601954503e-02 5.459160220910713542e+04
1.151395323963562076e-02 0.000000000000000000e+00
1.264855132798976302e-02 3.389567133054781880e+04
1.389495400641860279e-02 6.911014898582422757e+04
1.526417862678452857e-02 7.248091360282148526e+04
1.676832820337198493e-02 0.000000000000000000e+00
1.842069839530119726e-02 8.254441197148161882e+04
2.023589503111089191e-02 6.781537058184997295e+04
2.222996321434766651e-02 4.495624363330578490e+04
2.442052915136719640e-02 6.536374579031253961e+04
2.682695595500901239e-02 7.482179519833459926e+04
2.947051480134291537e-02 8.364978382876812248e+04
3.237457295239669353e-02 6.683160265836563485e+04
3.556480030685772731e-02 5.986043291252336348e+04
3.906939630451649464e-02 5.004659157769111334e+04
4.291933919013282694e-02 5.257624929251107824e+04
4.714865984004791566e-02 4.449103665694631491e+04
5.179474257198286163e-02 4.207438136134290835e+04
5.689865559697841746e-02 4.406012329548582784e+04
6.250551403444545850e-02 3.971362480868013517e+04
6.866487869913283359e-02 3.919302788914572739e+04
7.543119418501802176e-02 3.251996152511569016e+04
8.286427011848424007e-02 3.038978171692975593e+04
9.102980983473445142e-02 2.740933588052221967e+04
9.999999115058272325e-02 2.240033953083509186e+04
1.098541043672585787e-01 2.036618415471622575e+04
1.206792531427361148e-01 1.939839650086816982e+04
1.325711244288214907e-01 1.793709078147321270e+04
1.456348342787200378e-01 1.559137704726177617e+04
1.599858570014452974e-01 1.367065027773964357e+04
1.757510458761641914e-01 1.255380109538862598e+04
1.930697544488981787e-01 1.159261371759464419e+04
2.120950683230800604e-01 1.045527322797027409e+04
2.329951583321586417e-01 9.498190131083822052e+03
2.559547670553742882e-01 8.765218894101601109e+03
2.811768418164965477e-01 8.078942255184689202e+03
3.088843286001189403e-01 7.448832867895298477e+03
3.393221427425128778e-01 6.858124615421065755e+03
3.727593338166072523e-01 6.371210987218752052e+03
4.094914638472018087e-01 5.973918247790195892e+03
4.498432198782237879e-01 5.601393324759710595e+03
4.941712839853393824e-01 5.260858810994343003e+03
5.428674861028858212e-01 4.969324910033884407e+03
5.963622675339625978e-01 4.674617431898006544e+03
6.551284857587630350e-01 4.420798162840164878e+03
7.196855941730535555e-01 4.184505964981754005e+03
7.906042337028588163e-01 3.949630649422618262e+03
8.685112768820903995e-01 3.719046364754062779e+03
9.540953689793428838e-01 3.507617647712551388e+03
1.048113015153642191e+00 0.000000000000000000e+00
