1.048113066601954503e-02 5.519133619679581607e+05
1.151395323963562076e-02 0.000000000000000000e+00
1.264855132798976302e-02 2.483357441450490733e+05
1.389495400641860279e-02 9.106960991114876233e+05
1.526417862678452857e-02 5.686822286931498675e+05
1.676832820337198493e-02 0.000000000000000000e+00
1.842069839530119726e-02 5.375266460500174435e+05
2.023589503111089191e-02 5.534052190778568620e+05
2.222996321434766651e-02 4.124558334435486468e+05
2.442052915136719640e-02 4.764198476433141623e+05
2.682695595500901239e-02 3.672768368811904802e+05
2.947051480134291537e-02 3.440509542359581101e+05
3.237457295239669353e-02 2.501923208939407486e+05
3.556480030685772731e-02 2.585443863301111560e+05
3.906939630451649464e-02 1.770699588998360850e+05
4.291933919013282694e-02 1.764642069194955693e+05
4.714865984004791566e-02 1.498562681784861197e+05
5.179474257198286163e-02 1.502240925911144295e+05
5.689865559697841746e-02 1.506788912708156276e+05
6.250551403444545850e-02 1.494355265342055936e+05
6.866487869913283359e-02 1.258963944778190489e+05
7.543119418501802176e-02 1.020095363646094047e+05
8.286427011848424007e-02 8.853732548259157920e+04
9.102980983473445142e-02 7.114545728684437927e+04
9.999999115058272325e-02 6.517862119208885997e+04
1.098541043672585787e-01 6.001019415086212393e+04
1.206792531427361148e-01 5.580547068056571879e+04
1.325711244288214907e-01 4.774701598153480154e+04
1.456348342787200378e-01 4.266027884418283065e+04
1.599858570014452974e-01 3.849173821225302527e+04
1.757510458761641914e-01 3.493069464521370537e+04
1.930697544488981787e-01 3.192933036452045417e+04
2.120950683230800604e-01 2.908380067960796805e+04
2.329951583321586417e-01 2.636423199388536887e+04
2.559547670553742882e-01 2.424026168273214353e+04
2.811768418164965477e-01 2.254467019677010830e+04
3.088843286001189403e-01 2.064973950096967383e+04
3.393221427425128778e-01 1.934998844252973140e+04
3.727593338166072523e-01 1.796404997653137980e+04
4.094914638472018087e-01 1.678933220002695452e+04
4.498432198782237879e-01 1.578260243487035768e+04
4.941712839853393824e-01 1.491541882380246534e+04
5.428674861028858212e-01 1.399101861002459555e+04
5.963622675339625978e-01 1.321059318223236187e+04
6.551284857587630350e-01 1.244995871078926939e+04
7.196855941730535555e-01 1.171228828765797516e+04
7.906042337028588163e-01 1.094097592817758414e+04
8.685112768820903995e-01 1.026364335260381813e+04
9.540953689793428838e-01 9.586560327348543069e+03
1.048113015153642191e+00 0.000000000000000000e+00
