1.048113066601954503e-02 1.491603039792992422e+04
1.151395323963562076e-02 0.000000000000000000e+00
1.264855132798976302e-02 3.421005078435037285e+04
1.389495400641860279e-02 5.013596935339266201e+04
1.526417862678452857e-02 4.806078373396836105e+04
1.676832820337198493e-02 0.000000000000000000e+00
1.842069839530119726e-02 6.637341223669715691e+04
2.023589503111089191e-02 4.380807719616957183e+04
2.222996321434766651e-02 5.294474478701818589e+04
2.442052915136719640e-02 5.660417468569613266e+04
2.682695595500901239e-02 4.322889245357649634e+04
2.947051480134291537e-02 5.012870329171128833e+04
3.237457295239669353e-02 5.330271712839440443e+04
3.556480030685772731e-02 5.001153090491544572e+04
3.906939630451649464e-02 4.362960270268117893e+04
4.291933919013282694e-02 4.132318535063385207e+04
4.714865984004791566e-02 4.080594683051227184e+04
5.179474257198286163e-02 4.095445440530573251e+04
5.689865559697841746e-02 3.322973729511231795e+04
6.250551403444545850e-02 3.453606522216399753e+04
6.866487869913283359e-02 3.391743023135580734e+04
7.543119418501802176e-02 3.294567614521706128e+04
8.286427011848424007e-02 3.124041827407027813e+04
9.102980983473445142e-02 2.783933004821267969e+04
9.999999115058272325e-02 2.488783578945220870e+04
1.098541043672585787e-01 2.342950894727761624e+04
1.206792531427361148e-01 2.083694782329734880e+04
1.325711244288214907e-01 1.947565905511449091e+04
1.456348342787200378e-01 1.813552372547586128e+04
1.599858570014452974e-01 1.622443707095806531e+04
1.757510458761641914e-01 1.470767006274853520e+04
1.930697544488981787e-01 1.327870553775389999e+04
2.120950683230800604e-01 1.235534746756068125e+04
2.329951583321586417e-01 1.131835717807815126e+04
2.559547670553742882e-01 1.023792584180408994e+04
2.811768418164965477e-01 9.483299266050995357e+03
3.088843286001189403e-01 8.696999319799564546e+03
3.393221427425128778e-01 8.067255713871588341e+03
3.727593338166072523e-01 7.450865022167314237e+03
4.094914638472018087e-01 6.988907568539600106e+03
4.498432198782237879e-01 6.555022922359380573e+03
4.941712839853393824e-01 6.165355770045101963e+03
5.428674861028858212e-01 5.803956751943856943e+03
5.963622675339625978e-01 5.493902979281133412e+03
6.551284857587630350e-01 5.210566652692532443e+03
7.196855941730535555e-01 4.961211116287413461e+03
7.906042337028588163e-01 4.726979595322029127e+03
8.685112768820903995e-01 4.505896629657532685e+03
9.540953689793428838e-01 4.310449973346554543e+03
1.048113015153642191e+00 0.000000000000000000e+00
