1.048113066601954503e-02 1.667871247926676006e+04
1.151395323963562076e-02 0.000000000000000000e+00
1.264855132798976302e-02 4.080004124868912913e+04
1.389495400641860279e-02 3.288041879435829469e+04
1.526417862678452857e-02 3.010701452629537016e+04
1.676832820337198493e-02 0.000000000000000000e+00
1.842069839530119726e-02 3.119363758530475752e+04
2.023589503111089191e-02 4.237818889666741597e+04
2.222996321434766651e-02 2.649359938954660174e+04
2.442052915136719640e-02 4.288074372275061614e+04
2.682695595500901239e-02 4.563589622236196738e+04
2.947051480134291537e-02 4.826142870272380969e+04
3.237457295239669353e-02 3.745052577513237338e+04
3.556480030685772731e-02 3.396708840508002322e+04
3.906939630451649464e-02 3.462504233781242510e+04
4.291933919013282694e-02 3.391568153702986456e+04
4.714865984004791566e-02 3.088014256706236483e+04
5.179474257198286163e-02 3.079229872201509716e+04
5.689865559697841746e-02 2.770718941791750694e+04
6.250551403444545850e-02 2.812838548371511934e+04
6.866487869913283359e-02 2.529268048058341083e+04
7.543119418501802176e-02 2.406860704816673024e+04
8.286427011848424007e-02 2.128672167202377022e+04
9.102980983473445142e-02 1.928692950182998175e+04
9.999999115058272325e-02 1.678781568563056499e+04
1.098541043672585787e-01 1.576356440731519433e+04
1.206792531427361148e-01 1.426436158199287092e+04
1.325711244288214907e-01 1.305089976560664581e+04
1.456348342787200378e-01 1.182575524817238693e+04
1.599858570014452974e-01 1.048931100002243511e+04
1.757510458761641914e-01 9.476326568508877244e+03
1.930697544488981787e-01 8.658454977048761066e+03
2.120950683230800604e-01 7.852349871184088443e+03
2.329951583321586417e-01 7.151139030381393241e+03
2.559547670553742882e-01 6.508995047263273591e+03
2.811768418164965477e-01 5.956121809296268111e+03
3.088843286001189403e-01 5.467366740800489424e+03
3.393221427425128778e-01 5.015549428073824856e+03
3.727593338166072523e-01 4.613362636568569542e+03
4.094914638472018087e-01 4.295716594983197865e+03
4.498432198782237879e-01 4.006393661573305963e+03
4.941712839853393824e-01 3.734769666446877636e+03
5.428674861028858212e-01 3.503133971160559213e+03
5.963622675339625978e-01 3.298753940507319840e+03
6.551284857587630350e-01 3.116442537891253323e+03
7.196855941730535555e-01 2.935237813110621573e+03
7.906042337028588163e-01 2.786127858237305645e+03
8.685112768820903995e-01 2.626413219453856073e+03
9.540953689793428838e-01 2.485115113591186400e+03
1.048113015153642191e+00 0.000000000000000000e+00
