1.048113066601954503e-02 5.917602566913258488e+04
1.151395323963562076e-02 0.000000000000000000e+00
1.264855132798976302e-02 3.487163079889189976e+04
1.389495400641860279e-02 2.863378760167501605e+04
1.526417862678452857e-02 6.522663682989688095e+04
1.676832820337198493e-02 0.000000000000000000e+00
1.842069839530119726e-02 3.447075186837792717e+04
2.023589503111089191e-02 6.857564727369148750e+04
2.222996321434766651e-02 4.553175149262299965e+04
2.442052915136719640e-02 5.223662485625438421e+04
2.682695595500901239e-02 5.292320732692000456e+04
2.947051480134291537e-02 5.281492861548888322e+04
3.237457295239669353e-02 5.775297616704033135e+04
3.556480030685772731e-02 5.847105420210398734e+04
3.906939630451649464e-02 5.733270317999447434e+04
4.291933919013282694e-02 5.548788705553131877e+04
4.714865984004791566e-02 4.676076911929566995e+04
5.179474257198286163e-02 4.831274009273170668e+04
5.689865559697841746e-02 4.273975901559076738e+04
6.250551403444545850e-02 4.272792806444208691e+04
6.866487869913283359e-02 4.481173684390343988e+04
7.543119418501802176e-02 4.083424823278350232e+04
8.286427011848424007e-02 3.889056520421482855e+04
9.102980983473445142e-02 3.748026149475080456e+04
9.999999115058272325e-02 3.374198837041133083e+04
1.098541043672585787e-01 3.034852351750532034e+04
1.206792531427361148e-01 2.880434030954572518e+04
1.325711244288214907e-01 2.669568552166593145e+04
1.456348342787200378e-01 2.464367375366975466e+04
1.599858570014452974e-01 2.202542473448788951e+04
1.757510458761641914e-01 2.003144787429736607e+04
1.930697544488981787e-01 1.908338696622714633e+04
2.120950683230800604e-01 1.741046537655302382e+04
2.329951583321586417e-01 1.618860445151050590e+04
2.559547670553742882e-01 1.496944493263751065e+04
2.811768418164965477e-01 1.391021704073907313e+04
3.088843286001189403e-01 1.305216461915515174e+04
3.393221427425128778e-01 1.230646162025792364e+04
3.727593338166072523e-01 1.151729270442149027e+04
4.094914638472018087e-01 1.092147700583768165e+04
4.498432198782237879e-01 1.034510100381529264e+04
4.941712839853393824e-01 9.839090648316345323e+03
5.428674861028858212e-01 9.370385982130901539e+03
5.963622675339625978e-01 8.946279322867383598e+03
6.551284857587630350e-01 8.590071537113963132e+03
7.196855941730535555e-01 8.225565279290545732e+03
7.906042337028588163e-01 7.893581160269027350e+03
8.685112768820903995e-01 7.562502258349970361e+03
9.540953689793428838e-01 7.246185338159097228e+03
1.048113015153642191e+00 0.000000000000000000e+00
