1.048113066601954503e-02 1.219434725838458631e+06
1.151395323963562076e-02 0.000000000000000000e+00
1.264855132798976302e-02 1.162548642863925081e+06
1.389495400641860279e-02 1.281274262479000725e+06
1.526417862678452857e-02 3.501718980583837256e+05
1.676832820337198493e-02 0.000000000000000000e+00
1.842069839530119726e-02 5.405133568384813843e+05
2.023589503111089191e-02 6.971105326479892246e+05
2.222996321434766651e-02 5.641026715740348445e+05
2.442052915136719640e-02 5.274074628421588568e+05
2.682695595500901239e-02 3.546961745505573344e+05
2.947051480134291537e-02 3.250073823952668463e+05
3.237457295239669353e-02 1.706370489126059692e+05
3.556480030685772731e-02 1.634258170957459661e+05
3.906939630451649464e-02 1.378412940445743152e+05
4.291933919013282694e-02 9.396202613268616551e+04
4.714865984004791566e-02 8.923821314456079563e+04
5.179474257198286163e-02 8.083535566283859953e+04
5.689865559697841746e-02 8.356218376929302758e+04
6.250551403444545850e-02 7.689575799406730221e+04
6.866487869913283359e-02 7.308327711772081966e+04
7.543119418501802176e-02 6.467411732461982319e+04
8.286427011848424007e-02 5.395277109822447528e+04
9.102980983473445142e-02 4.110887484194504214e+04
9.999999115058272325e-02 3.185377770210657036e+04
1.098541043672585787e-01 2.881829990328116401e+04
1.206792531427361148e-01 2.662992032512855803e+04
1.325711244288214907e-01 2.354577027522879871e+04
1.456348342787200378e-01 2.040854153965201840e+04
1.599858570014452974e-01 1.728399794986929919e+04
1.757510458761641914e-01 1.536599761630855937e+04
1.930697544488981787e-01 1.370035904353595106e+04
2.120950683230800604e-01 1.191900870695269623e+04
2.329951583321586417e-01 1.047989485967745168e+04
2.559547670553742882e-01 9.404344423409129377e+03
2.811768418164965477e-01 8.447170095515959474e+03
3.088843286001189403e-01 7.510964285255689902e+03
3.393221427425128778e-01 6.844781913094331685e+03
3.727593338166072523e-01 6.132325346938381699e+03
4.094914638472018087e-01 5.567342505687638550e+03
4.498432198782237879e-01 5.123657593588813143e+03
4.941712839853393824e-01 4.659207300884148935e+03
5.428674861028858212e-01 4.259270395665773322e+03
5.963622675339625978e-01 3.920980543860729085e+03
6.551284857587630350e-01 3.614895970682882307e+03
7.196855941730535555e-01 3.325185203495752830e+03
7.906042337028588163e-01 3.048009735925196765e+03
8.685112768820903995e-01 2.798115164980110421e+03
9.540953689793428838e-01 2.562738234441511850e+03
1.048113015153642191e+00 0.000000000000000000e+00
