1.048113066601954503e-02 2.437145675372854384e+04
1.151395323963562076e-02 0.000000000000000000e+00
1.264855132798976302e-02 8.101118161311488075e+04
1.389495400641860279e-02 6.225811069018891430e+04
1.526417862678452857e-02 4.219502230684665847e+04
1.676832820337198493e-02 0.000000000000000000e+00
1.842069839530119726e-02 5.845863173850918247e+04
2.023589503111089191e-02 6.998884361748785886e+04
2.222996321434766651e-02 8.378842118460418715e+04
2.442052915136719640e-02 8.849120580602753034e+04
2.682695595500901239e-02 4.091053476395773032e+04
2.947051480134291537e-02 5.161579406613574974e+04
3.237457295239669353e-02 6.813210234533841140e+04
3.556480030685772731e-02 6.101248717425651557e+04
3.906939630451649464e-02 5.311813156540745695e+04
4.291933919013282694e-02 4.954264143123066606e+04
4.714865984004791566e-02 4.607390246687187755e+04
5.179474257198286163e-02 4.271705058128976816e+04
5.689865559697841746e-02 3.921538706978692790e+04
6.250551403444545850e-02 3.556235672063941456e+04
6.866487869913283359e-02 3.415864299523899535e+04
7.543119418501802176e-02 3.176123996082370650e+04
8.286427011848424007e-02 3.071938772801807499e+04
9.102980983473445142e-02 2.568866044527511986e+04
9.999999115058272325e-02 2.292105456601547485e+04
1.098541043672585787e-01 1.995131349878591209e+04
1.206792531427361148e-01 1.798303805240684233e+04
1.325711244288214907e-01 1.646258247478758130e+04
1.456348342787200378e-01 1.521883913294560080e+04
1.599858570014452974e-01 1.335355090774967903e+04
1.757510458761641914e-01 1.191175299546663882e+04
1.930697544488981787e-01 1.099941445512137216e+04
2.120950683230800604e-01 1.003213729034690550e+04
2.329951583321586417e-01 9.095069550720636471e+03
2.559547670553742882e-01 8.361443282694797745e+03
2.811768418164965477e-01 7.584069788797879482e+03
3.088843286001189403e-01 7.041211733250286670e+03
3.393221427425128778e-01 6.493626448326519494e+03
3.727593338166072523e-01 5.995104373561706780e+03
4.094914638472018087e-01 5.625281920238058774e+03
4.498432198782237879e-01 5.276846991912749218e+03
4.941712839853393824e-01 4.930795793792829500e+03
5.428674861028858212e-01 4.642229195060288475e+03
5.963622675339625978e-01 4.365447381402412248e+03
6.551284857587630350e-01 4.115519220072250391e+03
7.196855941730535555e-01 3.870154913147974185e+03
7.906042337028588163e-01 3.648969163804717027e+03
8.685112768820903995e-01 3.426652627909758849e+03
9.540953689793428838e-01 3.213259223310512425e+03
1.048113015153642191e+00 0.000000000000000000e+00
