1.048113066601954503e-02 4.585906319550436456e+05
1.151395323963562076e-02 0.000000000000000000e+00
1.264855132798976302e-02 5.928502614250378683e+05
1.389495400641860279e-02 1.189967370750040282e+06
1.526417862678452857e-02 4.619136499474944430e+05
1.676832820337198493e-02 0.000000000000000000e+00
1.842069839530119726e-02 4.732241463054273045e+05
2.023589503111089191e-02 5.491280102667973842e+05
2.222996321434766651e-02 3.334450663299571606e+05
2.442052915136719640e-02 4.376040278986343765e+05
2.682695595500901239e-02 1.951192127416854491e+05
2.947051480134291537e-02 1.715803822332739946e+05
3.237457295239669353e-02 1.432572297276851023e+05
3.556480030685772731e-02 1.091025406183048908e+05
3.906939630451649464e-02 1.045137448751869670e+05
4.291933919013282694e-02 9.839903020785233821e+04
4.714865984004791566e-02 9.971479754913036595e+04
5.179474257198286163e-02 1.101424135958010156e+05
5.689865559697841746e-02 9.657062112242996227e+04
6.250551403444545850e-02 7.208891048956064333e+04
6.866487869913283359e-02 5.518443980181526422e+04
7.543119418501802176e-02 3.722918534347561945e+04
8.286427011848424007e-02 3.106337394155277070e+04
9.102980983473445142e-02 3.155771473273083393e+04
9.999999115058272325e-02 3.167204444039809823e+04
1.098541043672585787e-01 2.644887781269667903e+04
1.206792531427361148e-01 1.959562487296855397e+04
1.325711244288214907e-01 1.680056579515679550e+04
1.456348342787200378e-01 1.552000880136727210e+04
1.599858570014452974e-01 1.314617539864339051e+04
1.757510458761641914e-01 1.112198755643955883e+04
1.930697544488981787e-01 9.933979389474963682e+03
2.120950683230800604e-01 8.673161697144800200e+03
2.329951583321586417e-01 7.412018641926084456e+03
2.559547670553742882e-01 6.610060146248459205e+03
2.811768418164965477e-01 5.784674158488011017e+03
3.088843286001189403e-01 5.116642892861224027e+03
3.393221427425128778e-01 4.562073476572932123e+03
3.727593338166072523e-01 4.034272569832266527e+03
4.094914638472018087e-01 3.584815981314906821e+03
4.498432198782237879e-01 3.235180053243695966e+03
4.941712839853393824e-01 2.936895167640818272e+03
5.428674861028858212e-01 2.657137452799488074e+03
5.963622675339625978e-01 2.418899426774201856e+03
6.551284857587630350e-01 2.210604340447651794e+03
7.196855941730535555e-01 2.029502880469875890e+03
7.906042337028588163e-01 1.856514220193482060e+03
8.685112768820903995e-01 1.709161160333228509e+03
9.540953689793428838e-01 1.566402851210208610e+03
1.048113015153642191e+00 0.000000000000000000e+00
