1.048113066601954503e-02 1.348188032701310702e+06
1.151395323963562076e-02 0.000000000000000000e+00
1.264855132798976302e-02 1.422237862636118196e+06
1.389495400641860279e-02 1.036344089020733489e+06
1.526417862678452857e-02 9.544742531993046869e+05
1.676832820337198493e-02 0.000000000000000000e+00
1.842069839530119726e-02 6.779417113565834006e+05
2.023589503111089191e-02 9.138102327415765030e+05
2.222996321434766651e-02 4.348152713683177717e+05
2.442052915136719640e-02 5.618167076929237228e+05
2.682695595500901239e-02 4.814879838551281719e+05
2.947051480134291537e-02 3.273383858374786796e+05
3.237457295239669353e-02 2.838221853310810402e+05
3.556480030685772731e-02 3.036816969417623477e+05
3.906939630451649464e-02 2.013303154499998200e+05
4.291933919013282694e-02 2.033924966284548282e+05
4.714865984004791566e-02 2.024735682625118643e+05
5.179474257198286163e-02 1.788472069409059768e+05
5.689865559697841746e-02 1.904996683559820231e+05
6.250551403444545850e-02 1.511784297014089825e+05
6.866487869913283359e-02 1.243603200946450524e+05
7.543119418501802176e-02 9.967676679692137986e+04
8.286427011848424007e-02 8.103776443280480453e+04
9.102980983473445142e-02 7.311682517905184068e+04
9.999999115058272325e-02 6.808662584954749036e+04
1.098541043672585787e-01 6.160032845636394632e+04
1.206792531427361148e-01 5.311643654810325825e+04
1.325711244288214907e-01 4.475902293939109950e+04
1.456348342787200378e-01 4.153924454226704256e+04
1.599858570014452974e-01 3.622007105356059037e+04
1.757510458761641914e-01 3.267739996955924289e+04
1.930697544488981787e-01 2.978523219968028570e+04
2.120950683230800604e-01 2.704357242944634345e+04
2.329951583321586417e-01 2.439840262985055233e+04
2.559547670553742882e-01 2.237443703081767308e+04
2.811768418164965477e-01 2.041585047279897117e+04
3.088843286001189403e-01 1.879832026339075674e+04
3.393221427425128778e-01 1.728505410756541096e+04
3.727593338166072523e-01 1.604149974182188453e+04
4.094914638472018087e-01 1.474031856377396252e+04
4.498432198782237879e-01 1.375840740987852041e+04
4.941712839853393824e-01 1.272392586060013127e+04
5.428674861028858212e-01 1.189700463840231896e+04
5.963622675339625978e-01 1.100516093056539103e+04
6.551284857587630350e-01 1.022165358106217536e+04
7.196855941730535555e-01 9.506218942562236407e+03
7.906042337028588163e-01 8.805967819854613481e+03
8.685112768820903995e-01 8.116975383064191192e+03
9.540953689793428838e-01 7.434620685613660498e+03
1.048113015153642191e+00 0.000000000000000000e+00
