1.048113066601954503e-02 6.129523958776834479e+04
1.151395323963562076e-02 0.000000000000000000e+00
1.264855132798976302e-02 1.027444036319915467e+05
1.389495400641860279e-02 4.289768753594911686e+04
1.526417862678452857e-02 3.594372041678929963e+04
1.676832820337198493e-02 0.000000000000000000e+00
1.842069839530119726e-02 5.333540479619065445e+04
2.023589503111089191e-02 4.194863821389211080e+04
2.222996321434766651e-02 3.149813989631786535e+04
2.442052915136719640e-02 4.624467489043608657e+04
2.682695595500901239e-02 3.094878663089576003e+04
2.947051480134291537e-02 3.628437239024683367e+04
3.237457295239669353e-02 3.447279109182474349e+04
3.556480030685772731e-02 3.223406334617797256e+04
3.906939630451649464e-02 2.747718366251372936e+04
4.291933919013282694e-02 3.056288835953666057e+04
4.714865984004791566e-02 2.764943607906370016e+04
5.179474257198286163e-02 2.668841681022016928e+04
5.689865559697841746e-02 2.323135276837098718e+04
6.250551403444545850e-02 1.992361342930274623e+04
6.866487869913283359e-02 2.100882630878765485e+04
7.543119418501802176e-02 1.982397159886849113e+04
8.286427011848424007e-02 1.655912284802410068e+04
9.102980983473445142e-02 1.517395844470418888e+04
9.999999115058272325e-02 1.351002853760956168e+04
1.098541043672585787e-01 1.186948638909431611e+04
1.206792531427361148e-01 1.048417529784752151e+04
1.325711244288214907e-01 9.495612311166931249e+03
1.456348342787200378e-01 8.520138161998311261e+03
1.599858570014452974e-01 7.380859081994561166e+03
1.757510458761641914e-01 6.714566075905037906e+03
1.930697544488981787e-01 5.969314389380472676e+03
2.120950683230800604e-01 5.420118498132442255e+03
2.329951583321586417e-01 4.778528113940247749e+03
2.559547670553742882e-01 4.312331123447362188e+03
2.811768418164965477e-01 3.916097131004025414e+03
3.088843286001189403e-01 3.538923034176011242e+03
3.393221427425128778e-01 3.212436082995086508e+03
3.727593338166072523e-01 2.909319429198234957e+03
4.094914638472018087e-01 2.687140198873414647e+03
4.498432198782237879e-01 2.453280012509990684e+03
4.941712839853393824e-01 2.266371302085867683e+03
5.428674861028858212e-01 2.102706792600000881e+03
5.963622675339625978e-01 1.951827538186448237e+03
6.551284857587630350e-01 1.815116945882899927e+03
7.196855941730535555e-01 1.692825857428442305e+03
7.906042337028588163e-01 1.580629133914296972e+03
8.685112768820903995e-01 1.476867499191169145e+03
9.540953689793428838e-01 1.379928457128506125e+03
1.048113015153642191e+00 0.000000000000000000e+00
