1.048113066601954503e-02 6.471422768579064723e+04
1.151395323963562076e-02 0.000000000000000000e+00
1.264855132798976302e-02 9.114090747236055904e+04
1.389495400641860279e-02 1.125129010673094308e+05
1.526417862678452857e-02 5.731770573774470540e+04
1.676832820337198493e-02 0.000000000000000000e+00
1.842069839530119726e-02 6.459426022719601315e+04
2.023589503111089191e-02 6.392041443317576341e+04
2.222996321434766651e-02 1.033295687818335136e+05
2.442052915136719640e-02 7.148425724599325622e+04
2.682695595500901239e-02 8.018146587550768163e+04
2.947051480134291537e-02 6.756061858070282324e+04
3.237457295239669353e-02 6.651355941485823132e+04
3.556480030685772731e-02 5.534137440039794456e+04
3.906939630451649464e-02 5.706292268877133029e+04
4.291933919013282694e-02 4.527963624973058904e+04
4.714865984004791566e-02 4.306116209072936908e+04
5.179474257198286163e-02 4.163459298682326335e+04
5.689865559697841746e-02 3.729372564553077973e+04
6.250551403444545850e-02 3.297068875531291997e+04
6.866487869913283359e-02 3.246749973521793800e+04
7.543119418501802176e-02 2.836881501925211342e+04
8.286427011848424007e-02 2.379872251142476307e+04
9.102980983473445142e-02 2.120081460386009712e+04
9.999999115058272325e-02 1.941662505977648107e+04
1.098541043672585787e-01 1.700537151143673327e+04
1.206792531427361148e-01 1.542881833245013695e+04
1.325711244288214907e-01 1.375156713197352292e+04
1.456348342787200378e-01 1.161534256848863515e+04
1.599858570014452974e-01 1.033115267989121639e+04
1.757510458761641914e-01 9.282993277051458790e+03
1.930697544488981787e-01 8.337709174390558474e+03
2.120950683230800604e-01 7.175302375565470356e+03
2.329951583321586417e-01 6.394202339399917946e+03
2.559547670553742882e-01 5.691746945575598147e+03
2.811768418164965477e-01 5.109047434129834983e+03
3.088843286001189403e-01 4.546706384268580223e+03
3.393221427425128778e-01 4.084315476658434818e+03
3.727593338166072523e-01 3.671081824105086071e+03
4.094914638472018087e-01 3.319439120140905288e+03
4.498432198782237879e-01 3.031605095661236192e+03
4.941712839853393824e-01 2.756558957325161828e+03
5.428674861028858212e-01 2.525889720745642535e+03
5.963622675339625978e-01 2.322757624506427419e+03
6.551284857587630350e-01 2.141079965808282395e+03
7.196855941730535555e-01 1.984348749136466722e+03
7.906042337028588163e-01 1.842896160171222164e+03
8.685112768820903995e-01 1.717042354004748631e+03
9.540953689793428838e-01 1.607471377533669511e+03
1.048113015153642191e+00 0.000000000000000000e+00
