1.048113066601954503e-02 3.312365406812036526e+05
1.151395323963562076e-02 0.000000000000000000e+00
1.264855132798976302e-02 6.447127291903700680e+05
1.389495400641860279e-02 7.350815873077588622e+05
1.526417862678452857e-02 8.206553132052150322e+05
1.676832820337198493e-02 0.000000000000000000e+00
1.842069839530119726e-02 3.558644968385186512e+05
2.023589503111089191e-02 4.293783968288102769e+05
2.222996321434766651e-02 3.851372070528533659e+05
2.442052915136719640e-02 3.569603015071209520e+05
2.682695595500901239e-02 2.903989667462890502e+05
2.947051480134291537e-02 2.154894159959756071e+05
3.237457295239669353e-02 2.214257023766021302e+05
3.556480030685772731e-02 1.460416911524546449e+05
3.906939630451649464e-02 1.619767944107203220e+05
4.291933919013282694e-02 1.424330302858497598e+05
4.714865984004791566e-02 1.386118872303869284e+05
5.179474257198286163e-02 1.204017703922534856e+05
5.689865559697841746e-02 1.166007537673075276e+05
6.250551403444545850e-02 1.064545817958659318e+05
6.866487869913283359e-02 8.325116157137797563e+04
7.543119418501802176e-02 6.840218894707714207e+04
8.286427011848424007e-02 5.412255559136981174e+04
9.102980983473445142e-02 4.897212970964823035e+04
9.999999115058272325e-02 4.754003659119311487e+04
1.098541043672585787e-01 4.239764913765515666e+04
1.206792531427361148e-01 3.579878253624121135e+04
1.325711244288214907e-01 3.129065613738264801e+04
1.456348342787200378e-01 2.754735419799168449e+04
1.599858570014452974e-01 2.471479865918566793e+04
1.757510458761641914e-01 2.219836364802054595e+04
1.930697544488981787e-01 2.008590367878412144e+04
2.120950683230800604e-01 1.792929506610218959e+04
2.329951583321586417e-01 1.600723603636847838e+04
2.559547670553742882e-01 1.457209553571301512e+04
2.811768418164965477e-01 1.344559207167728346e+04
3.088843286001189403e-01 1.217338443834483769e+04
3.393221427425128778e-01 1.120639068641983613e+04
3.727593338166072523e-01 1.038645633543073745e+04
4.094914638472018087e-01 9.614305467154394137e+03
4.498432198782237879e-01 8.902352200425026240e+03
4.941712839853393824e-01 8.252881849855097244e+03
5.428674861028858212e-01 7.708241903064067628e+03
5.963622675339625978e-01 7.150554890186065677e+03
6.551284857587630350e-01 6.686095320455072397e+03
7.196855941730535555e-01 6.228784213410714983e+03
7.906042337028588163e-01 5.793927144652021525e+03
8.685112768820903995e-01 5.355988996271602446e+03
9.540953689793428838e-01 4.931461243266019665e+03
1.048113015153642191e+00 0.000000000000000000e+00
