1.048113066601954503e-02 1.888508575462585548e+06
1.151395323963562076e-02 0.000000000000000000e+00
1.264855132798976302e-02 1.124632793933540117e+06
1.389495400641860279e-02 1.927736021272616228e+06
1.526417862678452857e-02 1.318105222379089799e+06
1.676832820337198493e-02 0.000000000000000000e+00
1.842069839530119726e-02 1.111058171438159421e+06
2.023589503111089191e-02 1.554541457787694177e+06
2.222996321434766651e-02 8.854612002743415069e+05
2.442052915136719640e-02 6.341403862306022784e+05
2.682695595500901239e-02 4.891754898631334072e+05
2.947051480134291537e-02 3.698580403168279445e+05
3.237457295239669353e-02 2.097555704643192294e+05
3.556480030685772731e-02 1.808511209803546662e+05
3.906939630451649464e-02 1.595247864087513590e+05
4.291933919013282694e-02 1.485319031321081275e+05
4.714865984004791566e-02 1.457902165833155159e+05
5.179474257198286163e-02 1.643813799648746499e+05
5.689865559697841746e-02 1.781246133790957101e+05
6.250551403444545850e-02 1.997525965478276485e+05
6.866487869913283359e-02 1.544734034377591452e+05
7.543119418501802176e-02 1.186598458453573985e+05
8.286427011848424007e-02 8.714261813481026911e+04
9.102980983473445142e-02 7.247543171812790388e+04
9.999999115058272325e-02 6.867414334841040545e+04
1.098541043672585787e-01 6.915312344921655313e+04
1.206792531427361148e-01 6.055701185626916413e+04
1.325711244288214907e-01 5.102275070761359530e+04
1.456348342787200378e-01 4.506827818918143021e+04
1.599858570014452974e-01 4.029162974365102127e+04
1.757510458761641914e-01 3.635832594616864662e+04
1.930697544488981787e-01 3.336165930262517941e+04
2.120950683230800604e-01 2.995716861439964123e+04
2.329951583321586417e-01 2.712740325006117928e+04
2.559547670553742882e-01 2.491808614359433341e+04
2.811768418164965477e-01 2.282003987796176079e+04
3.088843286001189403e-01 2.119571799833576370e+04
3.393221427425128778e-01 1.953564148465633480e+04
3.727593338166072523e-01 1.820923614938644459e+04
4.094914638472018087e-01 1.713064093819761547e+04
4.498432198782237879e-01 1.595465087406576640e+04
4.941712839853393824e-01 1.501245760582618459e+04
5.428674861028858212e-01 1.398528009464615025e+04
5.963622675339625978e-01 1.312626998961351819e+04
6.551284857587630350e-01 1.232323434642524808e+04
7.196855941730535555e-01 1.153663175276055335e+04
7.906042337028588163e-01 1.081288238215398815e+04
8.685112768820903995e-01 1.008925124966187104e+04
9.540953689793428838e-01 9.386409542374172815e+03
1.048113015153642191e+00 0.000000000000000000e+00
