1.048113066601954503e-02 1.593102965901012358e+05
1.151395323963562076e-02 0.000000000000000000e+00
1.264855132798976302e-02 1.087616593069488299e+05
1.389495400641860279e-02 1.693128795200765016e+05
1.526417862678452857e-02 2.334897668992178806e+05
1.676832820337198493e-02 0.000000000000000000e+00
1.842069839530119726e-02 1.702181614173441776e+05
2.023589503111089191e-02 9.265890883018825843e+04
2.222996321434766651e-02 1.279323229597930913e+05
2.442052915136719640e-02 9.512886708855451434e+04
2.682695595500901239e-02 7.821753017451557389e+04
2.947051480134291537e-02 8.050073637639409571e+04
3.237457295239669353e-02 5.597356889708210656e+04
3.556480030685772731e-02 6.625825114185283019e+04
3.906939630451649464e-02 4.791037820525644202e+04
4.291933919013282694e-02 4.362725042592819227e+04
4.714865984004791566e-02 3.805729016645577940e+04
5.179474257198286163e-02 3.648338163413939765e+04
5.689865559697841746e-02 4.007506759524441441e+04
6.250551403444545850e-02 3.583983163698829594e+04
6.866487869913283359e-02 2.951548017240160334e+04
7.543119418501802176e-02 2.200421733833391045e+04
8.286427011848424007e-02 1.704499570695653892e+04
9.102980983473445142e-02 1.453389635425069719e+04
9.999999115058272325e-02 1.355861851700421175e+04
1.098541043672585787e-01 1.331082664749101423e+04
1.206792531427361148e-01 1.144283369742670584e+04
1.325711244288214907e-01 8.913910501140486303e+03
1.456348342787200378e-01 7.533608944199937469e+03
1.599858570014452974e-01 6.892331216587218478e+03
1.757510458761641914e-01 5.927004501427729338e+03
1.930697544488981787e-01 5.095140892335937679e+03
2.120950683230800604e-01 4.462624884578337515e+03
2.329951583321586417e-01 3.942353391847790590e+03
2.559547670553742882e-01 3.447441284270805681e+03
2.811768418164965477e-01 3.027894001462310371e+03
3.088843286001189403e-01 2.668748140372718353e+03
3.393221427425128778e-01 2.399338889327965262e+03
3.727593338166072523e-01 2.124653849038112639e+03
4.094914638472018087e-01 1.905942499622626428e+03
4.498432198782237879e-01 1.716971555250713664e+03
4.941712839853393824e-01 1.549069182541859618e+03
5.428674861028858212e-01 1.406079288659440635e+03
5.963622675339625978e-01 1.285966531734568662e+03
6.551284857587630350e-01 1.172947948448223315e+03
7.196855941730535555e-01 1.074337808464850013e+03
7.906042337028588163e-01 9.900325162148751588e+02
8.685112768820903995e-01 9.121586320695959103e+02
9.540953689793428838e-01 8.440863583574330278e+02
1.048113015153642191e+00 0.000000000000000000e+00
