1.048113066601954503e-02 2.502638693390615517e+05
1.151395323963562076e-02 0.000000000000000000e+00
1.264855132798976302e-02 1.118615343733430782e+05
1.389495400641860279e-02 4.126267343275462626e+05
1.526417862678452857e-02 2.585148894008314819e+05
1.676832820337198493e-02 0.000000000000000000e+00
1.842069839530119726e-02 2.442353323077485256e+05
2.023589503111089191e-02 2.511004397347315098e+05
2.222996321434766651e-02 1.872158410175143508e+05
2.442052915136719640e-02 2.152919547225463903e+05
2.682695595500901239e-02 1.658289350974405825e+05
2.947051480134291537e-02 1.548083439340243349e+05
3.237457295239669353e-02 1.126552899607066647e+05
3.556480030685772731e-02 1.157272863457430503e+05
3.906939630451649464e-02 7.934637347385073372e+04
4.291933919013282694e-02 7.886502127708839544e+04
4.714865984004791566e-02 6.685242223092068161e+04
5.179474257198286163e-02 6.672113715141627472e+04
5.689865559697841746e-02 6.689529441990554915e+04
6.250551403444545850e-02 6.607978601143939886e+04
6.866487869913283359e-02 5.536109695250033838e+04
7.543119418501802176e-02 4.468408772537660116e+04
8.286427011848424007e-02 3.853382819507617387e+04
9.102980983473445142e-02 3.075376657602462365e+04
9.999999115058272325e-02 2.805011760591165876e+04
1.098541043672585787e-01 2.567933540770955369e+04
1.206792531427361148e-01 2.382002210428552280e+04
1.325711244288214907e-01 2.019850776878238321e+04
1.456348342787200378e-01 1.792483275687257628e+04
1.599858570014452974e-01 1.606202087942392973e+04
1.757510458761641914e-01 1.446967418674185319e+04
1.930697544488981787e-01 1.312480793238131992e+04
2.120950683230800604e-01 1.186269961546980630e+04
2.329951583321586417e-01 1.066512761742728435e+04
2.559547670553742882e-01 9.724691256549001992e+03
2.811768418164965477e-01 8.968342804911602798e+03
3.088843286001189403e-01 8.151680893158484650e+03
3.393221427425128778e-01 7.577522186484984559e+03
3.727593338166072523e-01 6.980799135918647153e+03
4.094914638472018087e-01 6.472159964182774274e+03
4.498432198782237879e-01 6.034099606656919605e+03
4.941712839853393824e-01 5.658460332351365651e+03
5.428674861028858212e-01 5.266052972896958636e+03
5.963622675339625978e-01 4.934163292263350741e+03
6.551284857587630350e-01 4.613044861127839795e+03
7.196855941730535555e-01 4.305481472004840725e+03
7.906042337028588163e-01 3.989693969292228758e+03
8.685112768820903995e-01 3.711774703798318569e+03
9.540953689793428838e-01 3.438090704077354530e+03
1.048113015153642191e+00 0.000000000000000000e+00
