1.048113066601954503e-02 9.848586100396600159e+03
1.151395323963562076e-02 0.000000000000000000e+00
1.264855132798976302e-02 2.603928988269155525e+04
1.389495400641860279e-02 2.579604976641917528e+04
1.526417862678452857e-02 2.749467814325285508e+04
1.676832820337198493e-02 0.000000000000000000e+00
1.842069839530119726e-02 3.163169171939460648e+04
2.023589503111089191e-02 3.211519376785930945e+04
2.222996321434766651e-02 1.789087869434949971e+04
2.442052915136719640e-02 3.824532266863976110e+04
2.682695595500901239e-02 2.774745881518760871e+04
2.947051480134291537e-02 2.238711428647708817e+04
3.237457295239669353e-02 3.032451795706411212e+04
3.556480030685772731e-02 3.393397455847459787e+04
3.906939630451649464e-02 2.841011463454568730e+04
4.291933919013282694e-02 2.652807933165557552e+04
4.714865984004791566e-02 2.475989375279421802e+04
5.179474257198286163e-02 2.537471938308136669e+04
5.689865559697841746e-02 2.290113919065098162e+04
6.250551403444545850e-02 2.206842712833233963e+04
6.866487869913283359e-02 2.142342534571415308e+04
7.543119418501802176e-02 2.023591080385818714e+04
8.286427011848424007e-02 1.844169840245402156e+04
9.102980983473445142e-02 1.574169388668561442e+04
9.999999115058272325e-02 1.488559459757719014e+04
1.098541043672585787e-01 1.378005361704599636e+04
1.206792531427361148e-01 1.274736202891155699e+04
1.325711244288214907e-01 1.174017850066634855e+04
1.456348342787200378e-01 1.044243163150520922e+04
1.599858570014452974e-01 9.419151913080375380e+03
1.757510458761641914e-01 8.422854061472331523e+03
1.930697544488981787e-01 7.673727018237090306e+03
2.120950683230800604e-01 6.842271558336342423e+03
2.329951583321586417e-01 6.119902854069081513e+03
2.559547670553742882e-01 5.620881463630901635e+03
2.811768418164965477e-01 5.082485528606910520e+03
3.088843286001189403e-01 4.617935092110138612e+03
3.393221427425128778e-01 4.219787195034775323e+03
3.727593338166072523e-01 3.865657219561666352e+03
4.094914638472018087e-01 3.572956435048664389e+03
4.498432198782237879e-01 3.301191822138483076e+03
4.941712839853393824e-01 3.060001325844791154e+03
5.428674861028858212e-01 2.846549969252148912e+03
5.963622675339625978e-01 2.654630669686312103e+03
6.551284857587630350e-01 2.493789696050163002e+03
7.196855941730535555e-01 2.345624987852458617e+03
7.906042337028588163e-01 2.214681274574748386e+03
8.685112768820903995e-01 2.099140445502827333e+03
9.540953689793428838e-01 1.993460334864521883e+03
1.048113015153642191e+00 0.000000000000000000e+00
