1.048113066601954503e-02 3.009127639822256286e+06
1.151395323963562076e-02 0.000000000000000000e+00
1.264855132798976302e-02 1.090882722001835238e+06
1.389495400641860279e-02 1.040206766945547308e+06
1.526417862678452857e-02 9.072612671506765764e+05
1.676832820337198493e-02 0.000000000000000000e+00
1.842069839530119726e-02 8.729325957957296632e+05
2.023589503111089191e-02 7.191895432120559271e+05
2.222996321434766651e-02 7.648568768740210216e+05
2.442052915136719640e-02 2.866185406121730339e+05
2.682695595500901239e-02 2.815617279007374309e+05
2.947051480134291537e-02 3.246980295426168013e+05
3.237457295239669353e-02 2.578975481558172032e+05
3.556480030685772731e-02 2.386197079856590717e+05
3.906939630451649464e-02 1.659303468519329326e+05
4.291933919013282694e-02 1.384918163960121165e+05
4.714865984004791566e-02 1.200552613545199856e+05
5.179474257198286163e-02 1.238905852790016797e+05
5.689865559697841746e-02 1.155138215864255326e+05
6.250551403444545850e-02 1.035569735779187322e+05
6.866487869913283359e-02 1.102285645017509523e+05
7.543119418501802176e-02 9.533567101146954519e+04
8.286427011848424007e-02 7.452173046606310527e+04
9.102980983473445142e-02 6.285977413905992580e+04
9.999999115058272325e-02 5.090550648943897977e+04
1.098541043672585787e-01 4.604134635411583440e+04
1.206792531427361148e-01 4.189182721271338960e+04
1.325711244288214907e-01 3.954811581916816795e+04
1.456348342787200378e-01 3.426681053840192908e+04
1.599858570014452974e-01 3.026855656009051017e+04
1.757510458761641914e-01 2.702634506735700415e+04
1.930697544488981787e-01 2.397333159946788874e+04
2.120950683230800604e-01 2.203717861209855619e+04
2.329951583321586417e-01 2.001618407840248983e+04
2.559547670553742882e-01 1.849867221381222771e+04
2.811768418164965477e-01 1.668742324956274388e+04
3.088843286001189403e-01 1.518465103524876940e+04
3.393221427425128778e-01 1.395709056888475425e+04
3.727593338166072523e-01 1.289015897405350188e+04
4.094914638472018087e-01 1.193677646567158081e+04
4.498432198782237879e-01 1.113085451360930347e+04
4.941712839853393824e-01 1.034432277137614983e+04
5.428674861028858212e-01 9.603720577580705140e+03
5.963622675339625978e-01 8.943716958723467542e+03
6.551284857587630350e-01 8.254443575304467231e+03
7.196855941730535555e-01 7.620207569061195500e+03
7.906042337028588163e-01 7.033595123558522573e+03
8.685112768820903995e-01 6.442573064731324848e+03
9.540953689793428838e-01 5.861074052702739209e+03
1.048113015153642191e+00 0.000000000000000000e+00
