1.048113066601954503e-02 3.218818408333952539e+05
1.151395323963562076e-02 0.000000000000000000e+00
1.264855132798976302e-02 1.025511644496771740e+06
1.389495400641860279e-02 5.839239709150048438e+05
1.526417862678452857e-02 4.613518782060932135e+05
1.676832820337198493e-02 0.000000000000000000e+00
1.842069839530119726e-02 4.779159485021297587e+05
2.023589503111089191e-02 4.869237387305728626e+05
2.222996321434766651e-02 3.459110974374662037e+05
2.442052915136719640e-02 3.053141666525934124e+05
2.682695595500901239e-02 2.220769695732954715e+05
2.947051480134291537e-02 2.086019340841429657e+05
3.237457295239669353e-02 1.501505050257772673e+05
3.556480030685772731e-02 1.553868715677986620e+05
3.906939630451649464e-02 1.169113739787578379e+05
4.291933919013282694e-02 9.254160436816734727e+04
4.714865984004791566e-02 7.958473840783658670e+04
5.179474257198286163e-02 7.587535532437136862e+04
5.689865559697841746e-02 7.629576257803518092e+04
6.250551403444545850e-02 6.690634165599170956e+04
6.866487869913283359e-02 6.178529152034611616e+04
7.543119418501802176e-02 4.929199039353959961e+04
8.286427011848424007e-02 3.819478231197627611e+04
9.102980983473445142e-02 3.118706811936853046e+04
9.999999115058272325e-02 2.708175351233830588e+04
1.098541043672585787e-01 2.435873851066903444e+04
1.206792531427361148e-01 2.299980851361857276e+04
1.325711244288214907e-01 1.935116239290036901e+04
1.456348342787200378e-01 1.649115351327452663e+04
1.599858570014452974e-01 1.402093246576292586e+04
1.757510458761641914e-01 1.230832557834760883e+04
1.930697544488981787e-01 1.095820208725627890e+04
2.120950683230800604e-01 9.614375333197283908e+03
2.329951583321586417e-01 8.448450936714347336e+03
2.559547670553742882e-01 7.484249606376452903e+03
2.811768418164965477e-01 6.683415200926245234e+03
3.088843286001189403e-01 5.989358185020721066e+03
3.393221427425128778e-01 5.342325032676128103e+03
3.727593338166072523e-01 4.809637661292577832e+03
4.094914638472018087e-01 4.354858348471931095e+03
4.498432198782237879e-01 3.964333302554382499e+03
4.941712839853393824e-01 3.623557299249416246e+03
5.428674861028858212e-01 3.312994852060000085e+03
5.963622675339625978e-01 3.047882706268162110e+03
6.551284857587630350e-01 2.799858931154081802e+03
7.196855941730535555e-01 2.579628792221368258e+03
7.906042337028588163e-01 2.379373668118443675e+03
8.685112768820903995e-01 2.210399484226944878e+03
9.540953689793428838e-01 2.049910624104330964e+03
1.048113015153642191e+00 0.000000000000000000e+00
