1.048113066601954503e-02 3.656268092823364714e+04
1.151395323963562076e-02 0.000000000000000000e+00
1.264855132798976302e-02 3.996057065059443994e+04
1.389495400641860279e-02 3.449837298490331887e+04
1.526417862678452857e-02 4.018493291099021735e+04
1.676832820337198493e-02 0.000000000000000000e+00
1.842069839530119726e-02 3.972946229739188857e+04
2.023589503111089191e-02 4.923395231219144625e+04
2.222996321434766651e-02 3.926552176252913341e+04
2.442052915136719640e-02 6.259167092326348211e+04
2.682695595500901239e-02 5.383729752549061232e+04
2.947051480134291537e-02 5.518929871685210674e+04
3.237457295239669353e-02 5.246724552841848345e+04
3.556480030685772731e-02 3.891464039163555572e+04
3.906939630451649464e-02 4.211097608328987553e+04
4.291933919013282694e-02 3.552337409223061695e+04
4.714865984004791566e-02 3.356069442031833751e+04
5.179474257198286163e-02 3.378576422680058022e+04
5.689865559697841746e-02 3.203582404593821411e+04
6.250551403444545850e-02 2.827386218182085577e+04
6.866487869913283359e-02 2.869808827673302949e+04
7.543119418501802176e-02 2.636945656867261641e+04
8.286427011848424007e-02 2.479553638187903925e+04
9.102980983473445142e-02 2.284361107093347891e+04
9.999999115058272325e-02 1.993856381018789034e+04
1.098541043672585787e-01 1.731455422211363839e+04
1.206792531427361148e-01 1.603392435537322672e+04
1.325711244288214907e-01 1.455382891976516112e+04
1.456348342787200378e-01 1.364638258971325195e+04
1.599858570014452974e-01 1.225754781289905077e+04
1.757510458761641914e-01 1.088798068606494962e+04
1.930697544488981787e-01 9.963605743689347946e+03
2.120950683230800604e-01 9.162769630713752122e+03
2.329951583321586417e-01 8.291144238822917032e+03
2.559547670553742882e-01 7.605679661160374053e+03
2.811768418164965477e-01 7.032875550605396711e+03
3.088843286001189403e-01 6.452317596937848975e+03
3.393221427425128778e-01 6.000633062911003435e+03
3.727593338166072523e-01 5.561579591574023652e+03
4.094914638472018087e-01 5.201746010656474937e+03
4.498432198782237879e-01 4.895589153570491362e+03
4.941712839853393824e-01 4.596399924804496550e+03
5.428674861028858212e-01 4.333400523407415676e+03
5.963622675339625978e-01 4.089019724601024336e+03
6.551284857587630350e-01 3.849174730989924683e+03
7.196855941730535555e-01 3.643668747579867158e+03
7.906042337028588163e-01 3.446700796788919433e+03
8.685112768820903995e-01 3.256656877302465546e+03
9.540953689793428838e-01 3.077371957162166836e+03
1.048113015153642191e+00 0.000000000000000000e+00
