1.048113066601954503e-02 2.343606006135978532e+04
1.151395323963562076e-02 0.000000000000000000e+00
1.264855132798976302e-02 2.891608239112194860e+04
1.389495400641860279e-02 2.520114302100466011e+04
1.526417862678452857e-02 2.725605119511044541e+04
1.676832820337198493e-02 0.000000000000000000e+00
1.842069839530119726e-02 4.137706402531066124e+04
2.023589503111089191e-02 2.349495159784648422e+04
2.222996321434766651e-02 2.262915300616044260e+04
2.442052915136719640e-02 2.935791736574529568e+04
2.682695595500901239e-02 2.851437463933362960e+04
2.947051480134291537e-02 1.969968701997910830e+04
3.237457295239669353e-02 2.347305028678136296e+04
3.556480030685772731e-02 2.398517619233391815e+04
3.906939630451649464e-02 1.963159448158169107e+04
4.291933919013282694e-02 2.030816595762277575e+04
4.714865984004791566e-02 1.705661488590198860e+04
5.179474257198286163e-02 1.552119656756967379e+04
5.689865559697841746e-02 1.451195590801893741e+04
6.250551403444545850e-02 1.394831355187943518e+04
6.866487869913283359e-02 1.378419134606165608e+04
7.543119418501802176e-02 1.279048732764871238e+04
8.286427011848424007e-02 1.110999385880764203e+04
9.102980983473445142e-02 1.039698476487900007e+04
9.999999115058272325e-02 8.215733636134427798e+03
1.098541043672585787e-01 7.616394176164021701e+03
1.206792531427361148e-01 6.940417336145614172e+03
1.325711244288214907e-01 6.290240805621215259e+03
1.456348342787200378e-01 5.571046891815583876e+03
1.599858570014452974e-01 4.823398020011282824e+03
1.757510458761641914e-01 4.155809862325446375e+03
1.930697544488981787e-01 3.789549966064367709e+03
2.120950683230800604e-01 3.356691352509343687e+03
2.329951583321586417e-01 2.953317869093689296e+03
2.559547670553742882e-01 2.648768704438861278e+03
2.811768418164965477e-01 2.380327065683008641e+03
3.088843286001189403e-01 2.113590274487822171e+03
3.393221427425128778e-01 1.910604704887121898e+03
3.727593338166072523e-01 1.705818537592706207e+03
4.094914638472018087e-01 1.549609980164167837e+03
4.498432198782237879e-01 1.414017899132438743e+03
4.941712839853393824e-01 1.288437461420367299e+03
5.428674861028858212e-01 1.178922909808610029e+03
5.963622675339625978e-01 1.083299836246621453e+03
6.551284857587630350e-01 9.964667067317863030e+02
7.196855941730535555e-01 9.235098308070377016e+02
7.906042337028588163e-01 8.560724635200484727e+02
8.685112768820903995e-01 7.952856883150137719e+02
9.540953689793428838e-01 7.413899048434448105e+02
1.048113015153642191e+00 0.000000000000000000e+00
