1.048113066601954503e-02 3.215656015712703811e+05
1.151395323963562076e-02 0.000000000000000000e+00
1.264855132798976302e-02 2.816559942254421767e+05
1.389495400641860279e-02 1.989210761419753544e+05
1.526417862678452857e-02 1.369419637603162264e+05
1.676832820337198493e-02 0.000000000000000000e+00
1.842069839530119726e-02 2.278083916225653084e+05
2.023589503111089191e-02 1.263880392237432388e+05
2.222996321434766651e-02 1.461304361332535918e+05
2.442052915136719640e-02 1.112522443853678997e+05
2.682695595500901239e-02 1.183478713560551987e+05
2.947051480134291537e-02 9.769784181239335157e+04
3.237457295239669353e-02 8.598097705288321595e+04
3.556480030685772731e-02 6.864440513191121863e+04
3.906939630451649464e-02 7.185634153359054471e+04
4.291933919013282694e-02 5.430229741204489255e+04
4.714865984004791566e-02 5.909222774267390196e+04
5.179474257198286163e-02 5.483268604813866841e+04
5.689865559697841746e-02 5.009818188639744767e+04
6.250551403444545850e-02 4.669646732399564644e+04
6.866487869913283359e-02 3.804542996608751127e+04
7.543119418501802176e-02 3.064356137058685272e+04
8.286427011848424007e-02 2.716201697925169356e+04
9.102980983473445142e-02 2.348515324053348013e+04
9.999999115058272325e-02 2.325022431178987608e+04
1.098541043672585787e-01 2.026628171849579303e+04
1.206792531427361148e-01 1.733452006327743220e+04
1.325711244288214907e-01 1.505718634983299125e+04
1.456348342787200378e-01 1.343336019080217375e+04
1.599858570014452974e-01 1.232958480957743086e+04
1.757510458761641914e-01 1.087287740136385764e+04
1.930697544488981787e-01 9.713981084824867139e+03
2.120950683230800604e-01 8.775727660383525290e+03
2.329951583321586417e-01 7.859640120191001188e+03
2.559547670553742882e-01 7.166240741264598910e+03
2.811768418164965477e-01 6.524928587700838762e+03
3.088843286001189403e-01 5.965178992530835785e+03
3.393221427425128778e-01 5.492409678093998082e+03
3.727593338166072523e-01 5.026303165524869655e+03
4.094914638472018087e-01 4.687365794992814699e+03
4.498432198782237879e-01 4.360466253869349202e+03
4.941712839853393824e-01 4.052419450222834712e+03
5.428674861028858212e-01 3.776883648119270219e+03
5.963622675339625978e-01 3.532804103938335174e+03
6.551284857587630350e-01 3.297198161187526239e+03
7.196855941730535555e-01 3.080066104614886171e+03
7.906042337028588163e-01 2.869665598096019949e+03
8.685112768820903995e-01 2.667918654831822550e+03
9.540953689793428838e-01 2.483582208829420779e+03
1.048113015153642191e+00 0.000000000000000000e+00
