1.048113066601954503e-02 3.359852136535908794e+05
1.151395323963562076e-02 0.000000000000000000e+00
1.264855132798976302e-02 6.030926894269253826e+05
1.389495400641860279e-02 2.813640490688225836e+05
1.526417862678452857e-02 4.549349064917360083e+05
1.676832820337198493e-02 0.000000000000000000e+00
1.842069839530119726e-02 3.470375829895444913e+05
2.023589503111089191e-02 2.168183566218571796e+05
2.222996321434766651e-02 1.878969832441926119e+05
2.442052915136719640e-02 2.194520181257615332e+05
2.682695595500901239e-02 1.241051715105587355e+05
2.947051480134291537e-02 9.994469043771870201e+04
3.237457295239669353e-02 7.684891710467867961e+04
3.556480030685772731e-02 6.053919689297539298e+04
3.906939630451649464e-02 5.183811815753462724e+04
4.291933919013282694e-02 4.616553786231226695e+04
4.714865984004791566e-02 4.392901503719881293e+04
5.179474257198286163e-02 4.237545310126093682e+04
5.689865559697841746e-02 4.573658442216148251e+04
6.250551403444545850e-02 4.012819429410654266e+04
6.866487869913283359e-02 3.524015861644309189e+04
7.543119418501802176e-02 2.655104874205780652e+04
8.286427011848424007e-02 1.862090775728017979e+04
9.102980983473445142e-02 1.517816914229326721e+04
9.999999115058272325e-02 1.486134103645332107e+04
1.098541043672585787e-01 1.475213746386938146e+04
1.206792531427361148e-01 1.223875488278631201e+04
1.325711244288214907e-01 9.570674176401524164e+03
1.456348342787200378e-01 8.337822530195895524e+03
1.599858570014452974e-01 7.547034492056494855e+03
1.757510458761641914e-01 6.462905503270226291e+03
1.930697544488981787e-01 5.579966143919411479e+03
2.120950683230800604e-01 4.990025045003777450e+03
2.329951583321586417e-01 4.301284340402995440e+03
2.559547670553742882e-01 3.798688439143243158e+03
2.811768418164965477e-01 3.382514201259195943e+03
3.088843286001189403e-01 2.986832298455100954e+03
3.393221427425128778e-01 2.671962192103790130e+03
3.727593338166072523e-01 2.388436902266109428e+03
4.094914638472018087e-01 2.144980992569950104e+03
4.498432198782237879e-01 1.945460267307566710e+03
4.941712839853393824e-01 1.765441530351089341e+03
5.428674861028858212e-01 1.607296010347004994e+03
5.963622675339625978e-01 1.467798240232688158e+03
6.551284857587630350e-01 1.341657143346452813e+03
7.196855941730535555e-01 1.227551607472575142e+03
7.906042337028588163e-01 1.123842993807620815e+03
8.685112768820903995e-01 1.029208082639600661e+03
9.540953689793428838e-01 9.461815867516618255e+02
1.048113015153642191e+00 0.000000000000000000e+00
