1.048113066601954503e-02 5.984783373240226647e+05
1.151395323963562076e-02 0.000000000000000000e+00
1.264855132798976302e-02 1.826988227500307839e+05
1.389495400641860279e-02 2.240316542220351403e+05
1.526417862678452857e-02 2.595572486497694044e+05
1.676832820337198493e-02 0.000000000000000000e+00
1.842069839530119726e-02 3.094060865366364014e+05
2.023589503111089191e-02 2.147619838093363214e+05
2.222996321434766651e-02 3.000421946437156294e+05
2.442052915136719640e-02 2.661834935599669116e+05
2.682695595500901239e-02 2.789565294458463322e+05
2.947051480134291537e-02 1.892293341071468312e+05
3.237457295239669353e-02 2.277362845790490974e+05
3.556480030685772731e-02 1.731739388863783097e+05
3.906939630451649464e-02 1.460818672799376363e+05
4.291933919013282694e-02 1.499408465714042250e+05
4.714865984004791566e-02 1.172097354742733733e+05
5.179474257198286163e-02 1.160561669023808208e+05
5.689865559697841746e-02 1.029530535162815067e+05
6.250551403444545850e-02 9.080537704051788023e+04
6.866487869913283359e-02 8.829513253610942047e+04
7.543119418501802176e-02 8.064812547058102791e+04
8.286427011848424007e-02 7.322774409403513710e+04
9.102980983473445142e-02 6.259792940115409147e+04
9.999999115058272325e-02 5.606135424989694729e+04
1.098541043672585787e-01 4.788044068136072019e+04
1.206792531427361148e-01 4.231931784343616164e+04
1.325711244288214907e-01 3.835827016423062742e+04
1.456348342787200378e-01 3.592335294352184428e+04
1.599858570014452974e-01 3.073608196951104401e+04
1.757510458761641914e-01 2.806007657325095715e+04
1.930697544488981787e-01 2.591971617368130683e+04
2.120950683230800604e-01 2.335400155383862875e+04
2.329951583321586417e-01 2.118426522302229569e+04
2.559547670553742882e-01 1.952758631933287688e+04
2.811768418164965477e-01 1.793240489030465324e+04
3.088843286001189403e-01 1.652017799703086348e+04
3.393221427425128778e-01 1.531381155275809579e+04
3.727593338166072523e-01 1.422159194743100306e+04
4.094914638472018087e-01 1.327199669477113275e+04
4.498432198782237879e-01 1.243911325630484680e+04
4.941712839853393824e-01 1.158639126647419835e+04
5.428674861028858212e-01 1.090952177504830615e+04
5.963622675339625978e-01 1.030716468642400650e+04
6.551284857587630350e-01 9.679330758100375533e+03
7.196855941730535555e-01 9.118144636551151052e+03
7.906042337028588163e-01 8.584867252124140578e+03
8.685112768820903995e-01 8.068832059394755561e+03
9.540953689793428838e-01 7.559745007202111083e+03
1.048113015153642191e+00 0.000000000000000000e+00
