1.048113066601954503e-02 4.091093732623520191e+04
1.151395323963562076e-02 0.000000000000000000e+00
1.264855132798976302e-02 6.718503042990482936e+04
1.389495400641860279e-02 2.377887887724655593e+04
1.526417862678452857e-02 3.661552256207825121e+04
1.676832820337198493e-02 0.000000000000000000e+00
1.842069839530119726e-02 3.560935897336787457e+04
2.023589503111089191e-02 4.148610965175983438e+04
2.222996321434766651e-02 3.355605685028679727e+04
2.442052915136719640e-02 4.294498572759612580e+04
2.682695595500901239e-02 4.653205169032223057e+04
2.947051480134291537e-02 3.612674208197325061e+04
3.237457295239669353e-02 3.507332757120388851e+04
3.556480030685772731e-02 3.554178117764978379e+04
3.906939630451649464e-02 3.542138226291110186e+04
4.291933919013282694e-02 3.461581239498453215e+04
4.714865984004791566e-02 3.328014196746611560e+04
5.179474257198286163e-02 2.836980645872709283e+04
5.689865559697841746e-02 2.701451790448291649e+04
6.250551403444545850e-02 2.731194067788125176e+04
6.866487869913283359e-02 2.587237170984161276e+04
7.543119418501802176e-02 2.368498998865866452e+04
8.286427011848424007e-02 2.080832232773661963e+04
9.102980983473445142e-02 1.987924454626061561e+04
9.999999115058272325e-02 1.785421314166393131e+04
1.098541043672585787e-01 1.540314656831701723e+04
1.206792531427361148e-01 1.412388581234570120e+04
1.325711244288214907e-01 1.322184187219643718e+04
1.456348342787200378e-01 1.200648920351861307e+04
1.599858570014452974e-01 1.067063767399066455e+04
1.757510458761641914e-01 9.745693495605773933e+03
1.930697544488981787e-01 8.794061006278678178e+03
2.120950683230800604e-01 8.078852842117394175e+03
2.329951583321586417e-01 7.339878435846163484e+03
2.559547670553742882e-01 6.776135377797369983e+03
2.811768418164965477e-01 6.165731940374325859e+03
3.088843286001189403e-01 5.735318359944592885e+03
3.393221427425128778e-01 5.312062628593348563e+03
3.727593338166072523e-01 4.930826145514422933e+03
4.094914638472018087e-01 4.616582720536869601e+03
4.498432198782237879e-01 4.308543916263515712e+03
4.941712839853393824e-01 4.063820839363388586e+03
5.428674861028858212e-01 3.825348974887264831e+03
5.963622675339625978e-01 3.608816519192488158e+03
6.551284857587630350e-01 3.410507764452632273e+03
7.196855941730535555e-01 3.215338085076450625e+03
7.906042337028588163e-01 3.044873675520463166e+03
8.685112768820903995e-01 2.870533412159426462e+03
9.540953689793428838e-01 2.707492486801098039e+03
1.048113015153642191e+00 0.000000000000000000e+00
