1.048113066601954503e-02 4.781057057892166631e+04
1.151395323963562076e-02 0.000000000000000000e+00
1.264855132798976302e-02 4.242796900170296431e+04
1.389495400641860279e-02 4.853584219682682306e+04
1.526417862678452857e-02 5.245254706749097386e+04
1.676832820337198493e-02 0.000000000000000000e+00
1.842069839530119726e-02 4.220206193606805027e+04
2.023589503111089191e-02 4.367599691081809578e+04
2.222996321434766651e-02 5.666546880333010631e+04
2.442052915136719640e-02 3.283567111328522878e+04
2.682695595500901239e-02 3.541557722180888959e+04
2.947051480134291537e-02 4.198962274956418696e+04
3.237457295239669353e-02 3.332161085745292803e+04
3.556480030685772731e-02 3.125837408802714344e+04
3.906939630451649464e-02 3.053848978076959611e+04
4.291933919013282694e-02 2.732293923027966230e+04
4.714865984004791566e-02 2.478390758925429691e+04
5.179474257198286163e-02 2.481527999585974976e+04
5.689865559697841746e-02 2.229559424454338296e+04
6.250551403444545850e-02 2.258592805394818424e+04
6.866487869913283359e-02 2.219733349736527452e+04
7.543119418501802176e-02 1.966558765678804411e+04
8.286427011848424007e-02 1.794747120288609221e+04
9.102980983473445142e-02 1.513734922945533253e+04
9.999999115058272325e-02 1.264289184038835992e+04
1.098541043672585787e-01 1.183949742119171788e+04
1.206792531427361148e-01 1.110270931079105685e+04
1.325711244288214907e-01 9.709276210491945676e+03
1.456348342787200378e-01 8.823317050241008474e+03
1.599858570014452974e-01 7.509874734306621576e+03
1.757510458761641914e-01 6.833098795765312389e+03
1.930697544488981787e-01 6.264339112562991431e+03
2.120950683230800604e-01 5.526277508817596754e+03
2.329951583321586417e-01 4.927767698266525258e+03
2.559547670553742882e-01 4.493385527994167205e+03
2.811768418164965477e-01 4.024574886094239901e+03
3.088843286001189403e-01 3.641630705168359782e+03
3.393221427425128778e-01 3.329526268734708083e+03
3.727593338166072523e-01 3.027400325144279577e+03
4.094914638472018087e-01 2.782807788676974724e+03
4.498432198782237879e-01 2.557376897656335586e+03
4.941712839853393824e-01 2.353993422828379153e+03
5.428674861028858212e-01 2.184947268395605533e+03
5.963622675339625978e-01 2.035938269770271290e+03
6.551284857587630350e-01 1.897950229941723592e+03
7.196855941730535555e-01 1.775116278404171226e+03
7.906042337028588163e-01 1.667376759822535860e+03
8.685112768820903995e-01 1.569535733834780785e+03
9.540953689793428838e-01 1.482563837884646091e+03
1.048113015153642191e+00 0.000000000000000000e+00
