1.048113066601954503e-02 8.931665773547287972e+04
1.151395323963562076e-02 0.000000000000000000e+00
1.264855132798976302e-02 6.237994656844036945e+04
1.389495400641860279e-02 5.010941413573858881e+04
1.526417862678452857e-02 7.758634936048858799e+04
1.676832820337198493e-02 0.000000000000000000e+00
1.842069839530119726e-02 5.774563027979980689e+04
2.023589503111089191e-02 6.895976035541154852e+04
2.222996321434766651e-02 3.963043854186977842e+04
2.442052915136719640e-02 6.900699447664066975e+04
2.682695595500901239e-02 6.028940813963089022e+04
2.947051480134291537e-02 5.338187935159134940e+04
3.237457295239669353e-02 4.704656414431754092e+04
3.556480030685772731e-02 4.040612545128414058e+04
3.906939630451649464e-02 5.215754290700973070e+04
4.291933919013282694e-02 3.889965933278966259e+04
4.714865984004791566e-02 4.052483008211269043e+04
5.179474257198286163e-02 3.544070009310686874e+04
5.689865559697841746e-02 3.437239223152464547e+04
6.250551403444545850e-02 3.092427589140356577e+04
6.866487869913283359e-02 2.979416761186980875e+04
7.543119418501802176e-02 2.697925411400301527e+04
8.286427011848424007e-02 2.266388765416058959e+04
9.102980983473445142e-02 1.993099590675615764e+04
9.999999115058272325e-02 1.820964317241209937e+04
1.098541043672585787e-01 1.677173729309717601e+04
1.206792531427361148e-01 1.571642866837328620e+04
1.325711244288214907e-01 1.312537613699588837e+04
1.456348342787200378e-01 1.196104322126783154e+04
1.599858570014452974e-01 1.055733171475918971e+04
1.757510458761641914e-01 9.573669227706061065e+03
1.930697544488981787e-01 8.610911603941374779e+03
2.120950683230800604e-01 7.690567917869459961e+03
2.329951583321586417e-01 6.894414697575875834e+03
2.559547670553742882e-01 6.291194956702335730e+03
2.811768418164965477e-01 5.685451588058806010e+03
3.088843286001189403e-01 5.173565378622530261e+03
3.393221427425128778e-01 4.754948999513380841e+03
3.727593338166072523e-01 4.369476815035737673e+03
4.094914638472018087e-01 4.038514430883021305e+03
4.498432198782237879e-01 3.740791136390078464e+03
4.941712839853393824e-01 3.466996502491518186e+03
5.428674861028858212e-01 3.228519184350490377e+03
5.963622675339625978e-01 3.020959227603038016e+03
6.551284857587630350e-01 2.833687577530835370e+03
7.196855941730535555e-01 2.658626197998436510e+03
7.906042337028588163e-01 2.501069184509956358e+03
8.685112768820903995e-01 2.354907901874688832e+03
9.540953689793428838e-01 2.223927695856827540e+03
1.048113015153642191e+00 0.000000000000000000e+00
