1.048113066601954503e-02 5.740273872632116399e+04
1.151395323963562076e-02 0.000000000000000000e+00
1.264855132798976302e-02 9.254541746945875639e+04
1.389495400641860279e-02 7.251217612982845458e+04
1.526417862678452857e-02 6.914725663023127709e+04
1.676832820337198493e-02 0.000000000000000000e+00
1.842069839530119726e-02 6.710009620402198925e+04
2.023589503111089191e-02 7.520746910353597195e+04
2.222996321434766651e-02 5.857461128070804261e+04
2.442052915136719640e-02 4.693524070811645652e+04
2.682695595500901239e-02 4.790281603019296745e+04
2.947051480134291537e-02 6.164375027112172393e+04
3.237457295239669353e-02 5.170696891489053814e+04
3.556480030685772731e-02 3.414498006196930510e+04
3.906939630451649464e-02 3.714061736290268163e+04
4.291933919013282694e-02 3.198427268162265318e+04
4.714865984004791566e-02 3.084440099803033445e+04
5.179474257198286163e-02 2.668092356276071951e+04
5.689865559697841746e-02 2.735546502048943148e+04
6.250551403444545850e-02 2.491288021900434978e+04
6.866487869913283359e-02 2.260308447285616421e+04
7.543119418501802176e-02 2.314699984377693909e+04
8.286427011848424007e-02 1.938324481501227274e+04
9.102980983473445142e-02 1.685413709535128874e+04
9.999999115058272325e-02 1.346021531140640764e+04
1.098541043672585787e-01 1.183264145127357369e+04
1.206792531427361148e-01 1.067289122161323212e+04
1.325711244288214907e-01 1.044875346572749368e+04
1.456348342787200378e-01 9.237352935555105432e+03
1.599858570014452974e-01 7.772581979272426906e+03
1.757510458761641914e-01 6.978464087184948767e+03
1.930697544488981787e-01 6.386290912094754276e+03
2.120950683230800604e-01 5.854282373907427427e+03
2.329951583321586417e-01 5.125394254135873780e+03
2.559547670553742882e-01 4.671712999582960038e+03
2.811768418164965477e-01 4.219643855638171772e+03
3.088843286001189403e-01 3.822362283499874593e+03
3.393221427425128778e-01 3.509899182480303807e+03
3.727593338166072523e-01 3.215521905485563366e+03
4.094914638472018087e-01 2.954159474526055419e+03
4.498432198782237879e-01 2.741805870052754472e+03
4.941712839853393824e-01 2.547718161155062262e+03
5.428674861028858212e-01 2.365335603910210466e+03
5.963622675339625978e-01 2.209033255137341257e+03
6.551284857587630350e-01 2.062338496064308401e+03
7.196855941730535555e-01 1.926713429490234375e+03
7.906042337028588163e-01 1.803837824793953587e+03
8.685112768820903995e-01 1.686121331615772533e+03
9.540953689793428838e-01 1.581267316588457561e+03
1.048113015153642191e+00 0.000000000000000000e+00
