1.048113066601954503e-02 2.807155839341011015e+05
1.151395323963562076e-02 0.000000000000000000e+00
1.264855132798976302e-02 1.420130559477257484e+05
1.389495400641860279e-02 1.376392862803010503e+05
1.526417862678452857e-02 2.203217534424070036e+05
1.676832820337198493e-02 0.000000000000000000e+00
1.842069839530119726e-02 1.937707949935890210e+05
2.023589503111089191e-02 1.511180384812605334e+05
2.222996321434766651e-02 9.740727829403340002e+04
2.442052915136719640e-02 1.294157604616626486e+05
2.682695595500901239e-02 1.083745862363447959e+05
2.947051480134291537e-02 8.566649200464178284e+04
3.237457295239669353e-02 7.392137662011153589e+04
3.556480030685772731e-02 6.636419932676898316e+04
3.906939630451649464e-02 6.421649358140389086e+04
4.291933919013282694e-02 6.359282614498431212e+04
4.714865984004791566e-02 5.245826541405971511e+04
5.179474257198286163e-02 5.008883203629930358e+04
5.689865559697841746e-02 4.822817660321057338e+04
6.250551403444545850e-02 4.724264575081261137e+04
6.866487869913283359e-02 3.794217611133389437e+04
7.543119418501802176e-02 2.895427647790660194e+04
8.286427011848424007e-02 2.394637426263183443e+04
9.102980983473445142e-02 2.159601551242477217e+04
9.999999115058272325e-02 2.173859628498636812e+04
1.098541043672585787e-01 1.972951498186551908e+04
1.206792531427361148e-01 1.619653071978527259e+04
1.325711244288214907e-01 1.369184864449899032e+04
1.456348342787200378e-01 1.271181681900386502e+04
1.599858570014452974e-01 1.179293830103365326e+04
1.757510458761641914e-01 1.031938892764631419e+04
1.930697544488981787e-01 9.270691145162267276e+03
2.120950683230800604e-01 8.244284652426473258e+03
2.329951583321586417e-01 7.449214253349286082e+03
2.559547670553742882e-01 6.712585207757606440e+03
2.811768418164965477e-01 6.113935451523982920e+03
3.088843286001189403e-01 5.610599982290779735e+03
3.393221427425128778e-01 5.123990062178889275e+03
3.727593338166072523e-01 4.730221037598190378e+03
4.094914638472018087e-01 4.399040452939429997e+03
4.498432198782237879e-01 4.064802628249945883e+03
4.941712839853393824e-01 3.787190166523674634e+03
5.428674861028858212e-01 3.536422406092367055e+03
5.963622675339625978e-01 3.305814919366456706e+03
6.551284857587630350e-01 3.103528202201162458e+03
7.196855941730535555e-01 2.906149710421587770e+03
7.906042337028588163e-01 2.718043837093913226e+03
8.685112768820903995e-01 2.543791883864853844e+03
9.540953689793428838e-01 2.383965012317973560e+03
1.048113015153642191e+00 0.000000000000000000e+00
