1.048113066601954503e-02 2.067606316641036421e+06
1.151395323963562076e-02 0.000000000000000000e+00
1.264855132798976302e-02 1.230756052500595804e+06
1.389495400641860279e-02 2.112075446940799709e+06
1.526417862678452857e-02 1.444074658392260782e+06
1.676832820337198493e-02 0.000000000000000000e+00
1.842069839530119726e-02 1.218150050717301667e+06
2.023589503111089191e-02 1.703685629397290293e+06
2.222996321434766651e-02 9.712975553680465091e+05
2.442052915136719640e-02 6.958486604258778971e+05
2.682695595500901239e-02 5.365424105115901912e+05
2.947051480134291537e-02 4.056748912781758117e+05
3.237457295239669353e-02 2.300585593015722116e+05
3.556480030685772731e-02 1.984288824315745733e+05
3.906939630451649464e-02 1.751551120502381818e+05
4.291933919013282694e-02 1.629950696464808425e+05
4.714865984004791566e-02 1.600302893400083121e+05
5.179474257198286163e-02 1.804086536952182651e+05
5.689865559697841746e-02 1.955474010259225906e+05
6.250551403444545850e-02 2.193796349741829326e+05
6.866487869913283359e-02 1.697913967243106454e+05
7.543119418501802176e-02 1.305190808210054820e+05
8.286427011848424007e-02 9.592679656661239278e+04
9.102980983473445142e-02 7.982396261994620727e+04
9.999999115058272325e-02 7.564524264928066987e+04
1.098541043672585787e-01 7.618522372319907299e+04
1.206792531427361148e-01 6.674705075621609285e+04
1.325711244288214907e-01 5.628489208466756827e+04
1.456348342787200378e-01 4.974761901735648280e+04
1.599858570014452974e-01 4.449978297299621045e+04
1.757510458761641914e-01 4.017945376340273651e+04
1.930697544488981787e-01 3.689192570521200832e+04
2.120950683230800604e-01 3.314672881329771189e+04
2.329951583321586417e-01 3.003641462719369883e+04
2.559547670553742882e-01 2.760615135448217916e+04
2.811768418164965477e-01 2.529900779857097587e+04
3.088843286001189403e-01 2.351359061696815479e+04
3.393221427425128778e-01 2.168449756810433973e+04
3.727593338166072523e-01 2.022557212495006024e+04
4.094914638472018087e-01 1.903962659528174117e+04
4.498432198782237879e-01 1.774328568188894860e+04
4.941712839853393824e-01 1.670600076004004222e+04
5.428674861028858212e-01 1.557186213976260115e+04
5.963622675339625978e-01 1.462429371299206105e+04
6.551284857587630350e-01 1.373799790448294516e+04
7.196855941730535555e-01 1.286890744131683095e+04
7.906042337028588163e-01 1.206910005888068554e+04
8.685112768820903995e-01 1.126850145994905142e+04
9.540953689793428838e-01 1.049021046357827072e+04
1.048113015153642191e+00 0.000000000000000000e+00
