1.048113066601954503e-02 6.783512640408796142e+04
1.151395323963562076e-02 0.000000000000000000e+00
1.264855132798976302e-02 9.701807457844255259e+04
1.389495400641860279e-02 1.582645572325884714e+05
1.526417862678452857e-02 1.176624983091252798e+05
1.676832820337198493e-02 0.000000000000000000e+00
1.842069839530119726e-02 1.756456332587078796e+05
2.023589503111089191e-02 1.772664725999964285e+05
2.222996321434766651e-02 1.353502291126461059e+05
2.442052915136719640e-02 1.475617670793926227e+05
2.682695595500901239e-02 9.119992065696515783e+04
2.947051480134291537e-02 1.166252321151540673e+05
3.237457295239669353e-02 9.746149727592075942e+04
3.556480030685772731e-02 8.246821535692362522e+04
3.906939630451649464e-02 7.285287615838546481e+04
4.291933919013282694e-02 7.316127431981338304e+04
4.714865984004791566e-02 7.025746751825194224e+04
5.179474257198286163e-02 6.469077803343490814e+04
5.689865559697841746e-02 5.971698431055890978e+04
6.250551403444545850e-02 5.387106293160346104e+04
6.866487869913283359e-02 4.979733436423213425e+04
7.543119418501802176e-02 4.772846431157743064e+04
8.286427011848424007e-02 4.132141781198167882e+04
9.102980983473445142e-02 3.453614034469788749e+04
9.999999115058272325e-02 3.010195290319542619e+04
1.098541043672585787e-01 2.801149578469417611e+04
1.206792531427361148e-01 2.659566196612455678e+04
1.325711244288214907e-01 2.342659089425933416e+04
1.456348342787200378e-01 2.046751343365770299e+04
1.599858570014452974e-01 1.863002448016711787e+04
1.757510458761641914e-01 1.692090613690919417e+04
1.930697544488981787e-01 1.528100229181193754e+04
2.120950683230800604e-01 1.397385884358502517e+04
2.329951583321586417e-01 1.259097070710708067e+04
2.559547670553742882e-01 1.157352468539576876e+04
2.811768418164965477e-01 1.059366990001071099e+04
3.088843286001189403e-01 9.823107780588768946e+03
3.393221427425128778e-01 9.188373665415845608e+03
3.727593338166072523e-01 8.572593702061025397e+03
4.094914638472018087e-01 7.997360374756153760e+03
4.498432198782237879e-01 7.500161952468592062e+03
4.941712839853393824e-01 7.017388958765284769e+03
5.428674861028858212e-01 6.627634415983529834e+03
5.963622675339625978e-01 6.255548973879593177e+03
6.551284857587630350e-01 5.913391117811364893e+03
7.196855941730535555e-01 5.589913459600044916e+03
7.906042337028588163e-01 5.278862973382882046e+03
8.685112768820903995e-01 4.972330755906295963e+03
9.540953689793428838e-01 4.685643714170188105e+03
1.048113015153642191e+00 0.000000000000000000e+00
