1.048113066601954503e-02 1.014974755026879720e+06
1.151395323963562076e-02 0.000000000000000000e+00
1.264855132798976302e-02 6.127373515409656102e+05
1.389495400641860279e-02 5.902337125883889385e+05
1.526417862678452857e-02 1.190852194217955228e+06
1.676832820337198493e-02 0.000000000000000000e+00
1.842069839530119726e-02 4.896327964798716712e+05
2.023589503111089191e-02 5.588988814055102412e+05
2.222996321434766651e-02 2.810673189886867185e+05
2.442052915136719640e-02 3.099262703404318891e+05
2.682695595500901239e-02 3.171470752667491324e+05
2.947051480134291537e-02 2.991299021863423986e+05
3.237457295239669353e-02 1.666109768345956691e+05
3.556480030685772731e-02 1.746430241859301750e+05
3.906939630451649464e-02 1.201274318520435918e+05
4.291933919013282694e-02 1.388545507883118698e+05
4.714865984004791566e-02 1.076838761133053631e+05
5.179474257198286163e-02 1.114375578882223781e+05
5.689865559697841746e-02 1.006920852896331198e+05
6.250551403444545850e-02 9.169827785854240938e+04
6.866487869913283359e-02 7.317317787674862484e+04
7.543119418501802176e-02 6.038381457236364076e+04
8.286427011848424007e-02 4.806820506894992286e+04
9.102980983473445142e-02 4.260157956312965689e+04
9.999999115058272325e-02 3.797817279269428400e+04
1.098541043672585787e-01 3.384390292116152705e+04
1.206792531427361148e-01 2.984939613038846801e+04
1.325711244288214907e-01 2.495932281431310548e+04
1.456348342787200378e-01 2.194977417536446592e+04
1.599858570014452974e-01 1.948979735446733321e+04
1.757510458761641914e-01 1.711989536289289026e+04
1.930697544488981787e-01 1.507720938330555146e+04
2.120950683230800604e-01 1.323479218825851422e+04
2.329951583321586417e-01 1.175480455753053138e+04
2.559547670553742882e-01 1.045637144909959898e+04
2.811768418164965477e-01 9.520036336009594379e+03
3.088843286001189403e-01 8.514170341897272010e+03
3.393221427425128778e-01 7.690308512484141829e+03
3.727593338166072523e-01 6.958108460687495608e+03
4.094914638472018087e-01 6.368570298036238455e+03
4.498432198782237879e-01 5.844141888025978915e+03
4.941712839853393824e-01 5.373978169739109944e+03
5.428674861028858212e-01 4.938565310155054249e+03
5.963622675339625978e-01 4.564699523173660054e+03
6.551284857587630350e-01 4.210813629678384132e+03
7.196855941730535555e-01 3.919613816391319233e+03
7.906042337028588163e-01 3.622773148262332597e+03
8.685112768820903995e-01 3.357106938054582315e+03
9.540953689793428838e-01 3.117455380880129724e+03
1.048113015153642191e+00 0.000000000000000000e+00
