1.048113066601954503e-02 8.166404934065455745e+04
1.151395323963562076e-02 0.000000000000000000e+00
1.264855132798976302e-02 3.612723002506052144e+05
1.389495400641860279e-02 1.788827600072691275e+05
1.526417862678452857e-02 2.705153949199488852e+05
1.676832820337198493e-02 0.000000000000000000e+00
1.842069839530119726e-02 1.490781774935452559e+05
2.023589503111089191e-02 1.724532434835580061e+05
2.222996321434766651e-02 1.569939563399202598e+05
2.442052915136719640e-02 1.374959905142721836e+05
2.682695595500901239e-02 1.189856480321137060e+05
2.947051480134291537e-02 1.289349728120721848e+05
3.237457295239669353e-02 1.309900374123220390e+05
3.556480030685772731e-02 8.780315153005036700e+04
3.906939630451649464e-02 7.285155160270851047e+04
4.291933919013282694e-02 6.991364361360980547e+04
4.714865984004791566e-02 6.352309175790017616e+04
5.179474257198286163e-02 5.771421654617791501e+04
5.689865559697841746e-02 5.870498417013190192e+04
6.250551403444545850e-02 5.973611451188197680e+04
6.866487869913283359e-02 5.158223494607696921e+04
7.543119418501802176e-02 4.088779606289616640e+04
8.286427011848424007e-02 3.315006347331900906e+04
9.102980983473445142e-02 2.761429128488599963e+04
9.999999115058272325e-02 2.562657049749005091e+04
1.098541043672585787e-01 2.481283308804019180e+04
1.206792531427361148e-01 2.310483753003737365e+04
1.325711244288214907e-01 1.961845990310507841e+04
1.456348342787200378e-01 1.669891023456769108e+04
1.599858570014452974e-01 1.492894299505883828e+04
1.757510458761641914e-01 1.394047678366019682e+04
1.930697544488981787e-01 1.237538177788704343e+04
2.120950683230800604e-01 1.091458701051737444e+04
2.329951583321586417e-01 9.942919496885144326e+03
2.559547670553742882e-01 9.122015089360056663e+03
2.811768418164965477e-01 8.242140256271697581e+03
3.088843286001189403e-01 7.536659952261950821e+03
3.393221427425128778e-01 6.917223071199376136e+03
3.727593338166072523e-01 6.388352662387899727e+03
4.094914638472018087e-01 5.916717843095341777e+03
4.498432198782237879e-01 5.509012662282309975e+03
4.941712839853393824e-01 5.149518994738185938e+03
5.428674861028858212e-01 4.802861274173960737e+03
5.963622675339625978e-01 4.497287405129387480e+03
6.551284857587630350e-01 4.217256552124863447e+03
7.196855941730535555e-01 3.977743843189040490e+03
7.906042337028588163e-01 3.742634537354818349e+03
8.685112768820903995e-01 3.529241987847868586e+03
9.540953689793428838e-01 3.322548144973427043e+03
1.048113015153642191e+00 0.000000000000000000e+00
