1.048113066601954503e-02 4.548212165798044298e+05
1.151395323963562076e-02 0.000000000000000000e+00
1.264855132798976302e-02 2.649063029933479265e+05
1.389495400641860279e-02 4.874757726066488540e+05
1.526417862678452857e-02 3.441864911880446598e+05
1.676832820337198493e-02 0.000000000000000000e+00
1.842069839530119726e-02 3.242490374585149111e+05
2.023589503111089191e-02 3.822637614435614669e+05
2.222996321434766651e-02 3.304607805869314470e+05
2.442052915136719640e-02 3.720906135447642882e+05
2.682695595500901239e-02 2.353288870696884696e+05
2.947051480134291537e-02 2.266609619600497826e+05
3.237457295239669353e-02 1.688103367831949145e+05
3.556480030685772731e-02 1.141938532189037651e+05
3.906939630451649464e-02 9.947171683175150247e+04
4.291933919013282694e-02 8.385664049061331025e+04
4.714865984004791566e-02 7.215793833716641529e+04
5.179474257198286163e-02 8.239026229821100424e+04
5.689865559697841746e-02 7.357834618014420266e+04
6.250551403444545850e-02 6.460942092864362348e+04
6.866487869913283359e-02 5.778551552183924650e+04
7.543119418501802176e-02 4.770611312097789778e+04
8.286427011848424007e-02 3.762724056534020201e+04
9.102980983473445142e-02 2.898649713215577503e+04
9.999999115058272325e-02 2.604331926782353548e+04
1.098541043672585787e-01 2.375256877307809191e+04
1.206792531427361148e-01 2.155886485440771503e+04
1.325711244288214907e-01 1.784422684437598946e+04
1.456348342787200378e-01 1.491631115388410035e+04
1.599858570014452974e-01 1.269274555517867520e+04
1.757510458761641914e-01 1.129648097283979405e+04
1.930697544488981787e-01 9.899280133382620988e+03
2.120950683230800604e-01 8.481546323705561008e+03
2.329951583321586417e-01 7.443891026232180593e+03
2.559547670553742882e-01 6.566125955725265158e+03
2.811768418164965477e-01 5.779836881343167988e+03
3.088843286001189403e-01 5.081324691640859783e+03
3.393221427425128778e-01 4.533449990868665736e+03
3.727593338166072523e-01 4.035007989837463356e+03
4.094914638472018087e-01 3.612593993033670813e+03
4.498432198782237879e-01 3.241679612227489997e+03
4.941712839853393824e-01 2.936310178281026310e+03
5.428674861028858212e-01 2.664274259876061478e+03
5.963622675339625978e-01 2.422517599789548512e+03
6.551284857587630350e-01 2.206383194146826554e+03
7.196855941730535555e-01 2.022494425993821778e+03
7.906042337028588163e-01 1.860497141676049978e+03
8.685112768820903995e-01 1.716224720276550670e+03
9.540953689793428838e-01 1.580101825911794549e+03
1.048113015153642191e+00 0.000000000000000000e+00
