1.048113066601954503e-02 6.442894505654233217e+04
1.151395323963562076e-02 0.000000000000000000e+00
1.264855132798976302e-02 7.032378781075307052e+04
1.389495400641860279e-02 6.084661023306918651e+04
1.526417862678452857e-02 7.093481354126310907e+04
1.676832820337198493e-02 0.000000000000000000e+00
1.842069839530119726e-02 7.003452522011118708e+04
2.023589503111089191e-02 8.691241243143707106e+04
2.222996321434766651e-02 6.936559807428723434e+04
2.442052915136719640e-02 1.108369084270570311e+05
2.682695595500901239e-02 9.510577960866189096e+04
2.947051480134291537e-02 9.740554114932127413e+04
3.237457295239669353e-02 9.267639285197228310e+04
3.556480030685772731e-02 6.890586257076947368e+04
3.906939630451649464e-02 7.462171517111799039e+04
4.291933919013282694e-02 6.287770016880488402e+04
4.714865984004791566e-02 5.941129479304636334e+04
5.179474257198286163e-02 5.985271971425825177e+04
5.689865559697841746e-02 5.685568309822471929e+04
6.250551403444545850e-02 5.022495456944431498e+04
6.866487869913283359e-02 5.109226414307510277e+04
7.543119418501802176e-02 4.706964215897457325e+04
8.286427011848424007e-02 4.434940675181518600e+04
9.102980983473445142e-02 4.098500811054819496e+04
9.999999115058272325e-02 3.586066857778701524e+04
1.098541043672585787e-01 3.125438342503329477e+04
1.206792531427361148e-01 2.905314703323856520e+04
1.325711244288214907e-01 2.646523291822236206e+04
1.456348342787200378e-01 2.491013214741363481e+04
1.599858570014452974e-01 2.249100145385940414e+04
1.757510458761641914e-01 2.008679108067158813e+04
1.930697544488981787e-01 1.847711343592350750e+04
2.120950683230800604e-01 1.708466254560497327e+04
2.329951583321586417e-01 1.555256774726237927e+04
2.559547670553742882e-01 1.435495266678660664e+04
2.811768418164965477e-01 1.335694175658333552e+04
3.088843286001189403e-01 1.233332975199067005e+04
3.393221427425128778e-01 1.154190960272789016e+04
3.727593338166072523e-01 1.076926284309706352e+04
4.094914638472018087e-01 1.013600411308858929e+04
4.498432198782237879e-01 9.603374282208769728e+03
4.941712839853393824e-01 9.075627357877243412e+03
5.428674861028858212e-01 8.611824915496759786e+03
5.963622675339625978e-01 8.178266894356349439e+03
6.551284857587630350e-01 7.747723582022596020e+03
7.196855941730535555e-01 7.381700909647775916e+03
7.906042337028588163e-01 7.028550985869489523e+03
8.685112768820903995e-01 6.685378939984228055e+03
9.540953689793428838e-01 6.360723589802992137e+03
1.048113015153642191e+00 0.000000000000000000e+00
