1.048113066601954503e-02 1.157848351020003029e+05
1.151395323963562076e-02 0.000000000000000000e+00
1.264855132798976302e-02 7.216375919973812415e+04
1.389495400641860279e-02 1.466664749414811376e+05
1.526417862678452857e-02 1.536595716600240557e+05
1.676832820337198493e-02 0.000000000000000000e+00
1.842069839530119726e-02 1.755553235235551838e+05
2.023589503111089191e-02 1.442367104052180948e+05
2.222996321434766651e-02 9.517153302257263567e+04
2.442052915136719640e-02 1.389156296069586824e+05
2.682695595500901239e-02 1.595527874086329830e+05
2.947051480134291537e-02 1.782346113177624648e+05
3.237457295239669353e-02 1.424353518316087138e+05
3.556480030685772731e-02 1.279577959531034139e+05
3.906939630451649464e-02 1.068587583462860930e+05
4.291933919013282694e-02 1.126857282668998087e+05
4.714865984004791566e-02 9.548428814445537864e+04
5.179474257198286163e-02 9.019841682477106224e+04
5.689865559697841746e-02 9.485811429766143556e+04
6.250551403444545850e-02 8.564943918124685297e+04
6.866487869913283359e-02 8.455578506469116837e+04
7.543119418501802176e-02 7.041461909406799532e+04
8.286427011848424007e-02 6.598144301911041839e+04
9.102980983473445142e-02 5.981206769279325090e+04
9.999999115058272325e-02 4.911149222302952694e+04
1.098541043672585787e-01 4.483852461324298929e+04
1.206792531427361148e-01 4.289882964375464508e+04
1.325711244288214907e-01 3.980916924935609131e+04
1.456348342787200378e-01 3.483603755663608899e+04
1.599858570014452974e-01 3.075785284949807829e+04
1.757510458761641914e-01 2.843489987076448961e+04
1.930697544488981787e-01 2.643875599611890721e+04
2.120950683230800604e-01 2.401670254607784591e+04
2.329951583321586417e-01 2.198190137848218001e+04
2.559547670553742882e-01 2.043573418051334374e+04
2.811768418164965477e-01 1.899207833967066108e+04
3.088843286001189403e-01 1.763806296833253873e+04
3.393221427425128778e-01 1.637439265636144773e+04
3.727593338166072523e-01 1.533087865067790699e+04
4.094914638472018087e-01 1.448462127479190167e+04
4.498432198782237879e-01 1.368861451342735018e+04
4.941712839853393824e-01 1.295747811921724860e+04
5.428674861028858212e-01 1.233375877301207584e+04
5.963622675339625978e-01 1.169176838723912078e+04
6.551284857587630350e-01 1.114325566239266664e+04
7.196855941730535555e-01 1.062920365790174037e+04
7.906042337028588163e-01 1.011271458089916450e+04
8.685112768820903995e-01 9.598313030254748810e+03
9.540953689793428838e-01 9.126988193422765107e+03
1.048113015153642191e+00 0.000000000000000000e+00
