1.048113066601954503e-02 9.025810954369998944e+04
1.151395323963562076e-02 0.000000000000000000e+00
1.264855132798976302e-02 5.195555541883631668e+04
1.389495400641860279e-02 7.488207686768825806e+04
1.526417862678452857e-02 8.321848611984922900e+04
1.676832820337198493e-02 0.000000000000000000e+00
1.842069839530119726e-02 7.182587121868332906e+04
2.023589503111089191e-02 6.937234744927525753e+04
2.222996321434766651e-02 6.198804530313731084e+04
2.442052915136719640e-02 6.772680568822802161e+04
2.682695595500901239e-02 8.227899732411809964e+04
2.947051480134291537e-02 7.710346810361460666e+04
3.237457295239669353e-02 6.388921644042089611e+04
3.556480030685772731e-02 5.302467739113089192e+04
3.906939630451649464e-02 5.207791844037541887e+04
4.291933919013282694e-02 4.689539117770970188e+04
4.714865984004791566e-02 4.429943384421906376e+04
5.179474257198286163e-02 3.950701273548312020e+04
5.689865559697841746e-02 3.680259601425004075e+04
6.250551403444545850e-02 3.503116761600095924e+04
6.866487869913283359e-02 3.273381350995147659e+04
7.543119418501802176e-02 2.963759844354977758e+04
8.286427011848424007e-02 2.584691814937863455e+04
9.102980983473445142e-02 2.284711532684923441e+04
9.999999115058272325e-02 1.930172296877589542e+04
1.098541043672585787e-01 1.758546239671402145e+04
1.206792531427361148e-01 1.570044745202317245e+04
1.325711244288214907e-01 1.409386189216292769e+04
1.456348342787200378e-01 1.262666121055983967e+04
1.599858570014452974e-01 1.096158560210204269e+04
1.757510458761641914e-01 1.001830592347286620e+04
1.930697544488981787e-01 8.953921220387817812e+03
2.120950683230800604e-01 7.893482327430110672e+03
2.329951583321586417e-01 7.165953054695713945e+03
2.559547670553742882e-01 6.461176442043577481e+03
2.811768418164965477e-01 5.882643989326161318e+03
3.088843286001189403e-01 5.306197013906536085e+03
3.393221427425128778e-01 4.867818189349890417e+03
3.727593338166072523e-01 4.463856907577568563e+03
4.094914638472018087e-01 4.085692242768259803e+03
4.498432198782237879e-01 3.773821022834155883e+03
4.941712839853393824e-01 3.511000805892371318e+03
5.428674861028858212e-01 3.256650167132332626e+03
5.963622675339625978e-01 3.040155644641260096e+03
6.551284857587630350e-01 2.839672802431811760e+03
7.196855941730535555e-01 2.660797109299346630e+03
7.906042337028588163e-01 2.489359330156624310e+03
8.685112768820903995e-01 2.332456470720401285e+03
9.540953689793428838e-01 2.190630102621445985e+03
1.048113015153642191e+00 0.000000000000000000e+00
