1.048113066601954503e-02 1.277740697138618270e+04
1.151395323963562076e-02 0.000000000000000000e+00
1.264855132798976302e-02 2.838192002484607292e+04
1.389495400641860279e-02 1.211784877324840454e+04
1.526417862678452857e-02 1.626532748686264677e+04
1.676832820337198493e-02 0.000000000000000000e+00
1.842069839530119726e-02 1.276302129199304181e+04
2.023589503111089191e-02 1.714032557455119968e+04
2.222996321434766651e-02 1.543806393719932748e+04
2.442052915136719640e-02 2.414076711871984662e+04
2.682695595500901239e-02 2.390858013228527489e+04
2.947051480134291537e-02 2.253872783283829267e+04
3.237457295239669353e-02 1.924203437100531301e+04
3.556480030685772731e-02 2.008026252111549184e+04
3.906939630451649464e-02 1.932124398950971954e+04
4.291933919013282694e-02 1.763604102745826094e+04
4.714865984004791566e-02 1.643488280013667827e+04
5.179474257198286163e-02 1.826537203271002363e+04
5.689865559697841746e-02 1.616096183685840879e+04
6.250551403444545850e-02 1.729154200555071657e+04
6.866487869913283359e-02 1.556419204824174449e+04
7.543119418501802176e-02 1.550668896567433330e+04
8.286427011848424007e-02 1.359084432850783560e+04
9.102980983473445142e-02 1.269588342314062720e+04
9.999999115058272325e-02 1.199223437969872248e+04
1.098541043672585787e-01 1.083350522872690999e+04
1.206792531427361148e-01 9.774247823031611915e+03
1.325711244288214907e-01 9.237602077237144840e+03
1.456348342787200378e-01 8.597038111578844109e+03
1.599858570014452974e-01 7.697940081031126283e+03
1.757510458761641914e-01 6.904408799083150370e+03
1.930697544488981787e-01 6.259217774150811238e+03
2.120950683230800604e-01 5.863657731986090766e+03
2.329951583321586417e-01 5.234561391775224365e+03
2.559547670553742882e-01 4.808092870741055776e+03
2.811768418164965477e-01 4.425152340968514181e+03
3.088843286001189403e-01 4.033953446805850945e+03
3.393221427425128778e-01 3.746330733942384086e+03
3.727593338166072523e-01 3.461468175477281875e+03
4.094914638472018087e-01 3.221178054373755003e+03
4.498432198782237879e-01 3.009572048120494856e+03
4.941712839853393824e-01 2.812627125916314981e+03
5.428674861028858212e-01 2.645399212384849307e+03
5.963622675339625978e-01 2.491601090879751155e+03
6.551284857587630350e-01 2.350242572251041565e+03
7.196855941730535555e-01 2.220301526684294913e+03
7.906042337028588163e-01 2.101511196920730072e+03
8.685112768820903995e-01 1.993626251293989981e+03
9.540953689793428838e-01 1.887248795426889046e+03
1.048113015153642191e+00 0.000000000000000000e+00
