1.048113066601954503e-02 9.113374339796032291e+04
1.151395323963562076e-02 0.000000000000000000e+00
1.264855132798976302e-02 1.495870097995679826e+05
1.389495400641860279e-02 5.302581425529340777e+04
1.526417862678452857e-02 8.155173312730246107e+04
1.676832820337198493e-02 0.000000000000000000e+00
1.842069839530119726e-02 7.924856674965226557e+04
2.023589503111089191e-02 9.241323534297634615e+04
2.222996321434766651e-02 7.487615339521132410e+04
2.442052915136719640e-02 9.569045985506541911e+04
2.682695595500901239e-02 1.037808310602831480e+05
2.947051480134291537e-02 8.074515491543618555e+04
3.237457295239669353e-02 7.829972042226952908e+04
3.556480030685772731e-02 7.937456255712363054e+04
3.906939630451649464e-02 7.911071251638697868e+04
4.291933919013282694e-02 7.742465004509165010e+04
4.714865984004791566e-02 7.446608573843074555e+04
5.179474257198286163e-02 6.353765798766829539e+04
5.689865559697841746e-02 6.064569063455663854e+04
6.250551403444545850e-02 6.156934816073384718e+04
6.866487869913283359e-02 5.837664333434965374e+04
7.543119418501802176e-02 5.355348473519964318e+04
8.286427011848424007e-02 4.713981556860287674e+04
9.102980983473445142e-02 4.522624958500512003e+04
9.999999115058272325e-02 4.086418197705630882e+04
1.098541043672585787e-01 3.542741513099741132e+04
1.206792531427361148e-01 3.262813171437468554e+04
1.325711244288214907e-01 3.073109827579820922e+04
1.456348342787200378e-01 2.807844832755053358e+04
1.599858570014452974e-01 2.512474211989012110e+04
1.757510458761641914e-01 2.313672479998359631e+04
1.930697544488981787e-01 2.102280117585631888e+04
2.120950683230800604e-01 1.946079268826565385e+04
2.329951583321586417e-01 1.784628566610396956e+04
2.559547670553742882e-01 1.663359164165531183e+04
2.811768418164965477e-01 1.527324892624688800e+04
3.088843286001189403e-01 1.433396766172061689e+04
3.393221427425128778e-01 1.340598339531299098e+04
3.727593338166072523e-01 1.255837477022680832e+04
4.094914638472018087e-01 1.187338028419918919e+04
4.498432198782237879e-01 1.118445888039513738e+04
4.941712839853393824e-01 1.064947618739579775e+04
5.428674861028858212e-01 1.011751447442294739e+04
5.963622675339625978e-01 9.638120434728964028e+03
6.551284857587630350e-01 9.192247883861193259e+03
7.196855941730535555e-01 8.748515113398812900e+03
7.906042337028588163e-01 8.365144108668951958e+03
8.685112768820903995e-01 7.964455153602162682e+03
9.540953689793428838e-01 7.587434207216122559e+03
1.048113015153642191e+00 0.000000000000000000e+00
