1.048113066601954503e-02 2.082013048771625108e+04
1.151395323963562076e-02 0.000000000000000000e+00
1.264855132798976302e-02 6.241558183768801246e+04
1.389495400641860279e-02 2.253859754363532556e+04
1.526417862678452857e-02 4.864395476609648904e+04
1.676832820337198493e-02 0.000000000000000000e+00
1.842069839530119726e-02 4.474287474516157818e+04
2.023589503111089191e-02 4.779257731364153733e+04
2.222996321434766651e-02 4.027443288163161196e+04
2.442052915136719640e-02 6.506366060063808982e+04
2.682695595500901239e-02 4.523934020284627331e+04
2.947051480134291537e-02 3.629838806501369254e+04
3.237457295239669353e-02 2.891314060316924224e+04
3.556480030685772731e-02 3.656639946394818980e+04
3.906939630451649464e-02 3.896589386463361006e+04
4.291933919013282694e-02 2.891427848052520130e+04
4.714865984004791566e-02 2.601262691365182400e+04
5.179474257198286163e-02 2.637964762917563348e+04
5.689865559697841746e-02 2.507450476525978956e+04
6.250551403444545850e-02 2.342330117477066960e+04
6.866487869913283359e-02 2.221793971434445484e+04
7.543119418501802176e-02 1.996338125516473156e+04
8.286427011848424007e-02 1.827048291735200473e+04
9.102980983473445142e-02 1.680779632939059593e+04
9.999999115058272325e-02 1.441999218862064299e+04
1.098541043672585787e-01 1.239524560440117421e+04
1.206792531427361148e-01 1.095017795161311187e+04
1.325711244288214907e-01 9.915673961010848871e+03
1.456348342787200378e-01 9.361859933091353014e+03
1.599858570014452974e-01 8.303745568922684470e+03
1.757510458761641914e-01 7.122836292551741280e+03
1.930697544488981787e-01 6.534331969702443530e+03
2.120950683230800604e-01 5.948315518301099473e+03
2.329951583321586417e-01 5.375579105356621767e+03
2.559547670553742882e-01 4.860986021731395340e+03
2.811768418164965477e-01 4.391311189624320832e+03
3.088843286001189403e-01 4.021941244099305095e+03
3.393221427425128778e-01 3.672289129468352712e+03
3.727593338166072523e-01 3.353932451515882804e+03
4.094914638472018087e-01 3.116944348839609120e+03
4.498432198782237879e-01 2.872391728600830902e+03
4.941712839853393824e-01 2.678337243769714405e+03
5.428674861028858212e-01 2.501548380949462626e+03
5.963622675339625978e-01 2.329895780934072718e+03
6.551284857587630350e-01 2.191420513412638684e+03
7.196855941730535555e-01 2.057740791745206934e+03
7.906042337028588163e-01 1.928612697255983448e+03
8.685112768820903995e-01 1.818926534983624379e+03
9.540953689793428838e-01 1.710462852417214663e+03
1.048113015153642191e+00 0.000000000000000000e+00
