1.048113066601954503e-02 1.669392527322891692e+04
1.151395323963562076e-02 0.000000000000000000e+00
1.264855132798976302e-02 1.022739916106190867e+04
1.389495400641860279e-02 2.191141640999557421e+04
1.526417862678452857e-02 3.692052169480302109e+04
1.676832820337198493e-02 0.000000000000000000e+00
1.842069839530119726e-02 2.157708307794131179e+04
2.023589503111089191e-02 2.272082420552937765e+04
2.222996321434766651e-02 2.327889324832358034e+04
2.442052915136719640e-02 2.641862743512235465e+04
2.682695595500901239e-02 2.422096822490125487e+04
2.947051480134291537e-02 2.902146811255793364e+04
3.237457295239669353e-02 2.146311277178043383e+04
3.556480030685772731e-02 2.228363222461113037e+04
3.906939630451649464e-02 1.989716857456185244e+04
4.291933919013282694e-02 1.562279383061212866e+04
4.714865984004791566e-02 1.809528636623835337e+04
5.179474257198286163e-02 1.714475262308209858e+04
5.689865559697841746e-02 1.512514983569419019e+04
6.250551403444545850e-02 1.427521111718287284e+04
6.866487869913283359e-02 1.323356175935266947e+04
7.543119418501802176e-02 1.229804016605542529e+04
8.286427011848424007e-02 1.064620802824544444e+04
9.102980983473445142e-02 9.429742572009185096e+03
9.999999115058272325e-02 8.056734971124193180e+03
1.098541043672585787e-01 7.297389943411997592e+03
1.206792531427361148e-01 6.707948622551565677e+03
1.325711244288214907e-01 6.250401996691958630e+03
1.456348342787200378e-01 5.531845882443833034e+03
1.599858570014452974e-01 4.623683803186391742e+03
1.757510458761641914e-01 4.147554221234113356e+03
1.930697544488981787e-01 3.789857486205357418e+03
2.120950683230800604e-01 3.339481970363578966e+03
2.329951583321586417e-01 2.906218169541496081e+03
2.559547670553742882e-01 2.619066499026755082e+03
2.811768418164965477e-01 2.336973782015666984e+03
3.088843286001189403e-01 2.094748089622220050e+03
3.393221427425128778e-01 1.882844059232992095e+03
3.727593338166072523e-01 1.703001077579687262e+03
4.094914638472018087e-01 1.536867097562867457e+03
4.498432198782237879e-01 1.398647427856915328e+03
4.941712839853393824e-01 1.276867558218781824e+03
5.428674861028858212e-01 1.170493632457206104e+03
5.963622675339625978e-01 1.077836606736580052e+03
6.551284857587630350e-01 9.948218581649169892e+02
7.196855941730535555e-01 9.214660718395151662e+02
7.906042337028588163e-01 8.551992262714713888e+02
8.685112768820903995e-01 7.954335225734096184e+02
9.540953689793428838e-01 7.416047792173433209e+02
1.048113015153642191e+00 0.000000000000000000e+00
