1.048113066601954503e-02 5.459449126358983631e+04
1.151395323963562076e-02 0.000000000000000000e+00
1.264855132798976302e-02 6.760600652280137001e+04
1.389495400641860279e-02 5.873573567581728275e+04
1.526417862678452857e-02 6.345149280086216459e+04
1.676832820337198493e-02 0.000000000000000000e+00
1.842069839530119726e-02 9.648129124481018516e+04
2.023589503111089191e-02 5.478997213959583314e+04
2.222996321434766651e-02 5.287130433029316191e+04
2.442052915136719640e-02 6.834715364887224860e+04
2.682695595500901239e-02 6.639736325374117587e+04
2.947051480134291537e-02 4.585655277049095457e+04
3.237457295239669353e-02 5.481310439100413350e+04
3.556480030685772731e-02 5.602511289169831434e+04
3.906939630451649464e-02 4.587133457843399810e+04
4.291933919013282694e-02 4.751688903985817160e+04
4.714865984004791566e-02 3.990034673538374773e+04
5.179474257198286163e-02 3.639395595864159986e+04
5.689865559697841746e-02 3.401942787050475454e+04
6.250551403444545850e-02 3.282193891637468187e+04
6.866487869913283359e-02 3.243820734823155362e+04
7.543119418501802176e-02 3.019226199661945066e+04
8.286427011848424007e-02 2.631979718388118636e+04
9.102980983473445142e-02 2.468875945584302099e+04
9.999999115058272325e-02 1.958445818893360411e+04
1.098541043672585787e-01 1.822265955642056360e+04
1.206792531427361148e-01 1.666118048545182319e+04
1.325711244288214907e-01 1.517699201083922162e+04
1.456348342787200378e-01 1.349809673840884716e+04
1.599858570014452974e-01 1.174685355339508897e+04
1.757510458761641914e-01 1.020352327956469526e+04
1.930697544488981787e-01 9.356883190603679395e+03
2.120950683230800604e-01 8.344057001552233487e+03
2.329951583321586417e-01 7.399778466759791627e+03
2.559547670553742882e-01 6.690001815754285417e+03
2.811768418164965477e-01 6.063321307859057924e+03
3.088843286001189403e-01 5.433016193042380110e+03
3.393221427425128778e-01 4.955789072667086657e+03
3.727593338166072523e-01 4.466284375416248622e+03
4.094914638472018087e-01 4.097885022178161307e+03
4.498432198782237879e-01 3.775706497814188879e+03
4.941712839853393824e-01 3.475109887088518917e+03
5.428674861028858212e-01 3.212024993293023726e+03
5.963622675339625978e-01 2.981565230426666858e+03
6.551284857587630350e-01 2.770149267496370157e+03
7.196855941730535555e-01 2.594210801208063458e+03
7.906042337028588163e-01 2.429309840906009413e+03
8.685112768820903995e-01 2.279972710223152717e+03
9.540953689793428838e-01 2.147920602089014210e+03
1.048113015153642191e+00 0.000000000000000000e+00
