1.048113066601954503e-02 7.954525414058617025e+04
1.151395323963562076e-02 0.000000000000000000e+00
1.264855132798976302e-02 5.316369227234493883e+04
1.389495400641860279e-02 6.334696884054088878e+04
1.526417862678452857e-02 6.374595955886723823e+04
1.676832820337198493e-02 0.000000000000000000e+00
1.842069839530119726e-02 3.320432181017799303e+04
2.023589503111089191e-02 4.734226412579910539e+04
2.222996321434766651e-02 4.315549251470078889e+04
2.442052915136719640e-02 7.007056126341804338e+04
2.682695595500901239e-02 5.249597096567335393e+04
2.947051480134291537e-02 4.422728696855559247e+04
3.237457295239669353e-02 4.824445185568094166e+04
3.556480030685772731e-02 4.838548858609302988e+04
3.906939630451649464e-02 3.867230880159604567e+04
4.291933919013282694e-02 3.735744677974958904e+04
4.714865984004791566e-02 3.445910696709203330e+04
5.179474257198286163e-02 3.142493041821895531e+04
5.689865559697841746e-02 2.972855618579507063e+04
6.250551403444545850e-02 2.799599450635001995e+04
6.866487869913283359e-02 2.652350333405797937e+04
7.543119418501802176e-02 2.386732925304674427e+04
8.286427011848424007e-02 2.113013140274268517e+04
9.102980983473445142e-02 1.810431203864078634e+04
9.999999115058272325e-02 1.561704708651974033e+04
1.098541043672585787e-01 1.406788152042920046e+04
1.206792531427361148e-01 1.278841842971511142e+04
1.325711244288214907e-01 1.172065555474841312e+04
1.456348342787200378e-01 1.066386810318454445e+04
1.599858570014452974e-01 9.091832385308454832e+03
1.757510458761641914e-01 8.142621852174734158e+03
1.930697544488981787e-01 7.404467055539981629e+03
2.120950683230800604e-01 6.650906810073846827e+03
2.329951583321586417e-01 6.011969360404945292e+03
2.559547670553742882e-01 5.430111396237584813e+03
2.811768418164965477e-01 4.913053297099721021e+03
3.088843286001189403e-01 4.481419281065382165e+03
3.393221427425128778e-01 4.070443050323484385e+03
3.727593338166072523e-01 3.770904936902821191e+03
4.094914638472018087e-01 3.482416344700792251e+03
4.498432198782237879e-01 3.213679757973072356e+03
4.941712839853393824e-01 2.977913463985686576e+03
5.428674861028858212e-01 2.770036229636512871e+03
5.963622675339625978e-01 2.589675630144306524e+03
6.551284857587630350e-01 2.418056270057329584e+03
7.196855941730535555e-01 2.258407819859721712e+03
7.906042337028588163e-01 2.118475884662775570e+03
8.685112768820903995e-01 1.987766335799688704e+03
9.540953689793428838e-01 1.863236228209605542e+03
1.048113015153642191e+00 0.000000000000000000e+00
