1.048113066601954503e-02 6.005477660754861427e+04
1.151395323963562076e-02 0.000000000000000000e+00
1.264855132798976302e-02 3.459897219168945594e+04
1.389495400641860279e-02 4.981749027887084958e+04
1.526417862678452857e-02 5.540370810064263060e+04
1.676832820337198493e-02 0.000000000000000000e+00
1.842069839530119726e-02 4.783227714152627595e+04
2.023589503111089191e-02 4.619693536548980774e+04
2.222996321434766651e-02 4.135438185203344619e+04
2.442052915136719640e-02 4.509742735515740787e+04
2.682695595500901239e-02 5.478630505581617763e+04
2.947051480134291537e-02 5.124503350526503345e+04
3.237457295239669353e-02 4.239620712525594718e+04
3.556480030685772731e-02 3.520944534649746493e+04
3.906939630451649464e-02 3.458280453373199998e+04
4.291933919013282694e-02 3.111322169274037515e+04
4.714865984004791566e-02 2.937537662604178695e+04
5.179474257198286163e-02 2.614822304367809920e+04
5.689865559697841746e-02 2.437833474186064996e+04
6.250551403444545850e-02 2.315332010983413056e+04
6.866487869913283359e-02 2.163823140148790844e+04
7.543119418501802176e-02 1.953040701226197780e+04
8.286427011848424007e-02 1.701308128728152587e+04
9.102980983473445142e-02 1.498866551594896737e+04
9.999999115058272325e-02 1.264462986789594288e+04
1.098541043672585787e-01 1.148696769598277933e+04
1.206792531427361148e-01 1.023701302138288338e+04
1.325711244288214907e-01 9.155111398672688665e+03
1.456348342787200378e-01 8.174231852129929393e+03
1.599858570014452974e-01 7.065432567922064663e+03
1.757510458761641914e-01 6.437712522550258655e+03
1.930697544488981787e-01 5.731987440251517910e+03
2.120950683230800604e-01 5.028433731936486765e+03
2.329951583321586417e-01 4.543642420680746000e+03
2.559547670553742882e-01 4.078313465886526046e+03
2.811768418164965477e-01 3.693503069627612604e+03
3.088843286001189403e-01 3.314313250416915707e+03
3.393221427425128778e-01 3.024156665842669099e+03
3.727593338166072523e-01 2.758533835918536170e+03
4.094914638472018087e-01 2.511394494439617574e+03
4.498432198782237879e-01 2.306794526740643960e+03
4.941712839853393824e-01 2.134177337304699904e+03
5.428674861028858212e-01 1.968753615642660861e+03
5.963622675339625978e-01 1.828028182143510548e+03
6.551284857587630350e-01 1.697783251925010973e+03
7.196855941730535555e-01 1.581991441141881069e+03
7.906042337028588163e-01 1.471961253661112323e+03
8.685112768820903995e-01 1.371437489655064837e+03
9.540953689793428838e-01 1.280695116315058613e+03
1.048113015153642191e+00 0.000000000000000000e+00
