1.048113066601954503e-02 2.302099132959641283e+05
1.151395323963562076e-02 0.000000000000000000e+00
1.264855132798976302e-02 7.319160228679359425e+05
1.389495400641860279e-02 4.167748273383851047e+05
1.526417862678452857e-02 3.295704414410829777e+05
1.676832820337198493e-02 0.000000000000000000e+00
1.842069839530119726e-02 3.413304570859433152e+05
2.023589503111089191e-02 3.474436604209956713e+05
2.222996321434766651e-02 2.464139367816941231e+05
2.442052915136719640e-02 2.175700067851540516e+05
2.682695595500901239e-02 1.581928563342709676e+05
2.947051480134291537e-02 1.486033469703195151e+05
3.237457295239669353e-02 1.071321328411030554e+05
3.556480030685772731e-02 1.107336173571575200e+05
3.906939630451649464e-02 8.324334593117213808e+04
4.291933919013282694e-02 6.585223542852079845e+04
4.714865984004791566e-02 5.659432945332978852e+04
5.179474257198286163e-02 5.395284288833257597e+04
5.689865559697841746e-02 5.417973786169177038e+04
6.250551403444545850e-02 4.746791479146214260e+04
6.866487869913283359e-02 4.379622145955105225e+04
7.543119418501802176e-02 3.488103958032069204e+04
8.286427011848424007e-02 2.698399829805465561e+04
9.102980983473445142e-02 2.197577038694743169e+04
9.999999115058272325e-02 1.907303247121491586e+04
1.098541043672585787e-01 1.712776995514344162e+04
1.206792531427361148e-01 1.615683838706073220e+04
1.325711244288214907e-01 1.355928409184721750e+04
1.456348342787200378e-01 1.152988314767271549e+04
1.599858570014452974e-01 9.773016925702999288e+03
1.757510458761641914e-01 8.564445436624329886e+03
1.930697544488981787e-01 7.603585635156188800e+03
2.120950683230800604e-01 6.652759825715446823e+03
2.329951583321586417e-01 5.830341708319298959e+03
2.559547670553742882e-01 5.149962209959278880e+03
2.811768418164965477e-01 4.585192668766695533e+03
3.088843286001189403e-01 4.097704961792503127e+03
3.393221427425128778e-01 3.644046478998677230e+03
3.727593338166072523e-01 3.270545940772070026e+03
4.094914638472018087e-01 2.952041171032242346e+03
4.498432198782237879e-01 2.679217183253361327e+03
4.941712839853393824e-01 2.441720576183696721e+03
5.428674861028858212e-01 2.225503186606400050e+03
5.963622675339625978e-01 2.041379091576799965e+03
6.551284857587630350e-01 1.869906438330782748e+03
7.196855941730535555e-01 1.717639768834851566e+03
7.906042337028588163e-01 1.579717064503772917e+03
8.685112768820903995e-01 1.463101073426344556e+03
9.540953689793428838e-01 1.352790694854698813e+03
1.048113015153642191e+00 0.000000000000000000e+00
