1.048113066601954503e-02 3.012285800743901054e+05
1.151395323963562076e-02 0.000000000000000000e+00
1.264855132798976302e-02 3.784124925333947176e+05
1.389495400641860279e-02 4.930238689506748924e+05
1.526417862678452857e-02 4.254004529624537099e+05
1.676832820337198493e-02 0.000000000000000000e+00
1.842069839530119726e-02 4.341110502947793575e+05
2.023589503111089191e-02 3.111446319038365618e+05
2.222996321434766651e-02 3.322579082695466350e+05
2.442052915136719640e-02 2.151378196395963605e+05
2.682695595500901239e-02 2.530831953025804833e+05
2.947051480134291537e-02 2.725848280673932750e+05
3.237457295239669353e-02 1.897936885573214095e+05
3.556480030685772731e-02 1.304970252871182165e+05
3.906939630451649464e-02 1.365067948440470791e+05
4.291933919013282694e-02 1.296436132569460897e+05
4.714865984004791566e-02 1.095142320765343611e+05
5.179474257198286163e-02 9.495347874561345088e+04
5.689865559697841746e-02 9.904552921918570064e+04
6.250551403444545850e-02 9.004563815515751776e+04
6.866487869913283359e-02 8.402885666137051885e+04
7.543119418501802176e-02 6.606968231197418936e+04
8.286427011848424007e-02 5.324218905044386338e+04
9.102980983473445142e-02 4.442998182559559064e+04
9.999999115058272325e-02 3.958962179267414467e+04
1.098541043672585787e-01 3.449612454906809580e+04
1.206792531427361148e-01 3.260836118283748146e+04
1.325711244288214907e-01 2.903899156971948833e+04
1.456348342787200378e-01 2.437391245309004807e+04
1.599858570014452974e-01 2.121922981992732821e+04
1.757510458761641914e-01 1.920809228319155955e+04
1.930697544488981787e-01 1.722165657869501229e+04
2.120950683230800604e-01 1.518432109204459994e+04
2.329951583321586417e-01 1.364639661751722997e+04
2.559547670553742882e-01 1.238604574229277387e+04
2.811768418164965477e-01 1.104740227541740751e+04
3.088843286001189403e-01 9.982628053034353798e+03
3.393221427425128778e-01 9.155409921784517792e+03
3.727593338166072523e-01 8.404277387588626880e+03
4.094914638472018087e-01 7.718423477827576789e+03
4.498432198782237879e-01 7.116497944937107604e+03
4.941712839853393824e-01 6.561622307076801007e+03
5.428674861028858212e-01 6.091638380047230385e+03
5.963622675339625978e-01 5.681496238079105751e+03
6.551284857587630350e-01 5.299440604782804257e+03
7.196855941730535555e-01 4.960442216450651358e+03
7.906042337028588163e-01 4.629824092294123147e+03
8.685112768820903995e-01 4.326285403774343649e+03
9.540953689793428838e-01 4.037994369180276863e+03
1.048113015153642191e+00 0.000000000000000000e+00
