1.048113066601954503e-02 1.752340698819553363e+05
1.151395323963562076e-02 0.000000000000000000e+00
1.264855132798976302e-02 1.606784855924090953e+05
1.389495400641860279e-02 1.678112633031610749e+05
1.526417862678452857e-02 3.265231700138294254e+05
1.676832820337198493e-02 0.000000000000000000e+00
1.842069839530119726e-02 2.173114859045589110e+05
2.023589503111089191e-02 1.919752307288055890e+05
2.222996321434766651e-02 2.477691685385890887e+05
2.442052915136719640e-02 3.369685386932069669e+05
2.682695595500901239e-02 2.249391946889002575e+05
2.947051480134291537e-02 1.937559926743357792e+05
3.237457295239669353e-02 1.536281031458549551e+05
3.556480030685772731e-02 1.529677398760776850e+05
3.906939630451649464e-02 1.574295629945997498e+05
4.291933919013282694e-02 1.584691690356042236e+05
4.714865984004791566e-02 1.284370477975027025e+05
5.179474257198286163e-02 1.179575504563307477e+05
5.689865559697841746e-02 1.061464431718635315e+05
6.250551403444545850e-02 1.075400675933990424e+05
6.866487869913283359e-02 9.299613869640789926e+04
7.543119418501802176e-02 9.305800421775487484e+04
8.286427011848424007e-02 7.724251109286796418e+04
9.102980983473445142e-02 6.757785629903293739e+04
9.999999115058272325e-02 6.049583513432137988e+04
1.098541043672585787e-01 5.359625991005879769e+04
1.206792531427361148e-01 4.912337583725366858e+04
1.325711244288214907e-01 4.411369641862854769e+04
1.456348342787200378e-01 3.996027202679106267e+04
1.599858570014452974e-01 3.646949215139748412e+04
1.757510458761641914e-01 3.290068403739531641e+04
1.930697544488981787e-01 3.016979490729652753e+04
2.120950683230800604e-01 2.751901382883648694e+04
2.329951583321586417e-01 2.485170728861972020e+04
2.559547670553742882e-01 2.331613673188398025e+04
2.811768418164965477e-01 2.131290704550432201e+04
3.088843286001189403e-01 1.978114523338921572e+04
3.393221427425128778e-01 1.856107189265599300e+04
3.727593338166072523e-01 1.726932129220833303e+04
4.094914638472018087e-01 1.626776795641952413e+04
4.498432198782237879e-01 1.543172831934687201e+04
4.941712839853393824e-01 1.453591323109179939e+04
5.428674861028858212e-01 1.375332973650857457e+04
5.963622675339625978e-01 1.304898488232973068e+04
6.551284857587630350e-01 1.232128836832286470e+04
7.196855941730535555e-01 1.168812464430259752e+04
7.906042337028588163e-01 1.107710374094359940e+04
8.685112768820903995e-01 1.041943341244936892e+04
9.540953689793428838e-01 9.824839975418395625e+03
1.048113015153642191e+00 0.000000000000000000e+00
