1.048113066601954503e-02 1.521122776245670393e+06
1.151395323963562076e-02 0.000000000000000000e+00
1.264855132798976302e-02 1.014944113119119778e+06
1.389495400641860279e-02 7.146617016809859779e+05
1.526417862678452857e-02 9.349467759208629141e+05
1.676832820337198493e-02 0.000000000000000000e+00
1.842069839530119726e-02 5.731660915436740033e+05
2.023589503111089191e-02 4.803235751523094368e+05
2.222996321434766651e-02 3.458092264782471466e+05
2.442052915136719640e-02 2.585369630291238427e+05
2.682695595500901239e-02 2.818682179950652062e+05
2.947051480134291537e-02 3.146316980124230613e+05
3.237457295239669353e-02 2.092473720195091155e+05
3.556480030685772731e-02 1.566058874158769322e+05
3.906939630451649464e-02 1.567319450356914895e+05
4.291933919013282694e-02 1.528725501394944731e+05
4.714865984004791566e-02 1.461808642150886008e+05
5.179474257198286163e-02 1.583262702266928973e+05
5.689865559697841746e-02 1.380670497750234499e+05
6.250551403444545850e-02 1.143629617964282224e+05
6.866487869913283359e-02 7.961714300055375497e+04
7.543119418501802176e-02 6.299347091828401608e+04
8.286427011848424007e-02 5.682714779733048636e+04
9.102980983473445142e-02 5.496278814999112365e+04
9.999999115058272325e-02 5.163061007072459324e+04
1.098541043672585787e-01 4.555064635756208008e+04
1.206792531427361148e-01 3.590585764113911137e+04
1.325711244288214907e-01 3.151278679725530674e+04
1.456348342787200378e-01 2.927048384314091163e+04
1.599858570014452974e-01 2.608227652586213662e+04
1.757510458761641914e-01 2.255265948218738049e+04
1.930697544488981787e-01 2.004214177694290265e+04
2.120950683230800604e-01 1.802008705170918256e+04
2.329951583321586417e-01 1.637660267258824024e+04
2.559547670553742882e-01 1.478071600450688493e+04
2.811768418164965477e-01 1.329808561689160706e+04
3.088843286001189403e-01 1.201188283299999239e+04
3.393221427425128778e-01 1.104428433298136224e+04
3.727593338166072523e-01 1.008629382397719019e+04
4.094914638472018087e-01 9.333358831943271070e+03
4.498432198782237879e-01 8.653570118277271831e+03
4.941712839853393824e-01 7.971583275617953404e+03
5.428674861028858212e-01 7.384768300835828995e+03
5.963622675339625978e-01 6.891722229850187432e+03
6.551284857587630350e-01 6.436566519290321594e+03
7.196855941730535555e-01 5.989875507455953993e+03
7.906042337028588163e-01 5.589115197012554745e+03
8.685112768820903995e-01 5.213178953368156726e+03
9.540953689793428838e-01 4.859779608731688313e+03
1.048113015153642191e+00 0.000000000000000000e+00
