1.048113066601954503e-02 8.155563645069664344e+05
1.151395323963562076e-02 0.000000000000000000e+00
1.264855132798976302e-02 4.933471249889355386e+05
1.389495400641860279e-02 4.750459741630221251e+05
1.526417862678452857e-02 9.582542335021137260e+05
1.676832820337198493e-02 0.000000000000000000e+00
1.842069839530119726e-02 3.934250480895179790e+05
2.023589503111089191e-02 4.496989319415471982e+05
2.222996321434766651e-02 2.257225026961436961e+05
2.442052915136719640e-02 2.490570542875248939e+05
2.682695595500901239e-02 2.546074546605013893e+05
2.947051480134291537e-02 2.399860178408888169e+05
3.237457295239669353e-02 1.337349681014536181e+05
3.556480030685772731e-02 1.400896319478442601e+05
3.906939630451649464e-02 9.643055868103705870e+04
4.291933919013282694e-02 1.113623646554497100e+05
4.714865984004791566e-02 8.634084844099846669e+04
5.179474257198286163e-02 8.925500427454465535e+04
5.689865559697841746e-02 8.063498895335283305e+04
6.250551403444545850e-02 7.341647719930855965e+04
6.866487869913283359e-02 5.849586726602753333e+04
7.543119418501802176e-02 4.820098032341568614e+04
8.286427011848424007e-02 3.831043378931250481e+04
9.102980983473445142e-02 3.393576663701716461e+04
9.999999115058272325e-02 3.021427797180462949e+04
1.098541043672585787e-01 2.690276275331323268e+04
1.206792531427361148e-01 2.369469296658336680e+04
1.325711244288214907e-01 1.977762740674986708e+04
1.456348342787200378e-01 1.736312882668366728e+04
1.599858570014452974e-01 1.539450791162639143e+04
1.757510458761641914e-01 1.350158605562960292e+04
1.930697544488981787e-01 1.187079605399423053e+04
2.120950683230800604e-01 1.040061585662359175e+04
2.329951583321586417e-01 9.223090556571723937e+03
2.559547670553742882e-01 8.189049094815190074e+03
2.811768418164965477e-01 7.441369682587872376e+03
3.088843286001189403e-01 6.642422638462188843e+03
3.393221427425128778e-01 5.989422808280900426e+03
3.727593338166072523e-01 5.408639800398885200e+03
4.094914638472018087e-01 4.941493841804393924e+03
4.498432198782237879e-01 4.525753409534307139e+03
4.941712839853393824e-01 4.154014752353971744e+03
5.428674861028858212e-01 3.810358607939320336e+03
5.963622675339625978e-01 3.515546223408101469e+03
6.551284857587630350e-01 3.237124206884364867e+03
7.196855941730535555e-01 3.007775888882364598e+03
7.906042337028588163e-01 2.774917053550345372e+03
8.685112768820903995e-01 2.566711914486910246e+03
9.540953689793428838e-01 2.379039433489734165e+03
1.048113015153642191e+00 0.000000000000000000e+00
