1.048113066601954503e-02 3.049641387146048146e+04
1.151395323963562076e-02 0.000000000000000000e+00
1.264855132798976302e-02 2.532447504507667691e+04
1.389495400641860279e-02 2.189758283189949361e+04
1.526417862678452857e-02 2.566915491689029659e+04
1.676832820337198493e-02 0.000000000000000000e+00
1.842069839530119726e-02 2.901758733447251871e+04
2.023589503111089191e-02 2.582355623071588343e+04
2.222996321434766651e-02 2.964734651380328796e+04
2.442052915136719640e-02 4.211244603432961594e+04
2.682695595500901239e-02 3.134192836013898341e+04
2.947051480134291537e-02 2.645150855075160143e+04
3.237457295239669353e-02 3.669372905180888483e+04
3.556480030685772731e-02 2.902880812443072136e+04
3.906939630451649464e-02 3.328951218729643733e+04
4.291933919013282694e-02 3.286977525693462667e+04
4.714865984004791566e-02 2.707546119241650376e+04
5.179474257198286163e-02 2.485858789412979240e+04
5.689865559697841746e-02 2.566818095401825849e+04
6.250551403444545850e-02 2.589312237580278816e+04
6.866487869913283359e-02 2.627714272325108686e+04
7.543119418501802176e-02 2.451349138715851950e+04
8.286427011848424007e-02 2.196370703764599966e+04
9.102980983473445142e-02 2.084664193394970789e+04
9.999999115058272325e-02 1.933218217226757406e+04
1.098541043672585787e-01 1.668764682974474636e+04
1.206792531427361148e-01 1.570152331950253756e+04
1.325711244288214907e-01 1.457972322759903545e+04
1.456348342787200378e-01 1.369608805861874134e+04
1.599858570014452974e-01 1.248557878046098267e+04
1.757510458761641914e-01 1.092464922471060709e+04
1.930697544488981787e-01 1.019549601955391881e+04
2.120950683230800604e-01 9.393235150433938543e+03
2.329951583321586417e-01 8.550376701871462501e+03
2.559547670553742882e-01 7.797264610757509217e+03
2.811768418164965477e-01 7.194424762193924835e+03
3.088843286001189403e-01 6.692336875014801990e+03
3.393221427425128778e-01 6.173237244672974157e+03
3.727593338166072523e-01 5.736911217839950041e+03
4.094914638472018087e-01 5.375048143778139092e+03
4.498432198782237879e-01 5.046873121409480518e+03
4.941712839853393824e-01 4.769010387022981377e+03
5.428674861028858212e-01 4.507005894854512007e+03
5.963622675339625978e-01 4.256917689382742537e+03
6.551284857587630350e-01 4.054718438957610942e+03
7.196855941730535555e-01 3.854221073728249849e+03
7.906042337028588163e-01 3.676934895901588789e+03
8.685112768820903995e-01 3.511605858811318740e+03
9.540953689793428838e-01 3.353137782402010998e+03
1.048113015153642191e+00 0.000000000000000000e+00
