1.048113066601954503e-02 8.162667465130588971e+04
1.151395323963562076e-02 0.000000000000000000e+00
1.264855132798976302e-02 7.251932618401759828e+04
1.389495400641860279e-02 8.290652072606430738e+04
1.526417862678452857e-02 8.954710915575074614e+04
1.676832820337198493e-02 0.000000000000000000e+00
1.842069839530119726e-02 7.211203816696701688e+04
2.023589503111089191e-02 7.463928634834343393e+04
2.222996321434766651e-02 9.692792462604693719e+04
2.442052915136719640e-02 5.616485147098754533e+04
2.682695595500901239e-02 6.054915121129351610e+04
2.947051480134291537e-02 7.183624705071881181e+04
3.237457295239669353e-02 5.698268716163564386e+04
3.556480030685772731e-02 5.352003847604808107e+04
3.906939630451649464e-02 5.227742370406264672e+04
4.291933919013282694e-02 4.679373910485334636e+04
4.714865984004791566e-02 4.246031324006832438e+04
5.179474257198286163e-02 4.256630886266668676e+04
5.689865559697841746e-02 3.821477190735956538e+04
6.250551403444545850e-02 3.875089887055732106e+04
6.866487869913283359e-02 3.816284467543016217e+04
7.543119418501802176e-02 3.385328009591544833e+04
8.286427011848424007e-02 3.094192249009050283e+04
9.102980983473445142e-02 2.613008063172144102e+04
9.999999115058272325e-02 2.188223068578825405e+04
1.098541043672585787e-01 2.053496488396780114e+04
1.206792531427361148e-01 1.928896194442195701e+04
1.325711244288214907e-01 1.691477303789883808e+04
1.456348342787200378e-01 1.541514883398626262e+04
1.599858570014452974e-01 1.316660362367082780e+04
1.757510458761641914e-01 1.201965239783276047e+04
1.930697544488981787e-01 1.105609828155437935e+04
2.120950683230800604e-01 9.795265857389520534e+03
2.329951583321586417e-01 8.775292859592449531e+03
2.559547670553742882e-01 8.034513459303496347e+03
2.811768418164965477e-01 7.233105248666076477e+03
3.088843286001189403e-01 6.575138349023993214e+03
3.393221427425128778e-01 6.043786218253975676e+03
3.727593338166072523e-01 5.522563930632547454e+03
4.094914638472018087e-01 5.104909129317595216e+03
4.498432198782237879e-01 4.715506714098737575e+03
4.941712839853393824e-01 4.364477566398890303e+03
5.428674861028858212e-01 4.073354765249984666e+03
5.963622675339625978e-01 3.816382143889607505e+03
6.551284857587630350e-01 3.576978820296143567e+03
7.196855941730535555e-01 3.363877537010887863e+03
7.906042337028588163e-01 3.177124913127903255e+03
8.685112768820903995e-01 3.007512792552317478e+03
9.540953689793428838e-01 2.857024403201156019e+03
1.048113015153642191e+00 0.000000000000000000e+00
