1.048113066601954503e-02 1.508456366676855541e+05
1.151395323963562076e-02 0.000000000000000000e+00
1.264855132798976302e-02 2.606468759802858112e+05
1.389495400641860279e-02 1.717522369859651080e+05
1.526417862678452857e-02 2.121381541920118616e+05
1.676832820337198493e-02 0.000000000000000000e+00
1.842069839530119726e-02 1.993495576077251753e+05
2.023589503111089191e-02 1.292630953436135605e+05
2.222996321434766651e-02 1.334199157566360664e+05
2.442052915136719640e-02 1.943115408581098309e+05
2.682695595500901239e-02 1.200940950967773242e+05
2.947051480134291537e-02 1.240135991087933216e+05
3.237457295239669353e-02 1.386508607047305559e+05
3.556480030685772731e-02 1.138206803104868595e+05
3.906939630451649464e-02 8.783368318734146305e+04
4.291933919013282694e-02 9.623323219471532502e+04
4.714865984004791566e-02 8.067574960274787736e+04
5.179474257198286163e-02 8.370734382353938418e+04
5.689865559697841746e-02 6.805101923564380559e+04
6.250551403444545850e-02 6.832747658502754348e+04
6.866487869913283359e-02 6.505238555868345429e+04
7.543119418501802176e-02 5.869843600095619331e+04
8.286427011848424007e-02 5.197334078157413751e+04
9.102980983473445142e-02 4.574590416032572830e+04
9.999999115058272325e-02 3.711893541758762876e+04
1.098541043672585787e-01 3.430274623977696319e+04
1.206792531427361148e-01 3.056275225155464432e+04
1.325711244288214907e-01 2.911283780874913646e+04
1.456348342787200378e-01 2.596655300774232091e+04
1.599858570014452974e-01 2.305313009594502364e+04
1.757510458761641914e-01 2.068599169560803421e+04
1.930697544488981787e-01 1.926742116634361446e+04
2.120950683230800604e-01 1.754461624482240586e+04
2.329951583321586417e-01 1.592558863063415083e+04
2.559547670553742882e-01 1.466925358241848153e+04
2.811768418164965477e-01 1.345779204386175661e+04
3.088843286001189403e-01 1.241073832803153891e+04
3.393221427425128778e-01 1.157429308832625793e+04
3.727593338166072523e-01 1.074326719012157264e+04
4.094914638472018087e-01 1.007553323746017122e+04
4.498432198782237879e-01 9.481424906654920051e+03
4.941712839853393824e-01 8.906264087893989199e+03
5.428674861028858212e-01 8.439931531415117206e+03
5.963622675339625978e-01 7.945836467555884155e+03
6.551284857587630350e-01 7.536693501289983033e+03
7.196855941730535555e-01 7.122151683916197726e+03
7.906042337028588163e-01 6.698981744175668609e+03
8.685112768820903995e-01 6.308156844713509599e+03
9.540953689793428838e-01 5.930581372518518037e+03
1.048113015153642191e+00 0.000000000000000000e+00
