1.048113066601954503e-02 6.055819159034723998e+04
1.151395323963562076e-02 0.000000000000000000e+00
1.264855132798976302e-02 5.427084916081732808e+04
1.389495400641860279e-02 7.845318198358465452e+04
1.526417862678452857e-02 4.916517259993693733e+04
1.676832820337198493e-02 0.000000000000000000e+00
1.842069839530119726e-02 6.392079609830760455e+04
2.023589503111089191e-02 7.408110520249060937e+04
2.222996321434766651e-02 5.099022690720135870e+04
2.442052915136719640e-02 4.958606530482559174e+04
2.682695595500901239e-02 6.113555910772421339e+04
2.947051480134291537e-02 8.151856492222214001e+04
3.237457295239669353e-02 6.359612254065578600e+04
3.556480030685772731e-02 5.822970130726526259e+04
3.906939630451649464e-02 6.556318599622798502e+04
4.291933919013282694e-02 6.243610584731937706e+04
4.714865984004791566e-02 5.642449107922158146e+04
5.179474257198286163e-02 5.224742720285729592e+04
5.689865559697841746e-02 5.287874397331108048e+04
6.250551403444545850e-02 5.159368626576276438e+04
6.866487869913283359e-02 4.922916965891027940e+04
7.543119418501802176e-02 4.855691946955848107e+04
8.286427011848424007e-02 4.485717823101968679e+04
9.102980983473445142e-02 4.009881549969101616e+04
9.999999115058272325e-02 3.626104576855762571e+04
1.098541043672585787e-01 3.301614202019049117e+04
1.206792531427361148e-01 3.193143596291468202e+04
1.325711244288214907e-01 2.960809759284080792e+04
1.456348342787200378e-01 2.733464611194557074e+04
1.599858570014452974e-01 2.446092677172802360e+04
1.757510458761641914e-01 2.229334541492257995e+04
1.930697544488981787e-01 2.079579337853011384e+04
2.120950683230800604e-01 1.922099813726860521e+04
2.329951583321586417e-01 1.744052007776675237e+04
2.559547670553742882e-01 1.633771516297620838e+04
2.811768418164965477e-01 1.511532509688130813e+04
3.088843286001189403e-01 1.423421865323327438e+04
3.393221427425128778e-01 1.327406490255678182e+04
3.727593338166072523e-01 1.244616807149215310e+04
4.094914638472018087e-01 1.175902484602246841e+04
4.498432198782237879e-01 1.116712570022714317e+04
4.941712839853393824e-01 1.056435103611188788e+04
5.428674861028858212e-01 1.010109832108594128e+04
5.963622675339625978e-01 9.664370164271454996e+03
6.551284857587630350e-01 9.245307917481301047e+03
7.196855941730535555e-01 8.851321102577381680e+03
7.906042337028588163e-01 8.478393203710802482e+03
8.685112768820903995e-01 8.119102001960454800e+03
9.540953689793428838e-01 7.786440368500214390e+03
1.048113015153642191e+00 0.000000000000000000e+00
