1.048113066601954503e-02 5.742898974775832176e+04
1.151395323963562076e-02 0.000000000000000000e+00
1.264855132798976302e-02 3.790317120041648013e+04
1.389495400641860279e-02 3.976841589035275683e+04
1.526417862678452857e-02 3.081985962587657923e+04
1.676832820337198493e-02 0.000000000000000000e+00
1.842069839530119726e-02 4.589782325482256419e+04
2.023589503111089191e-02 4.016013226660127839e+04
2.222996321434766651e-02 4.363861041732040030e+04
2.442052915136719640e-02 3.170029482435914542e+04
2.682695595500901239e-02 5.499056246482372080e+04
2.947051480134291537e-02 4.543279815291386331e+04
3.237457295239669353e-02 3.859326044439036923e+04
3.556480030685772731e-02 4.199823637809092179e+04
3.906939630451649464e-02 3.244150311274720661e+04
4.291933919013282694e-02 3.447786693785568059e+04
4.714865984004791566e-02 3.229296758026452881e+04
5.179474257198286163e-02 2.856518672834299286e+04
5.689865559697841746e-02 2.796432311217283132e+04
6.250551403444545850e-02 2.459729641329532751e+04
6.866487869913283359e-02 2.347334468568670491e+04
7.543119418501802176e-02 2.304619655232482182e+04
8.286427011848424007e-02 2.025249331042433187e+04
9.102980983473445142e-02 1.749682477847772316e+04
9.999999115058272325e-02 1.558366150941845990e+04
1.098541043672585787e-01 1.364278467641454336e+04
1.206792531427361148e-01 1.309629660759016770e+04
1.325711244288214907e-01 1.192554077195941318e+04
1.456348342787200378e-01 1.082645624771473194e+04
1.599858570014452974e-01 9.196492814089815511e+03
1.757510458761641914e-01 8.346072919874992294e+03
1.930697544488981787e-01 7.625524506615898645e+03
2.120950683230800604e-01 6.761899175665126677e+03
2.329951583321586417e-01 5.954568496274471727e+03
2.559547670553742882e-01 5.423147986164825852e+03
2.811768418164965477e-01 4.879846392393034876e+03
3.088843286001189403e-01 4.403576197082838917e+03
3.393221427425128778e-01 3.996273514171884017e+03
3.727593338166072523e-01 3.635396307728009106e+03
4.094914638472018087e-01 3.312651980374878804e+03
4.498432198782237879e-01 3.039276965559786277e+03
4.941712839853393824e-01 2.810255360453497360e+03
5.428674861028858212e-01 2.593544113224590546e+03
5.963622675339625978e-01 2.411862909855590260e+03
6.551284857587630350e-01 2.241440974520096916e+03
7.196855941730535555e-01 2.087072593294432409e+03
7.906042337028588163e-01 1.956752447258302027e+03
8.685112768820903995e-01 1.836361921405647990e+03
9.540953689793428838e-01 1.727543864874447536e+03
1.048113015153642191e+00 0.000000000000000000e+00
