1.048113066601954503e-02 4.082142241217649425e+05
1.151395323963562076e-02 0.000000000000000000e+00
1.264855132798976302e-02 1.832674508955962374e+05
1.389495400641860279e-02 6.734020612931955839e+05
1.526417862678452857e-02 4.209680103864565608e+05
1.676832820337198493e-02 0.000000000000000000e+00
1.842069839530119726e-02 3.978388855689011398e+05
2.023589503111089191e-02 4.094013903017970733e+05
2.222996321434766651e-02 3.051614511443084339e+05
2.442052915136719640e-02 3.519669209205883089e+05
2.682695595500901239e-02 2.712524434392242110e+05
2.947051480134291537e-02 2.538060380723279086e+05
3.237457295239669353e-02 1.846078269340004190e+05
3.556480030685772731e-02 1.903916372477331315e+05
3.906939630451649464e-02 1.304375572963904706e+05
4.291933919013282694e-02 1.298780754564780218e+05
4.714865984004791566e-02 1.102255351547959290e+05
5.179474257198286163e-02 1.103315853872123698e+05
5.689865559697841746e-02 1.106505647780893050e+05
6.250551403444545850e-02 1.095920818868743081e+05
6.866487869913283359e-02 9.215617626646946883e+04
7.543119418501802176e-02 7.457235166542457591e+04
8.286427011848424007e-02 6.458502265870122210e+04
9.102980983473445142e-02 5.177859581412835541e+04
9.999999115058272325e-02 4.736632660062905779e+04
1.098541043672585787e-01 4.352813022792945412e+04
1.206792531427361148e-01 4.044458456497074076e+04
1.325711244288214907e-01 3.450186710871288233e+04
1.456348342787200378e-01 3.075742437354240610e+04
1.599858570014452974e-01 2.768898866601850023e+04
1.757510458761641914e-01 2.506727916262864892e+04
1.930697544488981787e-01 2.285590326096340141e+04
2.120950683230800604e-01 2.076662770738282052e+04
2.329951583321586417e-01 1.877460181861826277e+04
2.559547670553742882e-01 1.721582344692097831e+04
2.811768418164965477e-01 1.596828153342956648e+04
3.088843286001189403e-01 1.459018574519141839e+04
3.393221427425128778e-01 1.363694391865807484e+04
3.727593338166072523e-01 1.262926442509568369e+04
4.094914638472018087e-01 1.177344691004046399e+04
4.498432198782237879e-01 1.103869721330576067e+04
4.941712839853393824e-01 1.040672103158481150e+04
5.428674861028858212e-01 9.737584441850649455e+03
5.963622675339625978e-01 9.172256874253745991e+03
6.551284857587630350e-01 8.622542733045105706e+03
7.196855941730535555e-01 8.091597844849979992e+03
7.906042337028588163e-01 7.539738526119479502e+03
8.685112768820903995e-01 7.054676816730101564e+03
9.540953689793428838e-01 6.572136224546247831e+03
1.048113015153642191e+00 0.000000000000000000e+00
