1.048113066601954503e-02 1.249788984962276008e+05
1.151395323963562076e-02 0.000000000000000000e+00
1.264855132798976302e-02 1.119800766249052249e+05
1.389495400641860279e-02 1.435290816635633819e+05
1.526417862678452857e-02 1.312036421554410772e+05
1.676832820337198493e-02 0.000000000000000000e+00
1.842069839530119726e-02 1.093857226416942140e+05
2.023589503111089191e-02 1.194519468532978790e+05
2.222996321434766651e-02 1.300684051834846323e+05
2.442052915136719640e-02 1.169033996967270214e+05
2.682695595500901239e-02 1.113140164335481822e+05
2.947051480134291537e-02 8.601835707489379274e+04
3.237457295239669353e-02 8.341920781094566337e+04
3.556480030685772731e-02 7.610124844300275436e+04
3.906939630451649464e-02 6.830271024926645623e+04
4.291933919013282694e-02 6.371900477994098037e+04
4.714865984004791566e-02 5.688357771127378510e+04
5.179474257198286163e-02 5.425883281836204696e+04
5.689865559697841746e-02 4.543359774400321476e+04
6.250551403444545850e-02 4.428193592616362730e+04
6.866487869913283359e-02 3.925477007831434457e+04
7.543119418501802176e-02 3.761448760614453931e+04
8.286427011848424007e-02 3.075145261758340712e+04
9.102980983473445142e-02 2.647490692913585008e+04
9.999999115058272325e-02 2.321166186764979284e+04
1.098541043672585787e-01 2.042448324685731859e+04
1.206792531427361148e-01 1.933791033675819926e+04
1.325711244288214907e-01 1.728020844605726597e+04
1.456348342787200378e-01 1.508820773173090129e+04
1.599858570014452974e-01 1.331952018745226269e+04
1.757510458761641914e-01 1.198528984325144484e+04
1.930697544488981787e-01 1.103459295088295039e+04
2.120950683230800604e-01 9.881230118236269846e+03
2.329951583321586417e-01 8.903863411292539240e+03
2.559547670553742882e-01 8.041004032071045003e+03
2.811768418164965477e-01 7.352201567595971937e+03
3.088843286001189403e-01 6.737027565151034651e+03
3.393221427425128778e-01 6.215437856180236849e+03
3.727593338166072523e-01 5.734124706738923123e+03
4.094914638472018087e-01 5.330845325683474584e+03
4.498432198782237879e-01 4.950453731778632573e+03
4.941712839853393824e-01 4.612340474070335404e+03
5.428674861028858212e-01 4.311536053834520317e+03
5.963622675339625978e-01 4.036652760619077981e+03
6.551284857587630350e-01 3.766543678440291842e+03
7.196855941730535555e-01 3.529118319689691816e+03
7.906042337028588163e-01 3.299498813624464219e+03
8.685112768820903995e-01 3.071604698367682431e+03
9.540953689793428838e-01 2.856721032954680140e+03
1.048113015153642191e+00 0.000000000000000000e+00
