1.048113066601954503e-02 3.070796119023294304e+05
1.151395323963562076e-02 0.000000000000000000e+00
1.264855132798976302e-02 2.103504053772153566e+05
1.389495400641860279e-02 3.255951550788383465e+05
1.526417862678452857e-02 4.500016438510542503e+05
1.676832820337198493e-02 0.000000000000000000e+00
1.842069839530119726e-02 3.290607914271621848e+05
2.023589503111089191e-02 1.786753248619068181e+05
2.222996321434766651e-02 2.467509194404879818e+05
2.442052915136719640e-02 1.834464003913096385e+05
2.682695595500901239e-02 1.513466215930377366e+05
2.947051480134291537e-02 1.556926044628725504e+05
3.237457295239669353e-02 1.084217650301912508e+05
3.556480030685772731e-02 1.285585577325512422e+05
3.906939630451649464e-02 9.292656955721555278e+04
4.291933919013282694e-02 8.487579055127839092e+04
4.714865984004791566e-02 7.385061361175254569e+04
5.179474257198286163e-02 7.108751245872177242e+04
5.689865559697841746e-02 7.819338500221422873e+04
6.250551403444545850e-02 6.998411280327080749e+04
6.866487869913283359e-02 5.779234502133844217e+04
7.543119418501802176e-02 4.322140874105884723e+04
8.286427011848424007e-02 3.357795497626061842e+04
9.102980983473445142e-02 2.866928171223840764e+04
9.999999115058272325e-02 2.677125964770500286e+04
1.098541043672585787e-01 2.632415527550117258e+04
1.206792531427361148e-01 2.271646281997150072e+04
1.325711244288214907e-01 1.779742753834809992e+04
1.456348342787200378e-01 1.510103855871410815e+04
1.599858570014452974e-01 1.383715407215475898e+04
1.757510458761641914e-01 1.194971507431474311e+04
1.930697544488981787e-01 1.032835925109708842e+04
2.120950683230800604e-01 9.088935336534403177e+03
2.329951583321586417e-01 8.070007571706116323e+03
2.559547670553742882e-01 7.093340228589043363e+03
2.811768418164965477e-01 6.261404604874260258e+03
3.088843286001189403e-01 5.550088805437724659e+03
3.393221427425128778e-01 5.020204975236381870e+03
3.727593338166072523e-01 4.471318481348474961e+03
4.094914638472018087e-01 4.035076368000170078e+03
4.498432198782237879e-01 3.656590820728909421e+03
4.941712839853393824e-01 3.319712463635009044e+03
5.428674861028858212e-01 3.031275789501551117e+03
5.963622675339625978e-01 2.789464676187532859e+03
6.551284857587630350e-01 2.559681750851126253e+03
7.196855941730535555e-01 2.358274192134877921e+03
7.906042337028588163e-01 2.186547613020850804e+03
8.685112768820903995e-01 2.026638821409996126e+03
9.540953689793428838e-01 1.886712140778899993e+03
1.048113015153642191e+00 0.000000000000000000e+00
