1.048113066601954503e-02 7.802536383062391542e+04
1.151395323963562076e-02 0.000000000000000000e+00
1.264855132798976302e-02 3.256528305235704829e+04
1.389495400641860279e-02 4.684642380960595619e+04
1.526417862678452857e-02 5.637677566605454194e+04
1.676832820337198493e-02 0.000000000000000000e+00
1.842069839530119726e-02 7.315981384636464645e+04
2.023589503111089191e-02 7.924612568182045652e+04
2.222996321434766651e-02 8.874996951322766836e+04
2.442052915136719640e-02 1.058207316010112554e+05
2.682695595500901239e-02 1.002655757856973651e+05
2.947051480134291537e-02 8.717450523901198176e+04
3.237457295239669353e-02 8.358681329338969954e+04
3.556480030685772731e-02 7.973790602955184295e+04
3.906939630451649464e-02 7.418935842749288713e+04
4.291933919013282694e-02 7.201458608294581063e+04
4.714865984004791566e-02 6.584092746644244471e+04
5.179474257198286163e-02 6.688162431223287422e+04
5.689865559697841746e-02 6.508753445771685801e+04
6.250551403444545850e-02 6.843073727846912516e+04
6.866487869913283359e-02 5.866042896614295023e+04
7.543119418501802176e-02 5.494046210467278433e+04
8.286427011848424007e-02 5.022022795049876004e+04
9.102980983473445142e-02 4.633412241141081904e+04
9.999999115058272325e-02 4.193641659023186367e+04
1.098541043672585787e-01 3.867643990287544875e+04
1.206792531427361148e-01 3.439110884852584422e+04
1.325711244288214907e-01 3.197979265458350710e+04
1.456348342787200378e-01 3.014990696843168553e+04
1.599858570014452974e-01 2.734567818454134976e+04
1.757510458761641914e-01 2.444342840245823754e+04
1.930697544488981787e-01 2.276082977907713212e+04
2.120950683230800604e-01 2.101575694356934400e+04
2.329951583321586417e-01 1.918104652161820923e+04
2.559547670553742882e-01 1.768285786089211251e+04
2.811768418164965477e-01 1.652358489368292430e+04
3.088843286001189403e-01 1.521686833112015120e+04
3.393221427425128778e-01 1.427721445690318797e+04
3.727593338166072523e-01 1.336233509613518618e+04
4.094914638472018087e-01 1.262814636521966895e+04
4.498432198782237879e-01 1.191060429987502175e+04
4.941712839853393824e-01 1.126161066282230968e+04
5.428674861028858212e-01 1.071672360734973154e+04
5.963622675339625978e-01 1.020133569012389671e+04
6.551284857587630350e-01 9.750672014886522447e+03
7.196855941730535555e-01 9.293125053712292356e+03
7.906042337028588163e-01 8.864457338948821416e+03
8.685112768820903995e-01 8.448614379132304748e+03
9.540953689793428838e-01 8.036574075207306123e+03
1.048113015153642191e+00 0.000000000000000000e+00
