1.048113066601954503e-02 1.929236529781621066e+05
1.151395323963562076e-02 0.000000000000000000e+00
1.264855132798976302e-02 7.791606983810571546e+04
1.389495400641860279e-02 1.157743270313322282e+05
1.526417862678452857e-02 1.230843907008540846e+05
1.676832820337198493e-02 0.000000000000000000e+00
1.842069839530119726e-02 1.671670536728767038e+05
2.023589503111089191e-02 6.874164885554564535e+04
2.222996321434766651e-02 1.231919669244577526e+05
2.442052915136719640e-02 8.477854392951112823e+04
2.682695595500901239e-02 7.991746238410928345e+04
2.947051480134291537e-02 6.101752739668581489e+04
3.237457295239669353e-02 5.035998535795036150e+04
3.556480030685772731e-02 3.970176887506398634e+04
3.906939630451649464e-02 4.000418647725020855e+04
4.291933919013282694e-02 3.186238764852453824e+04
4.714865984004791566e-02 3.474858800055917527e+04
5.179474257198286163e-02 3.263845458261367821e+04
5.689865559697841746e-02 3.508941848756153195e+04
6.250551403444545850e-02 2.634198295159371264e+04
6.866487869913283359e-02 2.267926688573168212e+04
7.543119418501802176e-02 1.821776870694476747e+04
8.286427011848424007e-02 1.402375652722011182e+04
9.102980983473445142e-02 1.310718839453804321e+04
9.999999115058272325e-02 1.317924956535009005e+04
1.098541043672585787e-01 1.209686023051203847e+04
1.206792531427361148e-01 9.704366092610114720e+03
1.325711244288214907e-01 7.896723735441173631e+03
1.456348342787200378e-01 7.175771807971594171e+03
1.599858570014452974e-01 6.606556682313284000e+03
1.757510458761641914e-01 5.553036432646374124e+03
1.930697544488981787e-01 4.850328644380986589e+03
2.120950683230800604e-01 4.301098275100413957e+03
2.329951583321586417e-01 3.796281447474604192e+03
2.559547670553742882e-01 3.363995799444524891e+03
2.811768418164965477e-01 3.010562916145881445e+03
3.088843286001189403e-01 2.674444889774043986e+03
3.393221427425128778e-01 2.392412823819717687e+03
3.727593338166072523e-01 2.144526741382764612e+03
4.094914638472018087e-01 1.941560452661140062e+03
4.498432198782237879e-01 1.766949840705080078e+03
4.941712839853393824e-01 1.602349758052431525e+03
5.428674861028858212e-01 1.470633303482795782e+03
5.963622675339625978e-01 1.351340164521267980e+03
6.551284857587630350e-01 1.247849168956597396e+03
7.196855941730535555e-01 1.147953639090733759e+03
7.906042337028588163e-01 1.063769687401192186e+03
8.685112768820903995e-01 9.888956900721178727e+02
9.540953689793428838e-01 9.216472714798968582e+02
1.048113015153642191e+00 0.000000000000000000e+00
