1.048113066601954503e-02 2.652672034638859986e+04
1.151395323963562076e-02 0.000000000000000000e+00
1.264855132798976302e-02 2.820364511677721748e+04
1.389495400641860279e-02 1.423978437416096131e+04
1.526417862678452857e-02 2.029034543914085589e+04
1.676832820337198493e-02 0.000000000000000000e+00
1.842069839530119726e-02 2.839850287450183896e+04
2.023589503111089191e-02 1.972683625258374377e+04
2.222996321434766651e-02 3.004689654813324887e+04
2.442052915136719640e-02 2.523265335043696541e+04
2.682695595500901239e-02 2.443984552252800495e+04
2.947051480134291537e-02 2.739206269825908385e+04
3.237457295239669353e-02 2.032194215894865920e+04
3.556480030685772731e-02 2.522568854130243926e+04
3.906939630451649464e-02 2.507444538480388292e+04
4.291933919013282694e-02 2.678302864101905652e+04
4.714865984004791566e-02 2.281081744164417250e+04
5.179474257198286163e-02 2.304200441571456759e+04
5.689865559697841746e-02 2.171642303491896018e+04
6.250551403444545850e-02 2.187229858554883685e+04
6.866487869913283359e-02 2.155991089470724546e+04
7.543119418501802176e-02 1.959367132357136870e+04
8.286427011848424007e-02 1.972092017947444401e+04
9.102980983473445142e-02 1.768679604381626996e+04
9.999999115058272325e-02 1.602033541637183771e+04
1.098541043672585787e-01 1.443510602892358656e+04
1.206792531427361148e-01 1.370989644494515596e+04
1.325711244288214907e-01 1.279287403532829921e+04
1.456348342787200378e-01 1.187075869234383026e+04
1.599858570014452974e-01 1.091415801046891102e+04
1.757510458761641914e-01 9.814144268803418527e+03
1.930697544488981787e-01 9.095188504703033686e+03
2.120950683230800604e-01 8.424418666367098922e+03
2.329951583321586417e-01 7.671950028069431028e+03
2.559547670553742882e-01 7.045144134997021865e+03
2.811768418164965477e-01 6.512508959293803855e+03
3.088843286001189403e-01 6.037762583615312906e+03
3.393221427425128778e-01 5.652059255562760882e+03
3.727593338166072523e-01 5.273358566826483184e+03
4.094914638472018087e-01 4.960490471063823861e+03
4.498432198782237879e-01 4.683145715141270557e+03
4.941712839853393824e-01 4.406346990892299800e+03
5.428674861028858212e-01 4.179655328837094203e+03
5.963622675339625978e-01 3.980174887977298113e+03
6.551284857587630350e-01 3.786525916993632563e+03
7.196855941730535555e-01 3.598993542312100544e+03
7.906042337028588163e-01 3.432452657728777467e+03
8.685112768820903995e-01 3.267190317101893015e+03
9.540953689793428838e-01 3.114380506897679879e+03
1.048113015153642191e+00 0.000000000000000000e+00
