1.048113066601954503e-02 7.777104745130604715e+04
1.151395323963562076e-02 0.000000000000000000e+00
1.264855132798976302e-02 8.485591306904683006e+04
1.389495400641860279e-02 7.346524114809403545e+04
1.526417862678452857e-02 8.566500766277685761e+04
1.676832820337198493e-02 0.000000000000000000e+00
1.842069839530119726e-02 8.454599006384155655e+04
2.023589503111089191e-02 1.049619590612183092e+05
2.222996321434766651e-02 8.378804500624098000e+04
2.442052915136719640e-02 1.339690473783219350e+05
2.682695595500901239e-02 1.148793411553432670e+05
2.947051480134291537e-02 1.176282339007949340e+05
3.237457295239669353e-02 1.119422720259573834e+05
3.556480030685772731e-02 8.328660216612571094e+04
3.906939630451649464e-02 9.021379087679476652e+04
4.291933919013282694e-02 7.599298400903164293e+04
4.714865984004791566e-02 7.180644709120407060e+04
5.179474257198286163e-02 7.235429749970036210e+04
5.689865559697841746e-02 6.876583585578459315e+04
6.250551403444545850e-02 6.076224382454263105e+04
6.866487869913283359e-02 6.184907757972441323e+04
7.543119418501802176e-02 5.702088395793795644e+04
8.286427011848424007e-02 5.375565326962529798e+04
9.102980983473445142e-02 4.971987119079134573e+04
9.999999115058272325e-02 4.353334287621694966e+04
1.098541043672585787e-01 3.797933493568055565e+04
1.206792531427361148e-01 3.534134678468450147e+04
1.325711244288214907e-01 3.222487349663549685e+04
1.456348342787200378e-01 3.036282349862040428e+04
1.599858570014452974e-01 2.745264781550828411e+04
1.757510458761641914e-01 2.455413297175473417e+04
1.930697544488981787e-01 2.261799041318282980e+04
2.120950683230800604e-01 2.094386316045031708e+04
2.329951583321586417e-01 1.909619475810541189e+04
2.559547670553742882e-01 1.765443309843476891e+04
2.811768418164965477e-01 1.645401693609804715e+04
3.088843286001189403e-01 1.521855871895802011e+04
3.393221427425128778e-01 1.426516057961094884e+04
3.727593338166072523e-01 1.333326446453787685e+04
4.094914638472018087e-01 1.256952245411204422e+04
4.498432198782237879e-01 1.192938176281592860e+04
4.941712839853393824e-01 1.129260522028321793e+04
5.428674861028858212e-01 1.073309140473456500e+04
5.963622675339625978e-01 1.020923406157625504e+04
6.551284857587630350e-01 9.687326622421260254e+03
7.196855941730535555e-01 9.244733941605842119e+03
7.906042337028588163e-01 8.816984455799669377e+03
8.685112768820903995e-01 8.400555927111203346e+03
9.540953689793428838e-01 8.006381255789256102e+03
1.048113015153642191e+00 0.000000000000000000e+00
