1.048113066601954503e-02 6.194141722651612508e+04
1.151395323963562076e-02 0.000000000000000000e+00
1.264855132798976302e-02 3.848766248865020316e+04
1.389495400641860279e-02 7.842381217467220267e+04
1.526417862678452857e-02 8.223211285036633490e+04
1.676832820337198493e-02 0.000000000000000000e+00
1.842069839530119726e-02 9.370797429267801635e+04
2.023589503111089191e-02 7.698754450753740093e+04
2.222996321434766651e-02 5.099002634304940148e+04
2.442052915136719640e-02 7.419306001339761133e+04
2.682695595500901239e-02 8.498477497523557395e+04
2.947051480134291537e-02 9.499685176551280892e+04
3.237457295239669353e-02 7.590069143324560719e+04
3.556480030685772731e-02 6.802276880705512303e+04
3.906939630451649464e-02 5.685808982002978155e+04
4.291933919013282694e-02 5.977612945063418010e+04
4.714865984004791566e-02 5.059676447383152117e+04
5.179474257198286163e-02 4.783783830602791568e+04
5.689865559697841746e-02 5.013731403667610721e+04
6.250551403444545850e-02 4.520626161926049099e+04
6.866487869913283359e-02 4.461654603451438743e+04
7.543119418501802176e-02 3.704612754962578038e+04
8.286427011848424007e-02 3.463776461643786752e+04
9.102980983473445142e-02 3.127154022893833462e+04
9.999999115058272325e-02 2.557983359325539641e+04
1.098541043672585787e-01 2.327600768882002740e+04
1.206792531427361148e-01 2.218937763866831301e+04
1.325711244288214907e-01 2.053218604755795604e+04
1.456348342787200378e-01 1.787065399856067233e+04
1.599858570014452974e-01 1.569068422067180290e+04
1.757510458761641914e-01 1.442801480915275351e+04
1.930697544488981787e-01 1.334161859182244552e+04
2.120950683230800604e-01 1.204995037120294364e+04
2.329951583321586417e-01 1.096339372382816509e+04
2.559547670553742882e-01 1.013242945996828530e+04
2.811768418164965477e-01 9.354791619723311669e+03
3.088843286001189403e-01 8.637909036796867440e+03
3.393221427425128778e-01 7.966387704099477560e+03
3.727593338166072523e-01 7.412658796427190282e+03
4.094914638472018087e-01 6.961343119820696302e+03
4.498432198782237879e-01 6.537885293960180206e+03
4.941712839853393824e-01 6.150404103571218002e+03
5.428674861028858212e-01 5.818877619086695631e+03
5.963622675339625978e-01 5.482569572533599057e+03
6.551284857587630350e-01 5.193321833655269984e+03
7.196855941730535555e-01 4.923672467227281231e+03
7.906042337028588163e-01 4.655058369701635456e+03
8.685112768820903995e-01 4.390597803088506225e+03
9.540953689793428838e-01 4.148094898152227870e+03
1.048113015153642191e+00 0.000000000000000000e+00
