1.048113066601954503e-02 1.522042762461528946e+04
1.151395323963562076e-02 0.000000000000000000e+00
1.264855132798976302e-02 1.595938039815258162e+04
1.389495400641860279e-02 3.147758346723768045e+04
1.526417862678452857e-02 2.744457063707373163e+04
1.676832820337198493e-02 0.000000000000000000e+00
1.842069839530119726e-02 2.298030200327219791e+04
2.023589503111089191e-02 2.767334886084092432e+04
2.222996321434766651e-02 3.164649305196415662e+04
2.442052915136719640e-02 2.501203807000113738e+04
2.682695595500901239e-02 2.543531733983259983e+04
2.947051480134291537e-02 2.639548896724177393e+04
3.237457295239669353e-02 2.580987314172009428e+04
3.556480030685772731e-02 2.455649814346833227e+04
3.906939630451649464e-02 2.791016647672967156e+04
4.291933919013282694e-02 2.240697641531533009e+04
4.714865984004791566e-02 2.230850828138177167e+04
5.179474257198286163e-02 2.423374353367419462e+04
5.689865559697841746e-02 2.018680158225574996e+04
6.250551403444545850e-02 1.738061470430940244e+04
6.866487869913283359e-02 1.896652248299624262e+04
7.543119418501802176e-02 1.544674417076620739e+04
8.286427011848424007e-02 1.552423386822250359e+04
9.102980983473445142e-02 1.391353135172431212e+04
9.999999115058272325e-02 1.312042651115721674e+04
1.098541043672585787e-01 1.153858874652050872e+04
1.206792531427361148e-01 1.033345994610477283e+04
1.325711244288214907e-01 9.520246595077795064e+03
1.456348342787200378e-01 8.716934873800093555e+03
1.599858570014452974e-01 7.790346836517548581e+03
1.757510458761641914e-01 6.957901758406827867e+03
1.930697544488981787e-01 6.107994031028435529e+03
2.120950683230800604e-01 5.642770483037286795e+03
2.329951583321586417e-01 5.073734623108783126e+03
2.559547670553742882e-01 4.604835438918153159e+03
2.811768418164965477e-01 4.216036819704100708e+03
3.088843286001189403e-01 3.823467225512822552e+03
3.393221427425128778e-01 3.510366637590877872e+03
3.727593338166072523e-01 3.231047649157808337e+03
4.094914638472018087e-01 2.984494379153084992e+03
4.498432198782237879e-01 2.765086045976039713e+03
4.941712839853393824e-01 2.575488446521626429e+03
5.428674861028858212e-01 2.405382882363343015e+03
5.963622675339625978e-01 2.251551559631317105e+03
6.551284857587630350e-01 2.109671880912965207e+03
7.196855941730535555e-01 1.981468484292986204e+03
7.906042337028588163e-01 1.861439547366001761e+03
8.685112768820903995e-01 1.754004205510413385e+03
9.540953689793428838e-01 1.653303272298122920e+03
1.048113015153642191e+00 0.000000000000000000e+00
