1.048113066601954503e-02 1.873289638585919456e+05
1.151395323963562076e-02 0.000000000000000000e+00
1.264855132798976302e-02 3.466976155802160501e+05
1.389495400641860279e-02 2.192272962331221497e+05
1.526417862678452857e-02 2.789649692507931613e+05
1.676832820337198493e-02 0.000000000000000000e+00
1.842069839530119726e-02 2.515237852539244341e+05
2.023589503111089191e-02 2.340996585574356141e+05
2.222996321434766651e-02 2.400875567848651554e+05
2.442052915136719640e-02 1.895385228552393382e+05
2.682695595500901239e-02 2.014247810865299252e+05
2.947051480134291537e-02 2.105433129598688392e+05
3.237457295239669353e-02 1.592195982587343024e+05
3.556480030685772731e-02 1.720786622378106986e+05
3.906939630451649464e-02 1.468155379406217835e+05
4.291933919013282694e-02 1.433850704836301738e+05
4.714865984004791566e-02 1.382160222078299557e+05
5.179474257198286163e-02 1.166380906143302127e+05
5.689865559697841746e-02 1.102717225573165342e+05
6.250551403444545850e-02 9.732489546517998679e+04
6.866487869913283359e-02 9.104494283065410855e+04
7.543119418501802176e-02 8.271367440422142681e+04
8.286427011848424007e-02 7.159014867484952265e+04
9.102980983473445142e-02 6.134147210389006796e+04
9.999999115058272325e-02 5.284224206519356812e+04
1.098541043672585787e-01 4.844222180750012194e+04
1.206792531427361148e-01 4.265716241792341316e+04
1.325711244288214907e-01 4.037930720266392018e+04
1.456348342787200378e-01 3.580241174175647029e+04
1.599858570014452974e-01 3.116457703125524858e+04
1.757510458761641914e-01 2.861149182612076402e+04
1.930697544488981787e-01 2.589157813108168193e+04
2.120950683230800604e-01 2.331893130397967616e+04
2.329951583321586417e-01 2.127304357463758424e+04
2.559547670553742882e-01 1.978267219814932105e+04
2.811768418164965477e-01 1.806318968012866753e+04
3.088843286001189403e-01 1.661003156546111859e+04
3.393221427425128778e-01 1.545332414307689396e+04
3.727593338166072523e-01 1.441523666351622524e+04
4.094914638472018087e-01 1.350662181730857628e+04
4.498432198782237879e-01 1.262374192488232438e+04
4.941712839853393824e-01 1.185177097901138404e+04
5.428674861028858212e-01 1.114988848630692883e+04
5.963622675339625978e-01 1.052585858661027305e+04
6.551284857587630350e-01 9.914890731657940705e+03
7.196855941730535555e-01 9.322648288767679333e+03
7.906042337028588163e-01 8.783035463972519210e+03
8.685112768820903995e-01 8.245307119418957882e+03
9.540953689793428838e-01 7.734922862267208984e+03
1.048113015153642191e+00 0.000000000000000000e+00
