1.048113066601954503e-02 3.040110161348271868e+04
1.151395323963562076e-02 0.000000000000000000e+00
1.264855132798976302e-02 1.789415845146151332e+04
1.389495400641860279e-02 1.472006671955135243e+04
1.526417862678452857e-02 3.353344987971211958e+04
1.676832820337198493e-02 0.000000000000000000e+00
1.842069839530119726e-02 1.769629586403431676e+04
2.023589503111089191e-02 3.519655122574135021e+04
2.222996321434766651e-02 2.333376337000130661e+04
2.442052915136719640e-02 2.682942175788091845e+04
2.682695595500901239e-02 2.715036606450791805e+04
2.947051480134291537e-02 2.710649385713770607e+04
3.237457295239669353e-02 2.960088254177135241e+04
3.556480030685772731e-02 2.995435031878660811e+04
3.906939630451649464e-02 2.939398681011090230e+04
4.291933919013282694e-02 2.838522311948840797e+04
4.714865984004791566e-02 2.391353621375605871e+04
5.179474257198286163e-02 2.469595954291024464e+04
5.689865559697841746e-02 2.179030528489777862e+04
6.250551403444545850e-02 2.175454192314889224e+04
6.866487869913283359e-02 2.277853819183922315e+04
7.543119418501802176e-02 2.074157058062444048e+04
8.286427011848424007e-02 1.972234692272921529e+04
9.102980983473445142e-02 1.896003880067377031e+04
9.999999115058272325e-02 1.701746647112649589e+04
1.098541043672585787e-01 1.523190889676860206e+04
1.206792531427361148e-01 1.441562114367269169e+04
1.325711244288214907e-01 1.330020218754261441e+04
1.456348342787200378e-01 1.222818423293454543e+04
1.599858570014452974e-01 1.086344733395225012e+04
1.757510458761641914e-01 9.827486382120983762e+03
1.930697544488981787e-01 9.307274951355309895e+03
2.120950683230800604e-01 8.432558952999126632e+03
2.329951583321586417e-01 7.786828614326667775e+03
2.559547670553742882e-01 7.152545641423635971e+03
2.811768418164965477e-01 6.595737834853262939e+03
3.088843286001189403e-01 6.142491141413594050e+03
3.393221427425128778e-01 5.745976333151322251e+03
3.727593338166072523e-01 5.335510855839024771e+03
4.094914638472018087e-01 5.020297961051393031e+03
4.498432198782237879e-01 4.718821416451655750e+03
4.941712839853393824e-01 4.453264540660404236e+03
5.428674861028858212e-01 4.208521005948422498e+03
5.963622675339625978e-01 3.987609302999252577e+03
6.551284857587630350e-01 3.798900830314194536e+03
7.196855941730535555e-01 3.609833322835738727e+03
7.906042337028588163e-01 3.436975353461305531e+03
8.685112768820903995e-01 3.266922283886930472e+03
9.540953689793428838e-01 3.105030534585593614e+03
1.048113015153642191e+00 0.000000000000000000e+00
