1.048113066601954503e-02 1.648688282528782147e+05
1.151395323963562076e-02 0.000000000000000000e+00
1.264855132798976302e-02 1.216313579863491759e+05
1.389495400641860279e-02 1.178911399021382676e+05
1.526417862678452857e-02 9.182497492492869787e+04
1.676832820337198493e-02 0.000000000000000000e+00
1.842069839530119726e-02 1.280755590893797635e+05
2.023589503111089191e-02 9.326626547914167168e+04
2.222996321434766651e-02 9.920823537719484011e+04
2.442052915136719640e-02 1.015185902156680386e+05
2.682695595500901239e-02 9.987168503251338552e+04
2.947051480134291537e-02 8.392947831005409535e+04
3.237457295239669353e-02 1.076173660799843783e+05
3.556480030685772731e-02 1.027387451882869354e+05
3.906939630451649464e-02 8.167090296441069222e+04
4.291933919013282694e-02 7.673472048754042771e+04
4.714865984004791566e-02 7.762695842621046177e+04
5.179474257198286163e-02 7.529433854848209012e+04
5.689865559697841746e-02 6.912004483522535884e+04
6.250551403444545850e-02 6.225288134606722451e+04
6.866487869913283359e-02 5.895227914773679367e+04
7.543119418501802176e-02 5.304003113472960831e+04
8.286427011848424007e-02 4.943073049529825221e+04
9.102980983473445142e-02 4.754215656657076033e+04
9.999999115058272325e-02 4.058307728331960243e+04
1.098541043672585787e-01 3.695614399498350394e+04
1.206792531427361148e-01 3.370566676919422753e+04
1.325711244288214907e-01 3.066414224571287195e+04
1.456348342787200378e-01 2.846787014313608961e+04
1.599858570014452974e-01 2.517558355750190094e+04
1.757510458761641914e-01 2.318994038448708307e+04
1.930697544488981787e-01 2.092876055967287903e+04
2.120950683230800604e-01 1.941602482055392102e+04
2.329951583321586417e-01 1.752257631174860580e+04
2.559547670553742882e-01 1.636250601839189767e+04
2.811768418164965477e-01 1.497265448049994848e+04
3.088843286001189403e-01 1.390732915744651109e+04
3.393221427425128778e-01 1.295145394903915439e+04
3.727593338166072523e-01 1.209881308808783433e+04
4.094914638472018087e-01 1.132554591106826956e+04
4.498432198782237879e-01 1.067777670816191676e+04
4.941712839853393824e-01 1.012076348935704300e+04
5.428674861028858212e-01 9.581323602007332738e+03
5.963622675339625978e-01 9.067165968227040139e+03
6.551284857587630350e-01 8.618036883438779114e+03
7.196855941730535555e-01 8.177740531424908113e+03
7.906042337028588163e-01 7.785398444026051948e+03
8.685112768820903995e-01 7.379407651592085131e+03
9.540953689793428838e-01 7.002307226847778111e+03
1.048113015153642191e+00 0.000000000000000000e+00
