1.048113066601954503e-02 8.534436526104141376e+04
1.151395323963562076e-02 0.000000000000000000e+00
1.264855132798976302e-02 5.618676522685991222e+04
1.389495400641860279e-02 5.905970993921215995e+04
1.526417862678452857e-02 4.578405762029984180e+04
1.676832820337198493e-02 0.000000000000000000e+00
1.842069839530119726e-02 6.817919315138971433e+04
2.023589503111089191e-02 5.963291522444508155e+04
2.222996321434766651e-02 6.485706576159908582e+04
2.442052915136719640e-02 4.714139023300561530e+04
2.682695595500901239e-02 8.177149605827228515e+04
2.947051480134291537e-02 6.752723451327858493e+04
3.237457295239669353e-02 5.738745398711391317e+04
3.556480030685772731e-02 6.247476679987481475e+04
3.906939630451649464e-02 4.827800380668378784e+04
4.291933919013282694e-02 5.130933689947841049e+04
4.714865984004791566e-02 4.805315878739144682e+04
5.179474257198286163e-02 4.257375710777935456e+04
5.689865559697841746e-02 4.164577423675825412e+04
6.250551403444545850e-02 3.665527564482095477e+04
6.866487869913283359e-02 3.501069967425099458e+04
7.543119418501802176e-02 3.441072003596918512e+04
8.286427011848424007e-02 3.025575743783757571e+04
9.102980983473445142e-02 2.616675550959693646e+04
9.999999115058272325e-02 2.332913995496209100e+04
1.098541043672585787e-01 2.046080991177564283e+04
1.206792531427361148e-01 1.967162870731908333e+04
1.325711244288214907e-01 1.794053729795762774e+04
1.456348342787200378e-01 1.631927394005925998e+04
1.599858570014452974e-01 1.389312453506598285e+04
1.757510458761641914e-01 1.264030907265156202e+04
1.930697544488981787e-01 1.157566537536736178e+04
2.120950683230800604e-01 1.029375929814310439e+04
2.329951583321586417e-01 9.092220993034732601e+03
2.559547670553742882e-01 8.306266370724111766e+03
2.811768418164965477e-01 7.496947106291490854e+03
3.088843286001189403e-01 6.787830932164637488e+03
3.393221427425128778e-01 6.179714335214013772e+03
3.727593338166072523e-01 5.641208657324114938e+03
4.094914638472018087e-01 5.158366955265144497e+03
4.498432198782237879e-01 4.749464376699592322e+03
4.941712839853393824e-01 4.407389819461834122e+03
5.428674861028858212e-01 4.082223962750254032e+03
5.963622675339625978e-01 3.809710191645657687e+03
6.551284857587630350e-01 3.553111452500636460e+03
7.196855941730535555e-01 3.320175767758809798e+03
7.906042337028588163e-01 3.124006413509760932e+03
8.685112768820903995e-01 2.942468243631582936e+03
9.540953689793428838e-01 2.778215460487827841e+03
1.048113015153642191e+00 0.000000000000000000e+00
