1.048113066601954503e-02 3.262117146579676046e+04
1.151395323963562076e-02 0.000000000000000000e+00
1.264855132798976302e-02 5.196104906342735921e+04
1.389495400641860279e-02 1.530427394921533996e+05
1.526417862678452857e-02 1.011753235616010206e+05
1.676832820337198493e-02 0.000000000000000000e+00
1.842069839530119726e-02 7.479532116907744785e+04
2.023589503111089191e-02 1.406787328104308690e+05
2.222996321434766651e-02 8.287239981588098453e+04
2.442052915136719640e-02 7.445450662505601940e+04
2.682695595500901239e-02 7.654614699116666452e+04
2.947051480134291537e-02 5.434972523132329661e+04
3.237457295239669353e-02 4.605633481321285944e+04
3.556480030685772731e-02 3.545660654197265831e+04
3.906939630451649464e-02 3.257447903788350595e+04
4.291933919013282694e-02 2.784962651278940029e+04
4.714865984004791566e-02 2.800117475973266119e+04
5.179474257198286163e-02 2.915961144809796679e+04
5.689865559697841746e-02 2.813952665036801045e+04
6.250551403444545850e-02 3.032284193287343805e+04
6.866487869913283359e-02 2.592042015330470895e+04
7.543119418501802176e-02 2.091554989615930026e+04
8.286427011848424007e-02 1.523531722450266716e+04
9.102980983473445142e-02 1.195131201493828848e+04
9.999999115058272325e-02 1.055190164959544381e+04
1.098541043672585787e-01 1.112529266079162335e+04
1.206792531427361148e-01 1.029645448184634188e+04
1.325711244288214907e-01 8.440050056286163453e+03
1.456348342787200378e-01 6.601054472276954584e+03
1.599858570014452974e-01 5.833735401744666888e+03
1.757510458761641914e-01 5.476041001560710356e+03
1.930697544488981787e-01 4.749002498824989743e+03
2.120950683230800604e-01 4.049347246408866340e+03
2.329951583321586417e-01 3.620087490594356495e+03
2.559547670553742882e-01 3.165112564744733390e+03
2.811768418164965477e-01 2.780083003761998498e+03
3.088843286001189403e-01 2.497301909898767008e+03
3.393221427425128778e-01 2.218295070971839777e+03
3.727593338166072523e-01 1.989672201062607201e+03
4.094914638472018087e-01 1.780608543293028788e+03
4.498432198782237879e-01 1.613799037104391346e+03
4.941712839853393824e-01 1.468217096700766660e+03
5.428674861028858212e-01 1.331931229712703043e+03
5.963622675339625978e-01 1.219500928841962605e+03
6.551284857587630350e-01 1.116244862560927686e+03
7.196855941730535555e-01 1.028818268574745161e+03
7.906042337028588163e-01 9.514649901576949560e+02
8.685112768820903995e-01 8.818669299042281864e+02
9.540953689793428838e-01 8.185576435705945642e+02
1.048113015153642191e+00 0.000000000000000000e+00
