1.048113066601954503e-02 1.492179693313657073e+06
1.151395323963562076e-02 0.000000000000000000e+00
1.264855132798976302e-02 1.151405358273938764e+06
1.389495400641860279e-02 1.297402909976714756e+06
1.526417862678452857e-02 9.561471497136361431e+05
1.676832820337198493e-02 0.000000000000000000e+00
1.842069839530119726e-02 7.057469586290377192e+05
2.023589503111089191e-02 7.399581933772761840e+05
2.222996321434766651e-02 5.928747012313742889e+05
2.442052915136719640e-02 5.154996725630750298e+05
2.682695595500901239e-02 3.619449077859210083e+05
2.947051480134291537e-02 2.701172889298528316e+05
3.237457295239669353e-02 2.235860683935019479e+05
3.556480030685772731e-02 2.022566706969449297e+05
3.906939630451649464e-02 1.553890595902024943e+05
4.291933919013282694e-02 1.430377947390405170e+05
4.714865984004791566e-02 1.290362394323399931e+05
5.179474257198286163e-02 1.240392655673669360e+05
5.689865559697841746e-02 1.247801171724664455e+05
6.250551403444545850e-02 1.174149248968655593e+05
6.866487869913283359e-02 1.021859215746732370e+05
7.543119418501802176e-02 7.853124081124467193e+04
8.286427011848424007e-02 6.078320291215333418e+04
9.102980983473445142e-02 5.046037643474004290e+04
9.999999115058272325e-02 4.594074970017124724e+04
1.098541043672585787e-01 4.442629567829221196e+04
1.206792531427361148e-01 3.914361508960990614e+04
1.325711244288214907e-01 3.248100220247715333e+04
1.456348342787200378e-01 2.742641511756004911e+04
1.599858570014452974e-01 2.442055792360778287e+04
1.757510458761641914e-01 2.148944246117374132e+04
1.930697544488981787e-01 1.934885310460682740e+04
2.120950683230800604e-01 1.748848299718136695e+04
2.329951583321586417e-01 1.528696587287729199e+04
2.559547670553742882e-01 1.378890690990849544e+04
2.811768418164965477e-01 1.242753822977759773e+04
3.088843286001189403e-01 1.125926041729305689e+04
3.393221427425128778e-01 1.018602825125861636e+04
3.727593338166072523e-01 9.291361837635698976e+03
4.094914638472018087e-01 8.503668215231211434e+03
4.498432198782237879e-01 7.816844876469913288e+03
4.941712839853393824e-01 7.227130717250185626e+03
5.428674861028858212e-01 6.678591719844529507e+03
5.963622675339625978e-01 6.155593797402026212e+03
6.551284857587630350e-01 5.699758546093675250e+03
7.196855941730535555e-01 5.248160673513699294e+03
7.906042337028588163e-01 4.828461278511296769e+03
8.685112768820903995e-01 4.463840142639568512e+03
9.540953689793428838e-01 4.107934265530187076e+03
1.048113015153642191e+00 0.000000000000000000e+00
