1.048113066601954503e-02 9.650525449218612630e+04
1.151395323963562076e-02 0.000000000000000000e+00
1.264855132798976302e-02 7.113146318333403906e+04
1.389495400641860279e-02 6.892735469463106710e+04
1.526417862678452857e-02 5.365729169748962158e+04
1.676832820337198493e-02 0.000000000000000000e+00
1.842069839530119726e-02 7.488335106312039716e+04
2.023589503111089191e-02 5.438149581568303256e+04
2.222996321434766651e-02 5.794266065732922289e+04
2.442052915136719640e-02 5.925664160895494570e+04
2.682695595500901239e-02 5.828900577916094335e+04
2.947051480134291537e-02 4.899702907709418650e+04
3.237457295239669353e-02 6.283226144079579535e+04
3.556480030685772731e-02 5.989177341888660885e+04
3.906939630451649464e-02 4.761812658875801571e+04
4.291933919013282694e-02 4.463887560023864353e+04
4.714865984004791566e-02 4.518767484224541113e+04
5.179474257198286163e-02 4.379494168101479590e+04
5.689865559697841746e-02 4.012816768057943409e+04
6.250551403444545850e-02 3.611729084736383811e+04
6.866487869913283359e-02 3.414559114896366373e+04
7.543119418501802176e-02 3.066272118169874011e+04
8.286427011848424007e-02 2.853800262287975420e+04
9.102980983473445142e-02 2.736811476413357377e+04
9.999999115058272325e-02 2.330551817774417941e+04
1.098541043672585787e-01 2.115698499174004246e+04
1.206792531427361148e-01 1.923013857759395250e+04
1.325711244288214907e-01 1.743152061535018584e+04
1.456348342787200378e-01 1.612991537776834957e+04
1.599858570014452974e-01 1.419953718280043722e+04
1.757510458761641914e-01 1.302485529197905998e+04
1.930697544488981787e-01 1.169602736126618765e+04
2.120950683230800604e-01 1.079426306562899117e+04
2.329951583321586417e-01 9.689960145860775810e+03
2.559547670553742882e-01 9.004871119634733986e+03
2.811768418164965477e-01 8.188765279762290447e+03
3.088843286001189403e-01 7.567510580535889858e+03
3.393221427425128778e-01 7.007994579115107626e+03
3.727593338166072523e-01 6.508740751510313203e+03
4.094914638472018087e-01 6.059347849336857507e+03
4.498432198782237879e-01 5.681325511974332585e+03
4.941712839853393824e-01 5.355099403963775330e+03
5.428674861028858212e-01 5.040998716079030601e+03
5.963622675339625978e-01 4.744000177599213202e+03
6.551284857587630350e-01 4.484440746778760513e+03
7.196855941730535555e-01 4.231434986938615111e+03
7.906042337028588163e-01 4.006022338666507494e+03
8.685112768820903995e-01 3.775369204042430283e+03
9.540953689793428838e-01 3.561595729309072340e+03
1.048113015153642191e+00 0.000000000000000000e+00
