1.048113066601954503e-02 5.069134713740322040e+05
1.151395323963562076e-02 0.000000000000000000e+00
1.264855132798976302e-02 6.552192619489959907e+05
1.389495400641860279e-02 1.315872768350806087e+06
1.526417862678452857e-02 5.111503034741596202e+05
1.676832820337198493e-02 0.000000000000000000e+00
1.842069839530119726e-02 5.230486837375642499e+05
2.023589503111089191e-02 6.072158450862343889e+05
2.222996321434766651e-02 3.687686390280636842e+05
2.442052915136719640e-02 4.839169605943343486e+05
2.682695595500901239e-02 2.159527907077930868e+05
2.947051480134291537e-02 1.898709279981754080e+05
3.237457295239669353e-02 1.585236256474039401e+05
3.556480030685772731e-02 1.207391998418329749e+05
3.906939630451649464e-02 1.157021846530550392e+05
4.291933919013282694e-02 1.089073243255220732e+05
4.714865984004791566e-02 1.103570142789510719e+05
5.179474257198286163e-02 1.219310498351281276e+05
5.689865559697841746e-02 1.069594439605524094e+05
6.250551403444545850e-02 7.987372846883448074e+04
6.866487869913283359e-02 6.118156253022160672e+04
7.543119418501802176e-02 4.129636887386524177e+04
8.286427011848424007e-02 3.447385580452562135e+04
9.102980983473445142e-02 3.502048986027694627e+04
9.999999115058272325e-02 3.515391115384012664e+04
1.098541043672585787e-01 2.936706690247150982e+04
1.206792531427361148e-01 2.178446026329919187e+04
1.325711244288214907e-01 1.868489125472278101e+04
1.456348342787200378e-01 1.726605383797644390e+04
1.599858570014452974e-01 1.463460570466825448e+04
1.757510458761641914e-01 1.238941567812676476e+04
1.930697544488981787e-01 1.107249253282269638e+04
2.120950683230800604e-01 9.673792808917492948e+03
2.329951583321586417e-01 8.272648806012572095e+03
2.559547670553742882e-01 7.382618006353012788e+03
2.811768418164965477e-01 6.465854241061550056e+03
3.088843286001189403e-01 5.723270413278041815e+03
3.393221427425128778e-01 5.106661984544894949e+03
3.727593338166072523e-01 4.519090519020186548e+03
4.094914638472018087e-01 4.018569008182887046e+03
4.498432198782237879e-01 3.629222191064085564e+03
4.941712839853393824e-01 3.297094861398404646e+03
5.428674861028858212e-01 2.985236603653087514e+03
5.963622675339625978e-01 2.719559490984403965e+03
6.551284857587630350e-01 2.487204802845587437e+03
7.196855941730535555e-01 2.285107262439721580e+03
7.906042337028588163e-01 2.091795070504570504e+03
8.685112768820903995e-01 1.927149645880023400e+03
9.540953689793428838e-01 1.767437425128812720e+03
1.048113015153642191e+00 0.000000000000000000e+00
