1.048113066601954503e-02 3.363809000995337847e+05
1.151395323963562076e-02 0.000000000000000000e+00
1.264855132798976302e-02 2.305107785456153797e+05
1.389495400641860279e-02 3.565669558021968114e+05
1.526417862678452857e-02 4.929319779293340398e+05
1.676832820337198493e-02 0.000000000000000000e+00
1.842069839530119726e-02 3.605796786808790639e+05
2.023589503111089191e-02 1.957336273375904420e+05
2.222996321434766651e-02 2.703153965075818123e+05
2.442052915136719640e-02 2.009609457255731977e+05
2.682695595500901239e-02 1.658613765561424952e+05
2.947051480134291537e-02 1.706151101191874768e+05
3.237457295239669353e-02 1.188347498123614350e+05
3.556480030685772731e-02 1.409322530018084217e+05
3.906939630451649464e-02 1.018667807228478196e+05
4.291933919013282694e-02 9.307411887877597474e+04
4.714865984004791566e-02 8.096082615963724675e+04
5.179474257198286163e-02 7.796837859522119106e+04
5.689865559697841746e-02 8.577547130906672101e+04
6.250551403444545850e-02 7.677710858421179000e+04
6.866487869913283359e-02 6.342203466904110974e+04
7.543119418501802176e-02 4.744907837107706291e+04
8.286427011848424007e-02 3.687479755481948087e+04
9.102980983473445142e-02 3.148917111068507074e+04
9.999999115058272325e-02 2.940767146395328746e+04
1.098541043672585787e-01 2.892187880949336977e+04
1.206792531427361148e-01 2.496899140257919862e+04
1.325711244288214907e-01 1.957500095102099294e+04
1.456348342787200378e-01 1.661678914734637146e+04
1.599858570014452974e-01 1.522874953382496642e+04
1.757510458761641914e-01 1.315782638771387064e+04
1.930697544488981787e-01 1.137947346251389172e+04
2.120950683230800604e-01 1.001921950683542673e+04
2.329951583321586417e-01 8.901017071565358492e+03
2.559547670553742882e-01 7.828272924360858269e+03
2.811768418164965477e-01 6.913984566541404092e+03
3.088843286001189403e-01 6.132368025540006784e+03
3.393221427425128778e-01 5.550591770017088493e+03
3.727593338166072523e-01 4.946857710056804535e+03
4.094914638472018087e-01 4.467121944354891639e+03
4.498432198782237879e-01 4.050710091797152927e+03
4.941712839853393824e-01 3.680008081168124590e+03
5.428674861028858212e-01 3.362419398150655070e+03
5.963622675339625978e-01 3.096234246457747759e+03
6.551284857587630350e-01 2.843010377113174400e+03
7.196855941730535555e-01 2.620947261193348822e+03
7.906042337028588163e-01 2.431676809817219691e+03
8.685112768820903995e-01 2.255278667613151811e+03
9.540953689793428838e-01 2.100918338531691916e+03
1.048113015153642191e+00 0.000000000000000000e+00
