1.048113066601954503e-02 2.768566466083070554e+04
1.151395323963562076e-02 0.000000000000000000e+00
1.264855132798976302e-02 2.696244136040858939e+04
1.389495400641860279e-02 1.339567372162070205e+04
1.526417862678452857e-02 2.235839173175420001e+04
1.676832820337198493e-02 0.000000000000000000e+00
1.842069839530119726e-02 3.429316316653320246e+04
2.023589503111089191e-02 2.128156333292680574e+04
2.222996321434766651e-02 3.412503030364611186e+04
2.442052915136719640e-02 3.042645623289637297e+04
2.682695595500901239e-02 2.528670744932901289e+04
2.947051480134291537e-02 2.341202154885723940e+04
3.237457295239669353e-02 2.259962211389273580e+04
3.556480030685772731e-02 1.829532485891715623e+04
3.906939630451649464e-02 1.960259728879873364e+04
4.291933919013282694e-02 1.932323209224941820e+04
4.714865984004791566e-02 1.503353118019391150e+04
5.179474257198286163e-02 1.697072285866050879e+04
5.689865559697841746e-02 1.450546649275856544e+04
6.250551403444545850e-02 1.470056695396592113e+04
6.866487869913283359e-02 1.372534897455312603e+04
7.543119418501802176e-02 1.280257459131118958e+04
8.286427011848424007e-02 1.143819603635156091e+04
9.102980983473445142e-02 1.051300964484673568e+04
9.999999115058272325e-02 9.241183191401036311e+03
1.098541043672585787e-01 8.419410139873991284e+03
1.206792531427361148e-01 7.250194194658878587e+03
1.325711244288214907e-01 6.788181119581670828e+03
1.456348342787200378e-01 6.092882789552115355e+03
1.599858570014452974e-01 5.449309762841190604e+03
1.757510458761641914e-01 4.726506502746333354e+03
1.930697544488981787e-01 4.258963375946685119e+03
2.120950683230800604e-01 3.818363149678589707e+03
2.329951583321586417e-01 3.414827349636379040e+03
2.559547670553742882e-01 3.057142334094927264e+03
2.811768418164965477e-01 2.719485749746475449e+03
3.088843286001189403e-01 2.454184523717638513e+03
3.393221427425128778e-01 2.239123153350477878e+03
3.727593338166072523e-01 2.021353411830172718e+03
4.094914638472018087e-01 1.831970098784754100e+03
4.498432198782237879e-01 1.681173443287263581e+03
4.941712839853393824e-01 1.537979614162534517e+03
5.428674861028858212e-01 1.413876178423504371e+03
5.963622675339625978e-01 1.309643093680171887e+03
6.551284857587630350e-01 1.208268990822709384e+03
7.196855941730535555e-01 1.125607639403950770e+03
7.906042337028588163e-01 1.047088099735428841e+03
8.685112768820903995e-01 9.786106148437183947e+02
9.540953689793428838e-01 9.146821461820968580e+02
1.048113015153642191e+00 0.000000000000000000e+00
