1.048113066601954503e-02 2.111265932757935298e+04
1.151395323963562076e-02 0.000000000000000000e+00
1.264855132798976302e-02 2.188884674626581182e+04
1.389495400641860279e-02 6.843691185862083512e+04
1.526417862678452857e-02 4.980724272433625447e+04
1.676832820337198493e-02 0.000000000000000000e+00
1.842069839530119726e-02 4.584863593318942731e+04
2.023589503111089191e-02 4.313878600093749264e+04
2.222996321434766651e-02 4.652683129196667869e+04
2.442052915136719640e-02 4.126918969633118104e+04
2.682695595500901239e-02 3.941344765985075355e+04
2.947051480134291537e-02 4.237862062189342396e+04
3.237457295239669353e-02 4.194571973869718204e+04
3.556480030685772731e-02 4.076993145343242213e+04
3.906939630451649464e-02 3.567609064583997679e+04
4.291933919013282694e-02 3.217595456320180892e+04
4.714865984004791566e-02 2.948234871559462044e+04
5.179474257198286163e-02 2.867768118486960157e+04
5.689865559697841746e-02 2.807289542971579067e+04
6.250551403444545850e-02 2.867263615187697724e+04
6.866487869913283359e-02 2.556417354771453392e+04
7.543119418501802176e-02 2.296104345432788978e+04
8.286427011848424007e-02 2.174164564716639143e+04
9.102980983473445142e-02 1.815869101449450318e+04
9.999999115058272325e-02 1.621267921031428705e+04
1.098541043672585787e-01 1.413145934623367066e+04
1.206792531427361148e-01 1.304049966450552165e+04
1.325711244288214907e-01 1.214056553604788132e+04
1.456348342787200378e-01 1.086519048486565589e+04
1.599858570014452974e-01 9.277390721180492619e+03
1.757510458761641914e-01 8.452581019818089771e+03
1.930697544488981787e-01 7.566837526290137248e+03
2.120950683230800604e-01 6.781439065195788316e+03
2.329951583321586417e-01 6.003786218515031578e+03
2.559547670553742882e-01 5.407588459832417357e+03
2.811768418164965477e-01 4.879655346762147019e+03
3.088843286001189403e-01 4.393001878806504465e+03
3.393221427425128778e-01 4.003171428245944298e+03
3.727593338166072523e-01 3.641119982692040139e+03
4.094914638472018087e-01 3.308969674094640595e+03
4.498432198782237879e-01 3.052129077276656972e+03
4.941712839853393824e-01 2.816144818475530883e+03
5.428674861028858212e-01 2.593598216769458304e+03
5.963622675339625978e-01 2.406822400566747547e+03
6.551284857587630350e-01 2.249869548907723129e+03
7.196855941730535555e-01 2.097961418484769183e+03
7.906042337028588163e-01 1.966245766037190151e+03
8.685112768820903995e-01 1.849825675499046156e+03
9.540953689793428838e-01 1.748188578073029021e+03
1.048113015153642191e+00 0.000000000000000000e+00
