1.048113066601954503e-02 2.513515802457856626e+04
1.151395323963562076e-02 0.000000000000000000e+00
1.264855132798976302e-02 2.920063471813827346e+04
1.389495400641860279e-02 4.313977804759544961e+04
1.526417862678452857e-02 2.472828691728301783e+04
1.676832820337198493e-02 0.000000000000000000e+00
1.842069839530119726e-02 3.675049908057549328e+04
2.023589503111089191e-02 3.919621392520760128e+04
2.222996321434766651e-02 3.815386984573541849e+04
2.442052915136719640e-02 4.050463816175751708e+04
2.682695595500901239e-02 3.168715017225587144e+04
2.947051480134291537e-02 3.374986147952366446e+04
3.237457295239669353e-02 4.731759528074467380e+04
3.556480030685772731e-02 3.120469317772668001e+04
3.906939630451649464e-02 3.643735218549100682e+04
4.291933919013282694e-02 3.383670239984835644e+04
4.714865984004791566e-02 2.988019632327096770e+04
5.179474257198286163e-02 2.865413622519357887e+04
5.689865559697841746e-02 3.029687560695144930e+04
6.250551403444545850e-02 2.434089566012593423e+04
6.866487869913283359e-02 2.398425417570923310e+04
7.543119418501802176e-02 2.365274040871337638e+04
8.286427011848424007e-02 2.248267237880922767e+04
9.102980983473445142e-02 2.124441222331369136e+04
9.999999115058272325e-02 1.864238718837013948e+04
1.098541043672585787e-01 1.607736402524223013e+04
1.206792531427361148e-01 1.505235561664626584e+04
1.325711244288214907e-01 1.394579434521611984e+04
1.456348342787200378e-01 1.302271598535300654e+04
1.599858570014452974e-01 1.181680991517940492e+04
1.757510458761641914e-01 1.062244630623242119e+04
1.930697544488981787e-01 9.625221452968855374e+03
2.120950683230800604e-01 8.852887069342117684e+03
2.329951583321586417e-01 8.026277347972489224e+03
2.559547670553742882e-01 7.449775191162724695e+03
2.811768418164965477e-01 6.878494406363350208e+03
3.088843286001189403e-01 6.377729558741492838e+03
3.393221427425128778e-01 5.975572344816643636e+03
3.727593338166072523e-01 5.524419835975766546e+03
4.094914638472018087e-01 5.186889986852447691e+03
4.498432198782237879e-01 4.866570726786345404e+03
4.941712839853393824e-01 4.588753819010566986e+03
5.428674861028858212e-01 4.352854452707782912e+03
5.963622675339625978e-01 4.128814525055980994e+03
6.551284857587630350e-01 3.915607637904443436e+03
7.196855941730535555e-01 3.716176385756003583e+03
7.906042337028588163e-01 3.524614723016395146e+03
8.685112768820903995e-01 3.343000121898775433e+03
9.540953689793428838e-01 3.171876704501381937e+03
1.048113015153642191e+00 0.000000000000000000e+00
