1.048113066601954503e-02 3.862514434613952471e+04
1.151395323963562076e-02 0.000000000000000000e+00
1.264855132798976302e-02 4.778490911903682718e+04
1.389495400641860279e-02 4.525799133075983991e+04
1.526417862678452857e-02 4.181685183194531419e+04
1.676832820337198493e-02 0.000000000000000000e+00
1.842069839530119726e-02 5.912191547445705510e+04
2.023589503111089191e-02 7.485960058290936286e+04
2.222996321434766651e-02 4.841732405706799909e+04
2.442052915136719640e-02 3.761513051666754473e+04
2.682695595500901239e-02 4.041323296041561116e+04
2.947051480134291537e-02 3.474277572126695304e+04
3.237457295239669353e-02 3.994561198116242304e+04
3.556480030685772731e-02 3.706535772457970597e+04
3.906939630451649464e-02 3.168867284890035080e+04
4.291933919013282694e-02 3.234550877842961563e+04
4.714865984004791566e-02 2.670669572629594768e+04
5.179474257198286163e-02 2.667947058089614075e+04
5.689865559697841746e-02 2.391303785783014609e+04
6.250551403444545850e-02 2.390140493676849292e+04
6.866487869913283359e-02 1.977216855085748830e+04
7.543119418501802176e-02 1.840216431864473634e+04
8.286427011848424007e-02 1.603248273218166287e+04
9.102980983473445142e-02 1.365524631389849128e+04
9.999999115058272325e-02 1.201797399352166030e+04
1.098541043672585787e-01 1.021621786640438040e+04
1.206792531427361148e-01 9.229183108470160732e+03
1.325711244288214907e-01 8.567193077284453466e+03
1.456348342787200378e-01 7.348814158007882725e+03
1.599858570014452974e-01 6.321092703302282644e+03
1.757510458761641914e-01 5.598420089209336766e+03
1.930697544488981787e-01 4.944267693864462672e+03
2.120950683230800604e-01 4.336985366129748400e+03
2.329951583321586417e-01 3.849039519961586393e+03
2.559547670553742882e-01 3.426384881260281873e+03
2.811768418164965477e-01 3.045101881197790135e+03
3.088843286001189403e-01 2.728272667511524560e+03
3.393221427425128778e-01 2.449586342886502280e+03
3.727593338166072523e-01 2.192450533261800047e+03
4.094914638472018087e-01 1.978959129555548543e+03
4.498432198782237879e-01 1.803333373347686802e+03
4.941712839853393824e-01 1.637091840640349346e+03
5.428674861028858212e-01 1.503747624415546625e+03
5.963622675339625978e-01 1.374271395574100552e+03
6.551284857587630350e-01 1.268243322003591857e+03
7.196855941730535555e-01 1.164738042907311637e+03
7.906042337028588163e-01 1.082887378431893239e+03
8.685112768820903995e-01 1.000905509404913687e+03
9.540953689793428838e-01 9.303324305966793872e+02
1.048113015153642191e+00 0.000000000000000000e+00
