1.048113066601954503e-02 1.353396108796637272e+05
1.151395323963562076e-02 0.000000000000000000e+00
1.264855132798976302e-02 9.981551966741221258e+04
1.389495400641860279e-02 9.673821266308351187e+04
1.526417862678452857e-02 7.533479150867529097e+04
1.676832820337198493e-02 0.000000000000000000e+00
1.842069839530119726e-02 1.050958892461504438e+05
2.023589503111089191e-02 7.646115268097416265e+04
2.222996321434766651e-02 8.137821627158561023e+04
2.442052915136719640e-02 8.325655014444503468e+04
2.682695595500901239e-02 8.190289886923601443e+04
2.947051480134291537e-02 6.883477772353545879e+04
3.237457295239669353e-02 8.826551360639695486e+04
3.556480030685772731e-02 8.422040269971967791e+04
3.906939630451649464e-02 6.695365961538156262e+04
4.291933919013282694e-02 6.285870532047310553e+04
4.714865984004791566e-02 6.360358702243101288e+04
5.179474257198286163e-02 6.167576478880063223e+04
5.689865559697841746e-02 5.658209939546960231e+04
6.250551403444545850e-02 5.094885499093126418e+04
6.866487869913283359e-02 4.822036774512512056e+04
7.543119418501802176e-02 4.335634960127963859e+04
8.286427011848424007e-02 4.038763205981208012e+04
9.102980983473445142e-02 3.880649110376724275e+04
9.999999115058272325e-02 3.309875052630651771e+04
1.098541043672585787e-01 3.010915583531901575e+04
1.206792531427361148e-01 2.742916565407589951e+04
1.325711244288214907e-01 2.492349633671334595e+04
1.456348342787200378e-01 2.311281517977371914e+04
1.599858570014452974e-01 2.040849485271978119e+04
1.757510458761641914e-01 1.877243446255469098e+04
1.930697544488981787e-01 1.691360357197501435e+04
2.120950683230800604e-01 1.566385399208016315e+04
2.329951583321586417e-01 1.411130633882382426e+04
2.559547670553742882e-01 1.315600866331818179e+04
2.811768418164965477e-01 1.201368778779290187e+04
3.088843286001189403e-01 1.114016258040505636e+04
3.393221427425128778e-01 1.035536854795620457e+04
3.727593338166072523e-01 9.655212381056509912e+03
4.094914638472018087e-01 9.021846990490692406e+03
4.498432198782237879e-01 8.490511316137957692e+03
4.941712839853393824e-01 8.033017396376988472e+03
5.428674861028858212e-01 7.590821494636158604e+03
5.963622675339625978e-01 7.170488549079288532e+03
6.551284857587630350e-01 6.803224949263651069e+03
7.196855941730535555e-01 6.443860091002610716e+03
7.906042337028588163e-01 6.123620517399402161e+03
8.685112768820903995e-01 5.793484749381807887e+03
9.540953689793428838e-01 5.487031926077157550e+03
1.048113015153642191e+00 0.000000000000000000e+00
