1.048113066601954503e-02 4.165078344832232688e+04
1.151395323963562076e-02 0.000000000000000000e+00
1.264855132798976302e-02 4.267474770965342032e+04
1.389495400641860279e-02 4.646325356458101305e+04
1.526417862678452857e-02 7.177643637527745159e+04
1.676832820337198493e-02 0.000000000000000000e+00
1.842069839530119726e-02 8.261455376627406804e+04
2.023589503111089191e-02 8.391931202325638151e+04
2.222996321434766651e-02 7.651728923467890127e+04
2.442052915136719640e-02 5.457843811143659696e+04
2.682695595500901239e-02 7.918810928943150793e+04
2.947051480134291537e-02 5.741086306229247566e+04
3.237457295239669353e-02 5.961009643270454399e+04
3.556480030685772731e-02 4.931294432366932597e+04
3.906939630451649464e-02 3.872396993150693015e+04
4.291933919013282694e-02 4.279958255542509141e+04
4.714865984004791566e-02 4.047289894836728490e+04
5.179474257198286163e-02 4.039890194105943374e+04
5.689865559697841746e-02 3.791806486649946601e+04
6.250551403444545850e-02 3.456797832430725248e+04
6.866487869913283359e-02 2.988612782061452890e+04
7.543119418501802176e-02 2.787728737388903028e+04
8.286427011848424007e-02 2.642632340434532671e+04
9.102980983473445142e-02 2.378305087355210344e+04
9.999999115058272325e-02 2.068006012159788224e+04
1.098541043672585787e-01 1.766109285172295495e+04
1.206792531427361148e-01 1.589477978731727490e+04
1.325711244288214907e-01 1.454685737368995069e+04
1.456348342787200378e-01 1.315723595601678244e+04
1.599858570014452974e-01 1.177020234837267708e+04
1.757510458761641914e-01 1.040099148629147021e+04
1.930697544488981787e-01 9.487520044298711582e+03
2.120950683230800604e-01 8.573123666528677859e+03
2.329951583321586417e-01 7.752010306870461136e+03
2.559547670553742882e-01 7.073782619695683024e+03
2.811768418164965477e-01 6.433253232645540265e+03
3.088843286001189403e-01 5.875104346066744256e+03
3.393221427425128778e-01 5.415511968849459663e+03
3.727593338166072523e-01 5.038774533028904443e+03
4.094914638472018087e-01 4.647080709904149444e+03
4.498432198782237879e-01 4.330287591677808450e+03
4.941712839853393824e-01 4.035750232726624745e+03
5.428674861028858212e-01 3.772413798846618647e+03
5.963622675339625978e-01 3.527062222590334386e+03
6.551284857587630350e-01 3.306268447972245667e+03
7.196855941730535555e-01 3.085867963781493017e+03
7.906042337028588163e-01 2.889411525861914015e+03
8.685112768820903995e-01 2.700039281296922127e+03
9.540953689793428838e-01 2.514949580290857739e+03
1.048113015153642191e+00 0.000000000000000000e+00
