1.048113066601954503e-02 7.153835604359998251e+04
1.151395323963562076e-02 0.000000000000000000e+00
1.264855132798976302e-02 2.274039363940816111e+04
1.389495400641860279e-02 4.162058431786192523e+04
1.526417862678452857e-02 4.325557614561242372e+04
1.676832820337198493e-02 0.000000000000000000e+00
1.842069839530119726e-02 2.715361231109888467e+04
2.023589503111089191e-02 3.751354408060151763e+04
2.222996321434766651e-02 3.678832440126554866e+04
2.442052915136719640e-02 5.348448712873048498e+04
2.682695595500901239e-02 3.873589098557846592e+04
2.947051480134291537e-02 4.714069056542617909e+04
3.237457295239669353e-02 4.723894337542876747e+04
3.556480030685772731e-02 4.670700360460788943e+04
3.906939630451649464e-02 4.167799954652000451e+04
4.291933919013282694e-02 3.655629395169295458e+04
4.714865984004791566e-02 3.753915526309717097e+04
5.179474257198286163e-02 3.339668235475049732e+04
5.689865559697841746e-02 3.274086996134656511e+04
6.250551403444545850e-02 3.076188261724554468e+04
6.866487869913283359e-02 3.144810912458940584e+04
7.543119418501802176e-02 2.705692235914589037e+04
8.286427011848424007e-02 2.818104397514304219e+04
9.102980983473445142e-02 2.539648820812820486e+04
9.999999115058272325e-02 2.280123133373666860e+04
1.098541043672585787e-01 1.865565337212766826e+04
1.206792531427361148e-01 1.759581016515738884e+04
1.325711244288214907e-01 1.625138944731743868e+04
1.456348342787200378e-01 1.529214488612931746e+04
1.599858570014452974e-01 1.355454838047243902e+04
1.757510458761641914e-01 1.209731462593159085e+04
1.930697544488981787e-01 1.094156198025409140e+04
2.120950683230800604e-01 1.005114521033189158e+04
2.329951583321586417e-01 9.078192170199890825e+03
2.559547670553742882e-01 8.232368823919561692e+03
2.811768418164965477e-01 7.490270424208124496e+03
3.088843286001189403e-01 6.845962277918959444e+03
3.393221427425128778e-01 6.266520127122550548e+03
3.727593338166072523e-01 5.728283001941275870e+03
4.094914638472018087e-01 5.310298293369260136e+03
4.498432198782237879e-01 4.935005048954209997e+03
4.941712839853393824e-01 4.584344507215018893e+03
5.428674861028858212e-01 4.278060463776570941e+03
5.963622675339625978e-01 4.037180730455701905e+03
6.551284857587630350e-01 3.790478139568124789e+03
7.196855941730535555e-01 3.577999319912188639e+03
7.906042337028588163e-01 3.377116475493274720e+03
8.685112768820903995e-01 3.218353637913072816e+03
9.540953689793428838e-01 3.054887990790155072e+03
1.048113015153642191e+00 0.000000000000000000e+00
