1.048113066601954503e-02 1.304473548810951470e+05
1.151395323963562076e-02 0.000000000000000000e+00
1.264855132798976302e-02 1.621158472395470017e+05
1.389495400641860279e-02 2.134150998422991252e+05
1.526417862678452857e-02 1.836989626434886595e+05
1.676832820337198493e-02 0.000000000000000000e+00
1.842069839530119726e-02 1.875451404481878271e+05
2.023589503111089191e-02 1.340819389976796811e+05
2.222996321434766651e-02 1.429777315654719714e+05
2.442052915136719640e-02 9.299324401326545922e+04
2.682695595500901239e-02 1.086477768183772714e+05
2.947051480134291537e-02 1.176305359647552832e+05
3.237457295239669353e-02 8.153888732452467957e+04
3.556480030685772731e-02 5.585531671154568903e+04
3.906939630451649464e-02 5.845511283275577443e+04
4.291933919013282694e-02 5.524582858388395107e+04
4.714865984004791566e-02 4.666715597802963021e+04
5.179474257198286163e-02 4.040546111804578686e+04
5.689865559697841746e-02 4.205015005665198987e+04
6.250551403444545850e-02 3.809049490749225515e+04
6.866487869913283359e-02 3.541387024908274179e+04
7.543119418501802176e-02 2.771193040266927710e+04
8.286427011848424007e-02 2.224767962830436591e+04
9.102980983473445142e-02 1.840599103416968865e+04
9.999999115058272325e-02 1.631924292963232983e+04
1.098541043672585787e-01 1.419627940580805807e+04
1.206792531427361148e-01 1.333807842910480213e+04
1.325711244288214907e-01 1.179276026831737545e+04
1.456348342787200378e-01 9.820327585807403011e+03
1.599858570014452974e-01 8.486237937709520338e+03
1.757510458761641914e-01 7.633461133703750420e+03
1.930697544488981787e-01 6.792288140774955536e+03
2.120950683230800604e-01 5.936044955347491850e+03
2.329951583321586417e-01 5.291872084034618638e+03
2.559547670553742882e-01 4.762339331936816052e+03
2.811768418164965477e-01 4.212020145284760474e+03
3.088843286001189403e-01 3.772441296118511673e+03
3.393221427425128778e-01 3.429233160506932563e+03
3.727593338166072523e-01 3.120532280079617976e+03
4.094914638472018087e-01 2.840004319470027440e+03
4.498432198782237879e-01 2.595266480723960740e+03
4.941712839853393824e-01 2.371774165634982637e+03
5.428674861028858212e-01 2.182548407392630452e+03
5.963622675339625978e-01 2.017524781611768731e+03
6.551284857587630350e-01 1.864890584587508556e+03
7.196855941730535555e-01 1.730273984445460428e+03
7.906042337028588163e-01 1.600528621122556615e+03
8.685112768820903995e-01 1.482066205740609803e+03
9.540953689793428838e-01 1.370746568130902233e+03
1.048113015153642191e+00 0.000000000000000000e+00
