1.048113066601954503e-02 4.805388112812516047e+05
1.151395323963562076e-02 0.000000000000000000e+00
1.264855132798976302e-02 4.212741919853776926e+05
1.389495400641860279e-02 2.974687183453480247e+05
1.526417862678452857e-02 2.054632715610236337e+05
1.676832820337198493e-02 0.000000000000000000e+00
1.842069839530119726e-02 3.408069229504190153e+05
2.023589503111089191e-02 1.897643114500130177e+05
2.222996321434766651e-02 2.191277693040476879e+05
2.442052915136719640e-02 1.670546871378565847e+05
2.682695595500901239e-02 1.777223920062418911e+05
2.947051480134291537e-02 1.471458473447675351e+05
3.237457295239669353e-02 1.293827543884544866e+05
3.556480030685772731e-02 1.035007761802173336e+05
3.906939630451649464e-02 1.083233289929396415e+05
4.291933919013282694e-02 8.186538560620360659e+04
4.714865984004791566e-02 8.936212589885608759e+04
5.179474257198286163e-02 8.290667640266919625e+04
5.689865559697841746e-02 7.584106230774200230e+04
6.250551403444545850e-02 7.086006962086679414e+04
6.866487869913283359e-02 5.784966423413588200e+04
7.543119418501802176e-02 4.681249017101924255e+04
8.286427011848424007e-02 4.159066849438700592e+04
9.102980983473445142e-02 3.601049132665844081e+04
9.999999115058272325e-02 3.575997653506386268e+04
1.098541043672585787e-01 3.128232586563167933e+04
1.206792531427361148e-01 2.687156596707313656e+04
1.325711244288214907e-01 2.343880607302603312e+04
1.456348342787200378e-01 2.099694881027016891e+04
1.599858570014452974e-01 1.935041225572945405e+04
1.757510458761641914e-01 1.715083839431901652e+04
1.930697544488981787e-01 1.538841810860067199e+04
2.120950683230800604e-01 1.397425949152224712e+04
2.329951583321586417e-01 1.256875687325213585e+04
2.559547670553742882e-01 1.152189115892618429e+04
2.811768418164965477e-01 1.054521742135076602e+04
3.088843286001189403e-01 9.687226827403053903e+03
3.393221427425128778e-01 8.965746765252302794e+03
3.727593338166072523e-01 8.247148405344227285e+03
4.094914638472018087e-01 7.729773920210840515e+03
4.498432198782237879e-01 7.227509749557215400e+03
4.941712839853393824e-01 6.751406681073585787e+03
5.428674861028858212e-01 6.323742896206323167e+03
5.963622675339625978e-01 5.944878349055330546e+03
6.551284857587630350e-01 5.576438706358146192e+03
7.196855941730535555e-01 5.235859877940567458e+03
7.906042337028588163e-01 4.903382607024519530e+03
8.685112768820903995e-01 4.582538590998526161e+03
9.540953689793428838e-01 4.289053949987925080e+03
1.048113015153642191e+00 0.000000000000000000e+00
