1.048113066601954503e-02 1.587350335862879292e+05
1.151395323963562076e-02 0.000000000000000000e+00
1.264855132798976302e-02 5.552736626616882131e+04
1.389495400641860279e-02 4.043556100551460258e+04
1.526417862678452857e-02 7.990455094393460604e+04
1.676832820337198493e-02 0.000000000000000000e+00
1.842069839530119726e-02 6.132855277053953614e+04
2.023589503111089191e-02 6.899713396964743151e+04
2.222996321434766651e-02 1.041707217857446522e+05
2.442052915136719640e-02 8.336610976787033724e+04
2.682695595500901239e-02 7.014649530133741791e+04
2.947051480134291537e-02 7.158722845087792666e+04
3.237457295239669353e-02 5.211736844595793809e+04
3.556480030685772731e-02 3.927317149185888411e+04
3.906939630451649464e-02 4.617501232912135310e+04
4.291933919013282694e-02 3.865637837422409211e+04
4.714865984004791566e-02 3.865731980979585205e+04
5.179474257198286163e-02 3.478154998629772308e+04
5.689865559697841746e-02 3.132624586924622781e+04
6.250551403444545850e-02 2.807515909828813164e+04
6.866487869913283359e-02 2.592877644284294729e+04
7.543119418501802176e-02 2.490715457863163829e+04
8.286427011848424007e-02 2.299108707393770237e+04
9.102980983473445142e-02 2.024729557416554235e+04
9.999999115058272325e-02 1.724743047598614794e+04
1.098541043672585787e-01 1.352346399872558140e+04
1.206792531427361148e-01 1.289392055624256136e+04
1.325711244288214907e-01 1.167542261623703416e+04
1.456348342787200378e-01 1.076060949570948833e+04
1.599858570014452974e-01 9.384654671325404706e+03
1.757510458761641914e-01 8.272559940364439171e+03
1.930697544488981787e-01 7.313110359351690931e+03
2.120950683230800604e-01 6.604040589689626358e+03
2.329951583321586417e-01 5.876976711193106894e+03
2.559547670553742882e-01 5.353505845275990396e+03
2.811768418164965477e-01 4.860326347595143488e+03
3.088843286001189403e-01 4.401477613910569744e+03
3.393221427425128778e-01 4.027292166905643171e+03
3.727593338166072523e-01 3.660658680551790894e+03
4.094914638472018087e-01 3.390962940906090807e+03
4.498432198782237879e-01 3.121341573434692236e+03
4.941712839853393824e-01 2.894332949667836147e+03
5.428674861028858212e-01 2.681890373791296497e+03
5.963622675339625978e-01 2.504592692418067600e+03
6.551284857587630350e-01 2.341728583908033215e+03
7.196855941730535555e-01 2.187999949958125399e+03
7.906042337028588163e-01 2.044314672980896830e+03
8.685112768820903995e-01 1.911781896330919835e+03
9.540953689793428838e-01 1.786686398489572639e+03
1.048113015153642191e+00 0.000000000000000000e+00
