1.048113066601954503e-02 2.896211703034312231e+05
1.151395323963562076e-02 0.000000000000000000e+00
1.264855132798976302e-02 9.221576686997748911e+05
1.389495400641860279e-02 5.250828763569347793e+05
1.526417862678452857e-02 4.149665140801384696e+05
1.676832820337198493e-02 0.000000000000000000e+00
1.842069839530119726e-02 4.298384458360933932e+05
2.023589503111089191e-02 4.378201656643687165e+05
2.222996321434766651e-02 3.108740508079170831e+05
2.442052915136719640e-02 2.744175767797738663e+05
2.682695595500901239e-02 1.995799366468268272e+05
2.947051480134291537e-02 1.874737539311205037e+05
3.237457295239669353e-02 1.350052354016371246e+05
3.556480030685772731e-02 1.396630804058959184e+05
3.906939630451649464e-02 1.050539666356532252e+05
4.291933919013282694e-02 8.314086696252833644e+04
4.714865984004791566e-02 7.148596575135958847e+04
5.179474257198286163e-02 6.815252577495791775e+04
5.689865559697841746e-02 6.850317671527931816e+04
6.250551403444545850e-02 6.005618282078217453e+04
6.866487869913283359e-02 5.544492888121287251e+04
7.543119418501802176e-02 4.421126904997861857e+04
8.286427011848424007e-02 3.424117135927901836e+04
9.102980983473445142e-02 2.793718087771633873e+04
9.999999115058272325e-02 2.425586949259555695e+04
1.098541043672585787e-01 2.180662021687616289e+04
1.206792531427361148e-01 2.058425523537822664e+04
1.325711244288214907e-01 1.730579302746531175e+04
1.456348342787200378e-01 1.473847033102653222e+04
1.599858570014452974e-01 1.251951612244688658e+04
1.757510458761641914e-01 1.098468808742890542e+04
1.930697544488981787e-01 9.771646886391488806e+03
2.120950683230800604e-01 8.566373842877130301e+03
2.329951583321586417e-01 7.521610457172814677e+03
2.559547670553742882e-01 6.657505905843353503e+03
2.811768418164965477e-01 5.939931542895023085e+03
3.088843286001189403e-01 5.318786127496195149e+03
3.393221427425128778e-01 4.740023042218762384e+03
3.727593338166072523e-01 4.263533853270406325e+03
4.094914638472018087e-01 3.856870687554383039e+03
4.498432198782237879e-01 3.507920614624415066e+03
4.941712839853393824e-01 3.203639236234198506e+03
5.428674861028858212e-01 2.926417273276434571e+03
5.963622675339625978e-01 2.689935969535496952e+03
6.551284857587630350e-01 2.468994025532198066e+03
7.196855941730535555e-01 2.272804228468580277e+03
7.906042337028588163e-01 2.094610148785540787e+03
8.685112768820903995e-01 1.944156369938761145e+03
9.540953689793428838e-01 1.801425443447945327e+03
1.048113015153642191e+00 0.000000000000000000e+00
