1.048113066601954503e-02 6.016784271268657176e+04
1.151395323963562076e-02 0.000000000000000000e+00
1.264855132798976302e-02 7.061771874739127816e+04
1.389495400641860279e-02 1.587543418552433141e+05
1.526417862678452857e-02 1.107052111458857253e+05
1.676832820337198493e-02 0.000000000000000000e+00
1.842069839530119726e-02 1.077887142395391857e+05
2.023589503111089191e-02 1.408341470662532665e+05
2.222996321434766651e-02 1.412003408562214463e+05
2.442052915136719640e-02 1.473372213486534311e+05
2.682695595500901239e-02 8.529444158137685736e+04
2.947051480134291537e-02 8.822514833335870935e+04
3.237457295239669353e-02 8.467714654528547544e+04
3.556480030685772731e-02 5.966906815336996806e+04
3.906939630451649464e-02 5.611367181010746572e+04
4.291933919013282694e-02 4.861993144423861668e+04
4.714865984004791566e-02 4.931397639645252639e+04
5.179474257198286163e-02 4.884212883985711960e+04
5.689865559697841746e-02 4.127960031496816373e+04
6.250551403444545850e-02 4.080952239736411866e+04
6.866487869913283359e-02 3.784925521760105039e+04
7.543119418501802176e-02 3.304621669817053771e+04
8.286427011848424007e-02 2.716764512977306731e+04
9.102980983473445142e-02 2.404438256456837189e+04
9.999999115058272325e-02 2.069951755368737213e+04
1.098541043672585787e-01 1.874380734262925398e+04
1.206792531427361148e-01 1.793202971631392938e+04
1.325711244288214907e-01 1.541286169849744147e+04
1.456348342787200378e-01 1.374670053462158648e+04
1.599858570014452974e-01 1.225166036217264264e+04
1.757510458761641914e-01 1.091983572235336032e+04
1.930697544488981787e-01 9.951763012341873036e+03
2.120950683230800604e-01 8.933579792684526183e+03
2.329951583321586417e-01 8.105941443835380596e+03
2.559547670553742882e-01 7.408219605457442412e+03
2.811768418164965477e-01 6.785687277837596412e+03
3.088843286001189403e-01 6.200410946233987488e+03
3.393221427425128778e-01 5.749166700386360390e+03
3.727593338166072523e-01 5.278372569109126744e+03
4.094914638472018087e-01 4.893245516575203510e+03
4.498432198782237879e-01 4.562678594840846017e+03
4.941712839853393824e-01 4.266062162464363610e+03
5.428674861028858212e-01 4.002651376299100320e+03
5.963622675339625978e-01 3.740276654668130050e+03
6.551284857587630350e-01 3.512590946329357394e+03
7.196855941730535555e-01 3.283696924411810414e+03
7.906042337028588163e-01 3.065042033051194721e+03
8.685112768820903995e-01 2.861125417603865571e+03
9.540953689793428838e-01 2.664722295357567873e+03
1.048113015153642191e+00 0.000000000000000000e+00
