1.048113066601954503e-02 2.021797360589430173e+04
1.151395323963562076e-02 0.000000000000000000e+00
1.264855132798976302e-02 8.981297564409305778e+03
1.389495400641860279e-02 3.162262663314320162e+04
1.526417862678452857e-02 2.244401757195407117e+04
1.676832820337198493e-02 0.000000000000000000e+00
1.842069839530119726e-02 3.536341670091907145e+04
2.023589503111089191e-02 3.694258329121459974e+04
2.222996321434766651e-02 1.916346010562446099e+04
2.442052915136719640e-02 3.179426902691223222e+04
2.682695595500901239e-02 2.993130363637156916e+04
2.947051480134291537e-02 2.304566578059985113e+04
3.237457295239669353e-02 2.590848761111933345e+04
3.556480030685772731e-02 2.123676664960992639e+04
3.906939630451649464e-02 1.787559548707832801e+04
4.291933919013282694e-02 1.850186951747655257e+04
4.714865984004791566e-02 1.782894510467114014e+04
5.179474257198286163e-02 1.833861561761433040e+04
5.689865559697841746e-02 1.944250994010631621e+04
6.250551403444545850e-02 1.823475126875365459e+04
6.866487869913283359e-02 1.575818115181670692e+04
7.543119418501802176e-02 1.476100085986201884e+04
8.286427011848424007e-02 1.364018306396014850e+04
9.102980983473445142e-02 1.180960779848565835e+04
9.999999115058272325e-02 1.071746388932234004e+04
1.098541043672585787e-01 9.681610194903525553e+03
1.206792531427361148e-01 8.532479885405513414e+03
1.325711244288214907e-01 7.896950222584438052e+03
1.456348342787200378e-01 7.283850069536867522e+03
1.599858570014452974e-01 6.409327988195539547e+03
1.757510458761641914e-01 5.639253286472569016e+03
1.930697544488981787e-01 5.204709407480502705e+03
2.120950683230800604e-01 4.656994168235330108e+03
2.329951583321586417e-01 4.168628521854586324e+03
2.559547670553742882e-01 3.751411203766380822e+03
2.811768418164965477e-01 3.412396159816345062e+03
3.088843286001189403e-01 3.074410889034173124e+03
3.393221427425128778e-01 2.816689866787842675e+03
3.727593338166072523e-01 2.556344344169714986e+03
4.094914638472018087e-01 2.340354970017584947e+03
4.498432198782237879e-01 2.165917184072664440e+03
4.941712839853393824e-01 2.006578129208794962e+03
5.428674861028858212e-01 1.854938900618980369e+03
5.963622675339625978e-01 1.722322726410056475e+03
6.551284857587630350e-01 1.609404095798682647e+03
7.196855941730535555e-01 1.508915603927350276e+03
7.906042337028588163e-01 1.413761508710750149e+03
8.685112768820903995e-01 1.327629025921245784e+03
9.540953689793428838e-01 1.250138362442957487e+03
1.048113015153642191e+00 0.000000000000000000e+00
