1.048113066601954503e-02 3.101373599214742717e+04
1.151395323963562076e-02 0.000000000000000000e+00
1.264855132798976302e-02 3.831858002026508620e+04
1.389495400641860279e-02 3.335587123556005827e+04
1.526417862678452857e-02 3.605981367856933502e+04
1.676832820337198493e-02 0.000000000000000000e+00
1.842069839530119726e-02 5.477558310903839447e+04
2.023589503111089191e-02 3.110409894896938204e+04
2.222996321434766651e-02 2.997945200757673592e+04
2.442052915136719640e-02 3.884104275999921811e+04
2.682695595500901239e-02 3.772795707036412205e+04
2.947051480134291537e-02 2.606159354165812692e+04
3.237457295239669353e-02 3.109087555585915834e+04
3.556480030685772731e-02 3.177263191800467030e+04
3.906939630451649464e-02 2.600872167289524077e+04
4.291933919013282694e-02 2.691890332475053583e+04
4.714865984004791566e-02 2.260690831944215824e+04
5.179474257198286163e-02 2.059001453676486562e+04
5.689865559697841746e-02 1.924922311291589722e+04
6.250551403444545850e-02 1.852810695406845480e+04
6.866487869913283359e-02 1.831054678707338462e+04
7.543119418501802176e-02 1.701006663107854547e+04
8.286427011848424007e-02 1.479517972232538159e+04
9.102980983473445142e-02 1.385791527067060088e+04
9.999999115058272325e-02 1.096633554662576171e+04
1.098541043672585787e-01 1.018047443471073530e+04
1.206792531427361148e-01 9.288659345218067756e+03
1.325711244288214907e-01 8.434639870619792418e+03
1.456348342787200378e-01 7.482058812079489144e+03
1.599858570014452974e-01 6.490517854404886748e+03
1.757510458761641914e-01 5.609509948028747203e+03
1.930697544488981787e-01 5.126127106564188580e+03
2.120950683230800604e-01 4.552264909075385731e+03
2.329951583321586417e-01 4.017425858081659953e+03
2.559547670553742882e-01 3.614246952504200635e+03
2.811768418164965477e-01 3.258653287673453633e+03
3.088843286001189403e-01 2.903697827801499443e+03
3.393221427425128778e-01 2.634095350529485586e+03
3.727593338166072523e-01 2.360387513060420588e+03
4.094914638472018087e-01 2.152640592929403283e+03
4.498432198782237879e-01 1.971796671355565195e+03
4.941712839853393824e-01 1.803838999288807827e+03
5.428674861028858212e-01 1.657152941379900767e+03
5.963622675339625978e-01 1.528904914565106083e+03
6.551284857587630350e-01 1.411982412775276771e+03
7.196855941730535555e-01 1.314069937242306878e+03
7.906042337028588163e-01 1.223071791167296396e+03
8.685112768820903995e-01 1.140871905273380435e+03
9.540953689793428838e-01 1.068019629036805327e+03
1.048113015153642191e+00 0.000000000000000000e+00
