1.048113066601954503e-02 8.439172266881397809e+04
1.151395323963562076e-02 0.000000000000000000e+00
1.264855132798976302e-02 1.207661161597087048e+05
1.389495400641860279e-02 1.970263421036434302e+05
1.526417862678452857e-02 1.463396731597709004e+05
1.676832820337198493e-02 0.000000000000000000e+00
1.842069839530119726e-02 2.187487431063418335e+05
2.023589503111089191e-02 2.207609650317227934e+05
2.222996321434766651e-02 1.686585077713157807e+05
2.442052915136719640e-02 1.838198307695426629e+05
2.682695595500901239e-02 1.135605039004061400e+05
2.947051480134291537e-02 1.452434163470221101e+05
3.237457295239669353e-02 1.214670301315219549e+05
3.556480030685772731e-02 1.028340831299941347e+05
3.906939630451649464e-02 9.077962525193887996e+04
4.291933919013282694e-02 9.123666317386996525e+04
4.714865984004791566e-02 8.759964890552517318e+04
5.179474257198286163e-02 8.074753429474806762e+04
5.689865559697841746e-02 7.456059251668406068e+04
6.250551403444545850e-02 6.730732790603737521e+04
6.866487869913283359e-02 6.227077421404501365e+04
7.543119418501802176e-02 5.972226487435989839e+04
8.286427011848424007e-02 5.177555584869229642e+04
9.102980983473445142e-02 4.331478090026010614e+04
9.999999115058272325e-02 3.780580699050743715e+04
1.098541043672585787e-01 3.521079273127443594e+04
1.206792531427361148e-01 3.348466719908341474e+04
1.325711244288214907e-01 2.954869408427142116e+04
1.456348342787200378e-01 2.585964717775482131e+04
1.599858570014452974e-01 2.358707253987193690e+04
1.757510458761641914e-01 2.145703246858524290e+04
1.930697544488981787e-01 1.941733909917666824e+04
2.120950683230800604e-01 1.779873762255984184e+04
2.329951583321586417e-01 1.606785961721960484e+04
2.559547670553742882e-01 1.480115719777771665e+04
2.811768418164965477e-01 1.357827774927850987e+04
3.088843286001189403e-01 1.261819266343983873e+04
3.393221427425128778e-01 1.182990983915243123e+04
3.727593338166072523e-01 1.106106072706478153e+04
4.094914638472018087e-01 1.034222776242386681e+04
4.498432198782237879e-01 9.720012265676081370e+03
4.941712839853393824e-01 9.113948620743303763e+03
5.428674861028858212e-01 8.626415299689524545e+03
5.963622675339625978e-01 8.159702144266476353e+03
6.551284857587630350e-01 7.730233387592927102e+03
7.196855941730535555e-01 7.323212141534166221e+03
7.906042337028588163e-01 6.930615739436630065e+03
8.685112768820903995e-01 6.542808986420137444e+03
9.540953689793428838e-01 6.179523042400481245e+03
1.048113015153642191e+00 0.000000000000000000e+00
