1.048113066601954503e-02 1.642228144339125138e+05
1.151395323963562076e-02 0.000000000000000000e+00
1.264855132798976302e-02 4.591243486492956436e+04
1.389495400641860279e-02 6.147078602691680135e+04
1.526417862678452857e-02 1.002754508026146505e+05
1.676832820337198493e-02 0.000000000000000000e+00
1.842069839530119726e-02 9.461158356340424507e+04
2.023589503111089191e-02 1.125176619599106052e+05
2.222996321434766651e-02 9.643253719247734989e+04
2.442052915136719640e-02 1.171461405972832436e+05
2.682695595500901239e-02 9.502811526163454982e+04
2.947051480134291537e-02 7.959989824357180623e+04
3.237457295239669353e-02 6.328288447219275258e+04
3.556480030685772731e-02 5.672095364048497140e+04
3.906939630451649464e-02 5.516488292520793766e+04
4.291933919013282694e-02 5.021079707231641805e+04
4.714865984004791566e-02 4.863282792787674407e+04
5.179474257198286163e-02 4.804285089771079220e+04
5.689865559697841746e-02 4.283716530057376076e+04
6.250551403444545850e-02 4.152388788898088387e+04
6.866487869913283359e-02 3.840871864971709874e+04
7.543119418501802176e-02 3.305565215112327132e+04
8.286427011848424007e-02 2.924236792042249726e+04
9.102980983473445142e-02 2.689472272755167796e+04
9.999999115058272325e-02 2.322856652553939784e+04
1.098541043672585787e-01 2.009367954584766994e+04
1.206792531427361148e-01 1.974925134999134025e+04
1.325711244288214907e-01 1.682782879645848880e+04
1.456348342787200378e-01 1.490188280449179911e+04
1.599858570014452974e-01 1.301806696741343330e+04
1.757510458761641914e-01 1.175792608178512273e+04
1.930697544488981787e-01 1.066767012416409125e+04
2.120950683230800604e-01 9.529098567041746719e+03
2.329951583321586417e-01 8.463999673945461836e+03
2.559547670553742882e-01 7.669518312393403903e+03
2.811768418164965477e-01 6.979931221256614663e+03
3.088843286001189403e-01 6.310642633192813264e+03
3.393221427425128778e-01 5.733641312678790200e+03
3.727593338166072523e-01 5.261086745528635220e+03
4.094914638472018087e-01 4.823552723203261849e+03
4.498432198782237879e-01 4.457612742126094417e+03
4.941712839853393824e-01 4.130031246773814928e+03
5.428674861028858212e-01 3.834710424037630673e+03
5.963622675339625978e-01 3.575482442694881684e+03
6.551284857587630350e-01 3.345232736947617468e+03
7.196855941730535555e-01 3.128571887165604039e+03
7.906042337028588163e-01 2.939022312828753456e+03
8.685112768820903995e-01 2.758553422339095960e+03
9.540953689793428838e-01 2.592048439974665598e+03
1.048113015153642191e+00 0.000000000000000000e+00
