1.048113066601954503e-02 4.767204663247782446e+04
1.151395323963562076e-02 0.000000000000000000e+00
1.264855132798976302e-02 4.885720003068460210e+04
1.389495400641860279e-02 5.319978812139423098e+04
1.526417862678452857e-02 8.211731120105230366e+04
1.676832820337198493e-02 0.000000000000000000e+00
1.842069839530119726e-02 9.455629006820572249e+04
2.023589503111089191e-02 9.609213435350319196e+04
2.222996321434766651e-02 8.760461956157183158e+04
2.442052915136719640e-02 6.250990299516780942e+04
2.682695595500901239e-02 9.068332116937421961e+04
2.947051480134291537e-02 6.580354641546521452e+04
3.237457295239669353e-02 6.829266265493232640e+04
3.556480030685772731e-02 5.650026706175842264e+04
3.906939630451649464e-02 4.439143456219696236e+04
4.291933919013282694e-02 4.906980663715794799e+04
4.714865984004791566e-02 4.640368153409177467e+04
5.179474257198286163e-02 4.632739048240122065e+04
5.689865559697841746e-02 4.350000144760123658e+04
6.250551403444545850e-02 3.968245712243914750e+04
6.866487869913283359e-02 3.432466968753681431e+04
7.543119418501802176e-02 3.204026548168922818e+04
8.286427011848424007e-02 3.039797709079549895e+04
9.102980983473445142e-02 2.737048886738359943e+04
9.999999115058272325e-02 2.382007485009246739e+04
1.098541043672585787e-01 2.037252934154282411e+04
1.206792531427361148e-01 1.835663421285844379e+04
1.325711244288214907e-01 1.681489171248011917e+04
1.456348342787200378e-01 1.523035714925676439e+04
1.599858570014452974e-01 1.364414440686761918e+04
1.757510458761641914e-01 1.207349858709034379e+04
1.930697544488981787e-01 1.103296776830870294e+04
2.120950683230800604e-01 9.985035100094004520e+03
2.329951583321586417e-01 9.044471021209330502e+03
2.559547670553742882e-01 8.267914669631751167e+03
2.811768418164965477e-01 7.532620869807416057e+03
3.088843286001189403e-01 6.891846169749431283e+03
3.393221427425128778e-01 6.364705345258095804e+03
3.727593338166072523e-01 5.932899952583364211e+03
4.094914638472018087e-01 5.482228492143769472e+03
4.498432198782237879e-01 5.117803171137014942e+03
4.941712839853393824e-01 4.778673600775325212e+03
5.428674861028858212e-01 4.475418575838134529e+03
5.963622675339625978e-01 4.192112217334203706e+03
6.551284857587630350e-01 3.937251849885391493e+03
7.196855941730535555e-01 3.681676899753632824e+03
7.906042337028588163e-01 3.454062420978217688e+03
8.685112768820903995e-01 3.234024196291281442e+03
9.540953689793428838e-01 3.018432206057780604e+03
1.048113015153642191e+00 0.000000000000000000e+00
