1.048113066601954503e-02 1.108040618903779250e+04
1.151395323963562076e-02 0.000000000000000000e+00
1.264855132798976302e-02 2.710631527237830596e+04
1.389495400641860279e-02 2.184836218982140053e+04
1.526417862678452857e-02 2.000274939460745009e+04
1.676832820337198493e-02 0.000000000000000000e+00
1.842069839530119726e-02 2.074819168984724820e+04
2.023589503111089191e-02 2.815778430084604042e+04
2.222996321434766651e-02 1.756780216481903699e+04
2.442052915136719640e-02 2.846718935089817751e+04
2.682695595500901239e-02 3.032264031761485239e+04
2.947051480134291537e-02 3.199065986790702300e+04
3.237457295239669353e-02 2.487705565370524346e+04
3.556480030685772731e-02 2.254697612835220934e+04
3.906939630451649464e-02 2.299098315541277771e+04
4.291933919013282694e-02 2.248799788790324965e+04
4.714865984004791566e-02 2.046613807674898999e+04
5.179474257198286163e-02 2.039376819299784984e+04
5.689865559697841746e-02 1.833046976567656748e+04
6.250551403444545850e-02 1.859654528687174025e+04
6.866487869913283359e-02 1.669231842043052893e+04
7.543119418501802176e-02 1.586385064732539286e+04
8.286427011848424007e-02 1.401262875732282555e+04
9.102980983473445142e-02 1.267251430557202548e+04
9.999999115058272325e-02 1.100710878837272867e+04
1.098541043672585787e-01 1.031598459625301984e+04
1.206792531427361148e-01 9.311200163257330132e+03
1.325711244288214907e-01 8.493352138789674427e+03
1.456348342787200378e-01 7.666955876298766270e+03
1.599858570014452974e-01 6.777530141485853164e+03
1.757510458761641914e-01 6.099623792247141864e+03
1.930697544488981787e-01 5.548362800992474149e+03
2.120950683230800604e-01 5.008772239977750360e+03
2.329951583321586417e-01 4.539735804606542843e+03
2.559547670553742882e-01 4.111144219381681978e+03
2.811768418164965477e-01 3.742129424196330547e+03
3.088843286001189403e-01 3.415318415422525504e+03
3.393221427425128778e-01 3.115279687625291444e+03
3.727593338166072523e-01 2.849117068702832512e+03
4.094914638472018087e-01 2.637462991587973193e+03
4.498432198782237879e-01 2.445164880541354705e+03
4.941712839853393824e-01 2.266280358574010279e+03
5.428674861028858212e-01 2.112764334320838771e+03
5.963622675339625978e-01 1.977548940194512397e+03
6.551284857587630350e-01 1.856885348195867209e+03
7.196855941730535555e-01 1.738596971940743288e+03
7.906042337028588163e-01 1.640083700725186645e+03
8.685112768820903995e-01 1.536617940187060640e+03
9.540953689793428838e-01 1.445101057262761515e+03
1.048113015153642191e+00 0.000000000000000000e+00
