1.048113066601954503e-02 4.852934936651108001e+04
1.151395323963562076e-02 0.000000000000000000e+00
1.264855132798976302e-02 2.858891111169473152e+04
1.389495400641860279e-02 2.348621698883279896e+04
1.526417862678452857e-02 5.350142834360794222e+04
1.676832820337198493e-02 0.000000000000000000e+00
1.842069839530119726e-02 2.826353943900696322e+04
2.023589503111089191e-02 5.622368892485828837e+04
2.222996321434766651e-02 3.731543301851850993e+04
2.442052915136719640e-02 4.283559627839845052e+04
2.682695595500901239e-02 4.338515538625097543e+04
2.947051480134291537e-02 4.330126821209325135e+04
3.237457295239669353e-02 4.733295718800420582e+04
3.556480030685772731e-02 4.791531905684131198e+04
3.906939630451649464e-02 4.699200429052586696e+04
4.291933919013282694e-02 4.545328972551244806e+04
4.714865984004791566e-02 3.830116593285699491e+04
5.179474257198286163e-02 3.956753669226603233e+04
5.689865559697841746e-02 3.497907842893712223e+04
6.250551403444545850e-02 3.495679886143635667e+04
6.866487869913283359e-02 3.664580673180566373e+04
7.543119418501802176e-02 3.338651466404545499e+04
8.286427011848424007e-02 3.178353709937956592e+04
9.102980983473445142e-02 3.061079493160280254e+04
9.999999115058272325e-02 2.753545720261182942e+04
1.098541043672585787e-01 2.473439965475284407e+04
1.206792531427361148e-01 2.345811662853606686e+04
1.325711244288214907e-01 2.171494225863790780e+04
1.456348342787200378e-01 2.002433531089680764e+04
1.599858570014452974e-01 1.786853051574435813e+04
1.757510458761641914e-01 1.622817431593454603e+04
1.930697544488981787e-01 1.543630578770321335e+04
2.120950683230800604e-01 1.405764756291528101e+04
2.329951583321586417e-01 1.304773698617635455e+04
2.559547670553742882e-01 1.204430200531433002e+04
2.811768418164965477e-01 1.117000515342428298e+04
3.088843286001189403e-01 1.046079056299447075e+04
3.393221427425128778e-01 9.843280232193756092e+03
3.727593338166072523e-01 9.193698864095773388e+03
4.094914638472018087e-01 8.700937998322358908e+03
4.498432198782237879e-01 8.225706205679991399e+03
4.941712839853393824e-01 7.808070009055634728e+03
5.428674861028858212e-01 7.421717226311609920e+03
5.963622675339625978e-01 7.072320606763151773e+03
6.551284857587630350e-01 6.777405357374312189e+03
7.196855941730535555e-01 6.477352377991620415e+03
7.906042337028588163e-01 6.203715087271955781e+03
8.685112768820903995e-01 5.931805172303657855e+03
9.540953689793428838e-01 5.672226277179373938e+03
1.048113015153642191e+00 0.000000000000000000e+00
