1.048113066601954503e-02 2.401109228168144909e+04
1.151395323963562076e-02 0.000000000000000000e+00
1.264855132798976302e-02 3.467233719710686273e+04
1.389495400641860279e-02 4.842802508539256814e+04
1.526417862678452857e-02 2.580009784717345974e+04
1.676832820337198493e-02 0.000000000000000000e+00
1.842069839530119726e-02 2.684856326653312863e+04
2.023589503111089191e-02 4.046366671351564582e+04
2.222996321434766651e-02 2.296485744012405121e+04
2.442052915136719640e-02 2.638773453394254466e+04
2.682695595500901239e-02 3.490442224653701851e+04
2.947051480134291537e-02 3.535231140908503585e+04
3.237457295239669353e-02 3.442053747177330661e+04
3.556480030685772731e-02 3.199157799888514273e+04
3.906939630451649464e-02 3.053851637713869422e+04
4.291933919013282694e-02 2.528168197977704040e+04
4.714865984004791566e-02 2.582022918708067664e+04
5.179474257198286163e-02 2.381128558069649443e+04
5.689865559697841746e-02 1.982100265906437562e+04
6.250551403444545850e-02 2.151048638924020997e+04
6.866487869913283359e-02 1.989861993464022089e+04
7.543119418501802176e-02 1.811850182737744399e+04
8.286427011848424007e-02 1.635247602427652964e+04
9.102980983473445142e-02 1.575168489115276680e+04
9.999999115058272325e-02 1.460872563664856716e+04
1.098541043672585787e-01 1.227852186050982891e+04
1.206792531427361148e-01 1.108211266760126455e+04
1.325711244288214907e-01 1.025532536255788364e+04
1.456348342787200378e-01 9.320938142207180135e+03
1.599858570014452974e-01 8.181635140382491954e+03
1.757510458761641914e-01 7.149798337254555008e+03
1.930697544488981787e-01 6.601847167368162445e+03
2.120950683230800604e-01 5.877954147682099574e+03
2.329951583321586417e-01 5.286051654455413882e+03
2.559547670553742882e-01 4.701613459448268259e+03
2.811768418164965477e-01 4.289513506759662960e+03
3.088843286001189403e-01 3.896566626226651806e+03
3.393221427425128778e-01 3.517411294587932389e+03
3.727593338166072523e-01 3.212766741012244893e+03
4.094914638472018087e-01 2.921180048599933798e+03
4.498432198782237879e-01 2.711326748329259772e+03
4.941712839853393824e-01 2.496480457191733876e+03
5.428674861028858212e-01 2.314613046287287034e+03
5.963622675339625978e-01 2.146578320456826077e+03
6.551284857587630350e-01 1.999184314644910728e+03
7.196855941730535555e-01 1.870975636140412917e+03
7.906042337028588163e-01 1.751895147342837390e+03
8.685112768820903995e-01 1.645229064751871420e+03
9.540953689793428838e-01 1.551732160783785730e+03
1.048113015153642191e+00 0.000000000000000000e+00
