1.048113066601954503e-02 3.928085714437183924e+04
1.151395323963562076e-02 0.000000000000000000e+00
1.264855132798976302e-02 5.469448313415081066e+04
1.389495400641860279e-02 4.227687950064739562e+04
1.526417862678452857e-02 8.990237908964647431e+03
1.676832820337198493e-02 0.000000000000000000e+00
1.842069839530119726e-02 3.011950447262478338e+04
2.023589503111089191e-02 4.294646867638005642e+04
2.222996321434766651e-02 4.655854379896126920e+04
2.442052915136719640e-02 3.390428482965814328e+04
2.682695595500901239e-02 3.617513610283190792e+04
2.947051480134291537e-02 4.520860828265973396e+04
3.237457295239669353e-02 4.419276502439581236e+04
3.556480030685772731e-02 4.116817587627047033e+04
3.906939630451649464e-02 4.100555140097484400e+04
4.291933919013282694e-02 3.994409445803474227e+04
4.714865984004791566e-02 3.594052973003534862e+04
5.179474257198286163e-02 3.809814274702854891e+04
5.689865559697841746e-02 3.307288065561153053e+04
6.250551403444545850e-02 3.247637749248732507e+04
6.866487869913283359e-02 3.006624137791452813e+04
7.543119418501802176e-02 2.825541267590167990e+04
8.286427011848424007e-02 2.585287131407269044e+04
9.102980983473445142e-02 2.346291552244998456e+04
9.999999115058272325e-02 2.146799281535309638e+04
1.098541043672585787e-01 1.976442067660995963e+04
1.206792531427361148e-01 1.856438852281270738e+04
1.325711244288214907e-01 1.704422931293381043e+04
1.456348342787200378e-01 1.523529878907306193e+04
1.599858570014452974e-01 1.347840308706611540e+04
1.757510458761641914e-01 1.239393468204724195e+04
1.930697544488981787e-01 1.117431544191187641e+04
2.120950683230800604e-01 1.001784765877477548e+04
2.329951583321586417e-01 9.006934617351334964e+03
2.559547670553742882e-01 8.265059038699419034e+03
2.811768418164965477e-01 7.535792063467968546e+03
3.088843286001189403e-01 6.837732820008104682e+03
3.393221427425128778e-01 6.232886044829536331e+03
3.727593338166072523e-01 5.710514360067724738e+03
4.094914638472018087e-01 5.262136156491382280e+03
4.498432198782237879e-01 4.884964844483834895e+03
4.941712839853393824e-01 4.545029716163862759e+03
5.428674861028858212e-01 4.233210207605975484e+03
5.963622675339625978e-01 3.971798255145580242e+03
6.551284857587630350e-01 3.719420020700289570e+03
7.196855941730535555e-01 3.507867981370985035e+03
7.906042337028588163e-01 3.320521676407040104e+03
8.685112768820903995e-01 3.145073858685206687e+03
9.540953689793428838e-01 2.983460132188257376e+03
1.048113015153642191e+00 0.000000000000000000e+00
