1.048113066601954503e-02 1.980064048243803554e+05
1.151395323963562076e-02 0.000000000000000000e+00
1.264855132798976302e-02 1.144097160740112740e+05
1.389495400641860279e-02 2.108109314293234202e+05
1.526417862678452857e-02 1.492603470625646005e+05
1.676832820337198493e-02 0.000000000000000000e+00
1.842069839530119726e-02 1.397565832032336621e+05
2.023589503111089191e-02 1.651068591817354027e+05
2.222996321434766651e-02 1.433226939158630266e+05
2.442052915136719640e-02 1.608412956392552005e+05
2.682695595500901239e-02 1.013662756458910299e+05
2.947051480134291537e-02 9.730074404660698201e+04
3.237457295239669353e-02 7.241470219419719069e+04
3.556480030685772731e-02 4.868633852479352936e+04
3.906939630451649464e-02 4.269062878254724637e+04
4.291933919013282694e-02 3.590030384882142971e+04
4.714865984004791566e-02 3.078563464457758528e+04
5.179474257198286163e-02 3.511812451142467035e+04
5.689865559697841746e-02 3.123774569507370325e+04
6.250551403444545850e-02 2.745718133841384770e+04
6.866487869913283359e-02 2.444868526735221167e+04
7.543119418501802176e-02 2.010369182045543130e+04
8.286427011848424007e-02 1.577489148311863755e+04
9.102980983473445142e-02 1.210111823936694600e+04
9.999999115058272325e-02 1.082591416815783668e+04
1.098541043672585787e-01 9.862972940146273686e+03
1.206792531427361148e-01 8.923881153649255793e+03
1.325711244288214907e-01 7.331149379589435739e+03
1.456348342787200378e-01 6.087209528036729353e+03
1.599858570014452974e-01 5.152523631924944311e+03
1.757510458761641914e-01 4.564533147498713333e+03
1.930697544488981787e-01 3.966133714032084299e+03
2.120950683230800604e-01 3.376802140629205041e+03
2.329951583321586417e-01 2.945239162480311734e+03
2.559547670553742882e-01 2.577635289613018358e+03
2.811768418164965477e-01 2.251609836859747702e+03
3.088843286001189403e-01 1.964229838204270436e+03
3.393221427425128778e-01 1.737965922664589925e+03
3.727593338166072523e-01 1.534930439208482312e+03
4.094914638472018087e-01 1.362884756135214047e+03
4.498432198782237879e-01 1.212968785921663994e+03
4.941712839853393824e-01 1.089304364169441897e+03
5.428674861028858212e-01 9.801128547274964831e+02
5.963622675339625978e-01 8.837685240615491011e+02
6.551284857587630350e-01 7.981885056357527901e+02
7.196855941730535555e-01 7.255823312226450525e+02
7.906042337028588163e-01 6.619028654911862759e+02
8.685112768820903995e-01 6.054609529573564259e+02
9.540953689793428838e-01 5.528950830013951645e+02
1.048113015153642191e+00 0.000000000000000000e+00
