1.048113066601954503e-02 2.509772562624126294e+04
1.151395323963562076e-02 0.000000000000000000e+00
1.264855132798976302e-02 1.533056182815169632e+04
1.389495400641860279e-02 3.295106432560353278e+04
1.526417862678452857e-02 5.549378536458830058e+04
1.676832820337198493e-02 0.000000000000000000e+00
1.842069839530119726e-02 3.242460726843242810e+04
2.023589503111089191e-02 3.417249820521958463e+04
2.222996321434766651e-02 3.501759429827159329e+04
2.442052915136719640e-02 3.972101739469674067e+04
2.682695595500901239e-02 3.643073694059393893e+04
2.947051480134291537e-02 4.367259660610977153e+04
3.237457295239669353e-02 3.227426197726625105e+04
3.556480030685772731e-02 3.356472666702235438e+04
3.906939630451649464e-02 2.993448397749228388e+04
4.291933919013282694e-02 2.354469392431091546e+04
4.714865984004791566e-02 2.725494328427710570e+04
5.179474257198286163e-02 2.584874186657954851e+04
5.689865559697841746e-02 2.283578173654109196e+04
6.250551403444545850e-02 2.154924319989270589e+04
6.866487869913283359e-02 2.000678095293917431e+04
7.543119418501802176e-02 1.861211000351322218e+04
8.286427011848424007e-02 1.613700505989726298e+04
9.102980983473445142e-02 1.430703845411254224e+04
9.999999115058272325e-02 1.224770980894982131e+04
1.098541043672585787e-01 1.110708494036224693e+04
1.206792531427361148e-01 1.023508139092897363e+04
1.325711244288214907e-01 9.558756201582735230e+03
1.456348342787200378e-01 8.488064523119672231e+03
1.599858570014452974e-01 7.116367301992854664e+03
1.757510458761641914e-01 6.402751959277893548e+03
1.930697544488981787e-01 5.868870290773493252e+03
2.120950683230800604e-01 5.193831602624301922e+03
2.329951583321586417e-01 4.536648259485236849e+03
2.559547670553742882e-01 4.106399264993152428e+03
2.811768418164965477e-01 3.680540128299642220e+03
3.088843286001189403e-01 3.315118497667047905e+03
3.393221427425128778e-01 2.994514187576522090e+03
3.727593338166072523e-01 2.722920179178803664e+03
4.094914638472018087e-01 2.470048408539746561e+03
4.498432198782237879e-01 2.259784842606154143e+03
4.941712839853393824e-01 2.074668398217982030e+03
5.428674861028858212e-01 1.912495995521746181e+03
5.963622675339625978e-01 1.770959688779163798e+03
6.551284857587630350e-01 1.643900475610244030e+03
7.196855941730535555e-01 1.531233453897213622e+03
7.906042337028588163e-01 1.429226068462813828e+03
8.685112768820903995e-01 1.337035152468491106e+03
9.540953689793428838e-01 1.253785037289669390e+03
1.048113015153642191e+00 0.000000000000000000e+00
