1.048113066601954503e-02 2.561472388007896006e+04
1.151395323963562076e-02 0.000000000000000000e+00
1.264855132798976302e-02 2.221340632957419439e+04
1.389495400641860279e-02 3.157627230264124955e+04
1.526417862678452857e-02 4.405860281039437541e+04
1.676832820337198493e-02 0.000000000000000000e+00
1.842069839530119726e-02 3.685741202484726819e+04
2.023589503111089191e-02 2.821570485312867459e+04
2.222996321434766651e-02 4.515172282463499869e+04
2.442052915136719640e-02 4.552358991823528777e+04
2.682695595500901239e-02 3.820246442331391881e+04
2.947051480134291537e-02 5.043887159297837206e+04
3.237457295239669353e-02 3.713032148486965889e+04
3.556480030685772731e-02 3.575073006810699007e+04
3.906939630451649464e-02 2.923800745849427767e+04
4.291933919013282694e-02 3.362371375834880746e+04
4.714865984004791566e-02 3.037445147477477440e+04
5.179474257198286163e-02 2.845982735609043084e+04
5.689865559697841746e-02 2.740086830674466546e+04
6.250551403444545850e-02 2.645828793302060876e+04
6.866487869913283359e-02 2.510284871512195241e+04
7.543119418501802176e-02 2.272468488705063282e+04
8.286427011848424007e-02 2.266251027981121297e+04
9.102980983473445142e-02 1.984315930874996047e+04
9.999999115058272325e-02 1.715405528786424111e+04
1.098541043672585787e-01 1.610524815672514160e+04
1.206792531427361148e-01 1.438076442165026310e+04
1.325711244288214907e-01 1.344312917566603210e+04
1.456348342787200378e-01 1.205902454724042400e+04
1.599858570014452974e-01 1.072819733484583048e+04
1.757510458761641914e-01 9.822015257399943948e+03
1.930697544488981787e-01 9.045909834746918932e+03
2.120950683230800604e-01 8.144411370195310155e+03
2.329951583321586417e-01 7.341376115693732572e+03
2.559547670553742882e-01 6.760080661515127758e+03
2.811768418164965477e-01 6.157365166737929030e+03
3.088843286001189403e-01 5.613711143529964829e+03
3.393221427425128778e-01 5.227589852348884961e+03
3.727593338166072523e-01 4.826721847976421486e+03
4.094914638472018087e-01 4.488959857744967849e+03
4.498432198782237879e-01 4.181749122109569726e+03
4.941712839853393824e-01 3.916709538543342205e+03
5.428674861028858212e-01 3.677424333775550622e+03
5.963622675339625978e-01 3.466604091371508730e+03
6.551284857587630350e-01 3.286554360767201615e+03
7.196855941730535555e-01 3.103905798410927218e+03
7.906042337028588163e-01 2.940939551124998616e+03
8.685112768820903995e-01 2.795190246120650954e+03
9.540953689793428838e-01 2.652702815210519475e+03
1.048113015153642191e+00 0.000000000000000000e+00
