1.048113066601954503e-02 2.975094145041773299e+04
1.151395323963562076e-02 0.000000000000000000e+00
1.264855132798976302e-02 6.785537458559635525e+03
1.389495400641860279e-02 2.988365321887618484e+04
1.526417862678452857e-02 3.817244621210896003e+04
1.676832820337198493e-02 0.000000000000000000e+00
1.842069839530119726e-02 3.656131003202102875e+04
2.023589503111089191e-02 3.317190561290206824e+04
2.222996321434766651e-02 5.276861489290928148e+04
2.442052915136719640e-02 3.225586376886219659e+04
2.682695595500901239e-02 3.928205541341590288e+04
2.947051480134291537e-02 3.466047683116705593e+04
3.237457295239669353e-02 3.143152388684220205e+04
3.556480030685772731e-02 2.209095858293401761e+04
3.906939630451649464e-02 2.828592204419233167e+04
4.291933919013282694e-02 2.708294130878851138e+04
4.714865984004791566e-02 2.386536354424428646e+04
5.179474257198286163e-02 2.227172638330222617e+04
5.689865559697841746e-02 2.035448521138642900e+04
6.250551403444545850e-02 1.892894030923202445e+04
6.866487869913283359e-02 1.667344603697740240e+04
7.543119418501802176e-02 1.595539060329353742e+04
8.286427011848424007e-02 1.481428145632017731e+04
9.102980983473445142e-02 1.301322090014700552e+04
9.999999115058272325e-02 1.054586418758457330e+04
1.098541043672585787e-01 9.266585474234070716e+03
1.206792531427361148e-01 8.809700797866775247e+03
1.325711244288214907e-01 8.094984985332217548e+03
1.456348342787200378e-01 7.008814312559105019e+03
1.599858570014452974e-01 6.192165371221210080e+03
1.757510458761641914e-01 5.455036511428071208e+03
1.930697544488981787e-01 4.900535589677923781e+03
2.120950683230800604e-01 4.346762271292544028e+03
2.329951583321586417e-01 3.826423775012744954e+03
2.559547670553742882e-01 3.427852609706873409e+03
2.811768418164965477e-01 3.078224554669227473e+03
3.088843286001189403e-01 2.762442108141391145e+03
3.393221427425128778e-01 2.480189829665667276e+03
3.727593338166072523e-01 2.240701247198561759e+03
4.094914638472018087e-01 2.043017433241221397e+03
4.498432198782237879e-01 1.869215664087168534e+03
4.941712839853393824e-01 1.706616154991368148e+03
5.428674861028858212e-01 1.566475199458746829e+03
5.963622675339625978e-01 1.449519606905386809e+03
6.551284857587630350e-01 1.338346909513787068e+03
7.196855941730535555e-01 1.242538257552817413e+03
7.906042337028588163e-01 1.152829297201942609e+03
8.685112768820903995e-01 1.072955933218204336e+03
9.540953689793428838e-01 1.001957782186782197e+03
1.048113015153642191e+00 0.000000000000000000e+00
