1.048113066601954503e-02 1.186666771731018554e+06
1.151395323963562076e-02 0.000000000000000000e+00
1.264855132798976302e-02 5.415228434233721346e+05
1.389495400641860279e-02 7.283591519845917355e+05
1.526417862678452857e-02 7.369016454961966956e+05
1.676832820337198493e-02 0.000000000000000000e+00
1.842069839530119726e-02 5.511891299568018876e+05
2.023589503111089191e-02 3.542106067761944141e+05
2.222996321434766651e-02 2.582172875384258223e+05
2.442052915136719640e-02 3.187360143561741570e+05
2.682695595500901239e-02 3.289554455898911692e+05
2.947051480134291537e-02 1.971967269527881872e+05
3.237457295239669353e-02 1.686927764931148849e+05
3.556480030685772731e-02 1.544519057204218116e+05
3.906939630451649464e-02 1.191562882805293775e+05
4.291933919013282694e-02 1.226999523901724606e+05
4.714865984004791566e-02 1.098712444811038731e+05
5.179474257198286163e-02 1.052068095770583604e+05
5.689865559697841746e-02 1.001911016020274692e+05
6.250551403444545850e-02 9.034852311794442357e+04
6.866487869913283359e-02 7.690685469294746872e+04
7.543119418501802176e-02 5.990547789873556758e+04
8.286427011848424007e-02 4.923000555274756334e+04
9.102980983473445142e-02 3.952485745696709637e+04
9.999999115058272325e-02 3.662737376048420265e+04
1.098541043672585787e-01 3.223921652912117133e+04
1.206792531427361148e-01 2.867917495755507116e+04
1.325711244288214907e-01 2.402031151649049571e+04
1.456348342787200378e-01 2.022428872301171941e+04
1.599858570014452974e-01 1.785277177239632510e+04
1.757510458761641914e-01 1.569315510705117958e+04
1.930697544488981787e-01 1.350261654392692071e+04
2.120950683230800604e-01 1.200550933490857096e+04
2.329951583321586417e-01 1.044587223063669808e+04
2.559547670553742882e-01 9.273534475984644814e+03
2.811768418164965477e-01 8.218131431039499148e+03
3.088843286001189403e-01 7.259200515370936046e+03
3.393221427425128778e-01 6.470597969994789310e+03
3.727593338166072523e-01 5.820538930873443860e+03
4.094914638472018087e-01 5.252719357950954873e+03
4.498432198782237879e-01 4.745952366481960780e+03
4.941712839853393824e-01 4.319672322787569101e+03
5.428674861028858212e-01 3.934439284976257113e+03
5.963622675339625978e-01 3.588447967546024756e+03
6.551284857587630350e-01 3.288922959609216377e+03
7.196855941730535555e-01 3.024222862746178180e+03
7.906042337028588163e-01 2.797635584290225779e+03
8.685112768820903995e-01 2.584530482621815281e+03
9.540953689793428838e-01 2.383722948523851301e+03
1.048113015153642191e+00 0.000000000000000000e+00
