1.048113066601954503e-02 7.625192400250330684e+04
1.151395323963562076e-02 0.000000000000000000e+00
1.264855132798976302e-02 6.621139567041592090e+04
1.389495400641860279e-02 8.388830477679570322e+04
1.526417862678452857e-02 7.992226839847269002e+04
1.676832820337198493e-02 0.000000000000000000e+00
1.842069839530119726e-02 6.854849530948883330e+04
2.023589503111089191e-02 1.230293053289504751e+05
2.222996321434766651e-02 6.998051542868369143e+04
2.442052915136719640e-02 6.883001323996267456e+04
2.682695595500901239e-02 6.712140115323598729e+04
2.947051480134291537e-02 8.162050698624664801e+04
3.237457295239669353e-02 7.631875862663544831e+04
3.556480030685772731e-02 6.549197485182901437e+04
3.906939630451649464e-02 6.000938789134773833e+04
4.291933919013282694e-02 5.604013932822472270e+04
4.714865984004791566e-02 5.573941780445519544e+04
5.179474257198286163e-02 5.535095435226202244e+04
5.689865559697841746e-02 4.999278326140007994e+04
6.250551403444545850e-02 4.532577572354020958e+04
6.866487869913283359e-02 4.536832723096846166e+04
7.543119418501802176e-02 4.094416682221338851e+04
8.286427011848424007e-02 3.889126525084389141e+04
9.102980983473445142e-02 3.483602937115872919e+04
9.999999115058272325e-02 3.147883989617773477e+04
1.098541043672585787e-01 2.711003513278475293e+04
1.206792531427361148e-01 2.456223458983224191e+04
1.325711244288214907e-01 2.275070761046725966e+04
1.456348342787200378e-01 2.070351638167131750e+04
1.599858570014452974e-01 1.861745100963808363e+04
1.757510458761641914e-01 1.675595208566681322e+04
1.930697544488981787e-01 1.508889753265389663e+04
2.120950683230800604e-01 1.357492966515935223e+04
2.329951583321586417e-01 1.235013572692376692e+04
2.559547670553742882e-01 1.130338346193148209e+04
2.811768418164965477e-01 1.028500103345971365e+04
3.088843286001189403e-01 9.528115065502253856e+03
3.393221427425128778e-01 8.809949423810843655e+03
3.727593338166072523e-01 8.062483137482051461e+03
4.094914638472018087e-01 7.510930487736575742e+03
4.498432198782237879e-01 6.989462979919991994e+03
4.941712839853393824e-01 6.575598554793523363e+03
5.428674861028858212e-01 6.143074930822639544e+03
5.963622675339625978e-01 5.771607582256670867e+03
6.551284857587630350e-01 5.465816855418775049e+03
7.196855941730535555e-01 5.171114043097848480e+03
7.906042337028588163e-01 4.905129506599376327e+03
8.685112768820903995e-01 4.644812858770495950e+03
9.540953689793428838e-01 4.403971680247676886e+03
1.048113015153642191e+00 0.000000000000000000e+00
