1.048113066601954503e-02 2.005612871099513257e+06
1.151395323963562076e-02 0.000000000000000000e+00
1.264855132798976302e-02 4.179459722772170790e+05
1.389495400641860279e-02 1.449590865193373989e+06
1.526417862678452857e-02 1.468246034103776794e+06
1.676832820337198493e-02 0.000000000000000000e+00
1.842069839530119726e-02 1.017170927848030464e+06
2.023589503111089191e-02 8.451441202076774789e+05
2.222996321434766651e-02 9.253717160693937913e+05
2.442052915136719640e-02 8.010004206141969189e+05
2.682695595500901239e-02 6.759522418943744851e+05
2.947051480134291537e-02 4.605299128732289537e+05
3.237457295239669353e-02 2.504672489596990636e+05
3.556480030685772731e-02 2.268515158992244978e+05
3.906939630451649464e-02 1.695148168488064548e+05
4.291933919013282694e-02 1.339286810264688684e+05
4.714865984004791566e-02 1.174891043886837142e+05
5.179474257198286163e-02 1.443606598075391375e+05
5.689865559697841746e-02 1.338746590665297699e+05
6.250551403444545850e-02 1.478566551685278828e+05
6.866487869913283359e-02 1.306172932793373766e+05
7.543119418501802176e-02 1.094628238108470105e+05
8.286427011848424007e-02 8.543039914324952406e+04
9.102980983473445142e-02 6.305292979049222777e+04
9.999999115058272325e-02 5.407919385270802013e+04
1.098541043672585787e-01 5.047345412342625787e+04
1.206792531427361148e-01 4.682486532954825088e+04
1.325711244288214907e-01 4.169774355061950337e+04
1.456348342787200378e-01 3.719024967048551480e+04
1.599858570014452974e-01 3.158294978893289954e+04
1.757510458761641914e-01 2.862305753444578295e+04
1.930697544488981787e-01 2.575786170149642567e+04
2.120950683230800604e-01 2.303057920059233584e+04
2.329951583321586417e-01 2.095976046523065088e+04
2.559547670553742882e-01 1.885093629734147908e+04
2.811768418164965477e-01 1.736115936511922700e+04
3.088843286001189403e-01 1.571311433195687277e+04
3.393221427425128778e-01 1.436147326896755112e+04
3.727593338166072523e-01 1.326790921602351955e+04
4.094914638472018087e-01 1.224530637783034763e+04
4.498432198782237879e-01 1.138357067458475285e+04
4.941712839853393824e-01 1.057990237692091614e+04
5.428674861028858212e-01 9.825059165684248001e+03
5.963622675339625978e-01 9.191999233744154481e+03
6.551284857587630350e-01 8.560449740586522239e+03
7.196855941730535555e-01 7.967227343101376391e+03
7.906042337028588163e-01 7.412351705963871609e+03
8.685112768820903995e-01 6.833428435442624505e+03
9.540953689793428838e-01 6.298445306200562300e+03
1.048113015153642191e+00 0.000000000000000000e+00
