1.048113066601954503e-02 4.662320516446078545e+04
1.151395323963562076e-02 0.000000000000000000e+00
1.264855132798976302e-02 7.387339042598125525e+04
1.389495400641860279e-02 2.188249366896686261e+05
1.526417862678452857e-02 1.445317157145040692e+05
1.676832820337198493e-02 0.000000000000000000e+00
1.842069839530119726e-02 1.069344493974901125e+05
2.023589503111089191e-02 2.010808091500268783e+05
2.222996321434766651e-02 1.181199448287009000e+05
2.442052915136719640e-02 1.065037723549507791e+05
2.682695595500901239e-02 1.093628250956981792e+05
2.947051480134291537e-02 7.765973829479298729e+04
3.237457295239669353e-02 6.593742381963413209e+04
3.556480030685772731e-02 5.066331724259960902e+04
3.906939630451649464e-02 4.665707089725504193e+04
4.291933919013282694e-02 3.990012521348767041e+04
4.714865984004791566e-02 4.019451805574938771e+04
5.179474257198286163e-02 4.179856791587815678e+04
5.689865559697841746e-02 4.037824671508141910e+04
6.250551403444545850e-02 4.352964638605205982e+04
6.866487869913283359e-02 3.720635419694904704e+04
7.543119418501802176e-02 3.011318470371874355e+04
8.286427011848424007e-02 2.194941323540406302e+04
9.102980983473445142e-02 1.725758975670004293e+04
9.999999115058272325e-02 1.526202045148287289e+04
1.098541043672585787e-01 1.609693059374759105e+04
1.206792531427361148e-01 1.490241818023338055e+04
1.325711244288214907e-01 1.224706047458977991e+04
1.456348342787200378e-01 9.615707752980395526e+03
1.599858570014452974e-01 8.510824492962350632e+03
1.757510458761641914e-01 7.999561655948058615e+03
1.930697544488981787e-01 6.959841496434967667e+03
2.120950683230800604e-01 5.951583119253956284e+03
2.329951583321586417e-01 5.333620080105149100e+03
2.559547670553742882e-01 4.677591938160212521e+03
2.811768418164965477e-01 4.122184062540179184e+03
3.088843286001189403e-01 3.714782807633105222e+03
3.393221427425128778e-01 3.311105295422048130e+03
3.727593338166072523e-01 2.980171842372847095e+03
4.094914638472018087e-01 2.676883176745346645e+03
4.498432198782237879e-01 2.434888139950358436e+03
4.941712839853393824e-01 2.223445457742402141e+03
5.428674861028858212e-01 2.024746856200479442e+03
5.963622675339625978e-01 1.860765116860955686e+03
6.551284857587630350e-01 1.709863846880391293e+03
7.196855941730535555e-01 1.581837663288931935e+03
7.906042337028588163e-01 1.468523342889066953e+03
8.685112768820903995e-01 1.366344413918676310e+03
9.540953689793428838e-01 1.273185126350015707e+03
1.048113015153642191e+00 0.000000000000000000e+00
