1.048113066601954503e-02 1.663987696110669640e+04
1.151395323963562076e-02 0.000000000000000000e+00
1.264855132798976302e-02 4.295299914438875021e+03
1.389495400641860279e-02 2.030469515050909831e+04
1.526417862678452857e-02 1.891677138872993237e+04
1.676832820337198493e-02 0.000000000000000000e+00
1.842069839530119726e-02 1.410175859826253145e+04
2.023589503111089191e-02 1.258667518416052917e+04
2.222996321434766651e-02 2.719712285105828778e+04
2.442052915136719640e-02 2.782882280955994793e+04
2.682695595500901239e-02 2.123156239795186411e+04
2.947051480134291537e-02 2.277668029655726787e+04
3.237457295239669353e-02 1.659257718943513100e+04
3.556480030685772731e-02 2.320096159529884972e+04
3.906939630451649464e-02 2.274215404792952177e+04
4.291933919013282694e-02 2.055750022847870787e+04
4.714865984004791566e-02 2.217672616456193282e+04
5.179474257198286163e-02 2.039709743374550089e+04
5.689865559697841746e-02 1.924005921198676515e+04
6.250551403444545850e-02 1.868791268461324580e+04
6.866487869913283359e-02 1.831802418847256922e+04
7.543119418501802176e-02 1.866444622919087124e+04
8.286427011848424007e-02 1.746992492534612029e+04
9.102980983473445142e-02 1.584480046350339398e+04
9.999999115058272325e-02 1.412143203484932019e+04
1.098541043672585787e-01 1.363479890617251658e+04
1.206792531427361148e-01 1.231822515359062527e+04
1.325711244288214907e-01 1.192157361350385327e+04
1.456348342787200378e-01 1.089922526944022138e+04
1.599858570014452974e-01 9.886493712695721115e+03
1.757510458761641914e-01 8.953310333451508995e+03
1.930697544488981787e-01 8.451101197205385688e+03
2.120950683230800604e-01 7.730046802372823549e+03
2.329951583321586417e-01 7.027126141891681982e+03
2.559547670553742882e-01 6.547761642878696875e+03
2.811768418164965477e-01 6.012882253809538270e+03
3.088843286001189403e-01 5.587509985031948418e+03
3.393221427425128778e-01 5.213026968485701218e+03
3.727593338166072523e-01 4.865728967281682344e+03
4.094914638472018087e-01 4.540577963848933905e+03
4.498432198782237879e-01 4.292254876125231931e+03
4.941712839853393824e-01 4.056412654721792023e+03
5.428674861028858212e-01 3.833444773120132140e+03
5.963622675339625978e-01 3.640422523672671105e+03
6.551284857587630350e-01 3.470631993853087806e+03
7.196855941730535555e-01 3.303699688079272164e+03
7.906042337028588163e-01 3.164384295057253894e+03
8.685112768820903995e-01 3.021320300548228715e+03
9.540953689793428838e-01 2.888940185812864911e+03
1.048113015153642191e+00 0.000000000000000000e+00
