1.048113066601954503e-02 2.839030979401934746e+04
1.151395323963562076e-02 0.000000000000000000e+00
1.264855132798976302e-02 2.815380565414575904e+04
1.389495400641860279e-02 7.590420691145860474e+04
1.526417862678452857e-02 5.630859911691851448e+04
1.676832820337198493e-02 0.000000000000000000e+00
1.842069839530119726e-02 2.337738441335481184e+04
2.023589503111089191e-02 4.612905128313440946e+04
2.222996321434766651e-02 4.078106761636478041e+04
2.442052915136719640e-02 4.468702434622678993e+04
2.682695595500901239e-02 4.755855108982097590e+04
2.947051480134291537e-02 4.905701844196362799e+04
3.237457295239669353e-02 3.949830832407079288e+04
3.556480030685772731e-02 4.806324328718020843e+04
3.906939630451649464e-02 3.886947279540511227e+04
4.291933919013282694e-02 3.244003305931358045e+04
4.714865984004791566e-02 3.132497943985189704e+04
5.179474257198286163e-02 3.278181623847169976e+04
5.689865559697841746e-02 2.858866722499336174e+04
6.250551403444545850e-02 2.820087330888372526e+04
6.866487869913283359e-02 2.523939120879610346e+04
7.543119418501802176e-02 2.415792706099557472e+04
8.286427011848424007e-02 2.234989665961025457e+04
9.102980983473445142e-02 2.020615467293490292e+04
9.999999115058272325e-02 1.791252725543762790e+04
1.098541043672585787e-01 1.510155493887541161e+04
1.206792531427361148e-01 1.412023953860044458e+04
1.325711244288214907e-01 1.319727335702521304e+04
1.456348342787200378e-01 1.195095344848329842e+04
1.599858570014452974e-01 1.047812475685114987e+04
1.757510458761641914e-01 9.457690135936105435e+03
1.930697544488981787e-01 8.538051702697917790e+03
2.120950683230800604e-01 7.925097590694931569e+03
2.329951583321586417e-01 7.167997174514740436e+03
2.559547670553742882e-01 6.593232743900754940e+03
2.811768418164965477e-01 5.998016136763799295e+03
3.088843286001189403e-01 5.531686479091606088e+03
3.393221427425128778e-01 5.108352644291761862e+03
3.727593338166072523e-01 4.739365525997153782e+03
4.094914638472018087e-01 4.429508667286550917e+03
4.498432198782237879e-01 4.136075448045143276e+03
4.941712839853393824e-01 3.881833815782164493e+03
5.428674861028858212e-01 3.635485611464368958e+03
5.963622675339625978e-01 3.415930310024918072e+03
6.551284857587630350e-01 3.207109962914174503e+03
7.196855941730535555e-01 3.015713321928090863e+03
7.906042337028588163e-01 2.830900014737902438e+03
8.685112768820903995e-01 2.659442906579713508e+03
9.540953689793428838e-01 2.490395128197560553e+03
1.048113015153642191e+00 0.000000000000000000e+00
