1.048113066601954503e-02 7.256673124783138337e+04
1.151395323963562076e-02 0.000000000000000000e+00
1.264855132798976302e-02 7.222535379248665413e+04
1.389495400641860279e-02 1.948182424302924192e+05
1.526417862678452857e-02 1.447064524109076883e+05
1.676832820337198493e-02 0.000000000000000000e+00
1.842069839530119726e-02 6.005267967238723941e+04
2.023589503111089191e-02 1.183951968553539482e+05
2.222996321434766651e-02 1.045066129168681655e+05
2.442052915136719640e-02 1.149361126638672868e+05
2.682695595500901239e-02 1.225863437605879008e+05
2.947051480134291537e-02 1.264064814569618029e+05
3.237457295239669353e-02 1.015616368023345713e+05
3.556480030685772731e-02 1.241098653647408646e+05
3.906939630451649464e-02 1.007288432790923689e+05
4.291933919013282694e-02 8.429513544135395205e+04
4.714865984004791566e-02 8.122167800318563241e+04
5.179474257198286163e-02 8.551181682562785863e+04
5.689865559697841746e-02 7.440918549299203733e+04
6.250551403444545850e-02 7.368321262635766470e+04
6.866487869913283359e-02 6.630423302509688074e+04
7.543119418501802176e-02 6.365717827067449980e+04
8.286427011848424007e-02 5.909918262572496315e+04
9.102980983473445142e-02 5.368870211676083272e+04
9.999999115058272325e-02 4.777644314688128361e+04
1.098541043672585787e-01 4.068648072966223117e+04
1.206792531427361148e-01 3.825346101884535165e+04
1.325711244288214907e-01 3.597084225199666980e+04
1.456348342787200378e-01 3.284390739785689220e+04
1.599858570014452974e-01 2.909586210432997905e+04
1.757510458761641914e-01 2.651981053730306303e+04
1.930697544488981787e-01 2.416383418164322939e+04
2.120950683230800604e-01 2.267292844750430595e+04
2.329951583321586417e-01 2.072882911028413218e+04
2.559547670553742882e-01 1.926993566613880103e+04
2.811768418164965477e-01 1.773198434181289849e+04
3.088843286001189403e-01 1.654573884923479272e+04
3.393221427425128778e-01 1.545575217197431812e+04
3.727593338166072523e-01 1.450567576938029015e+04
4.094914638472018087e-01 1.371336966021703120e+04
4.498432198782237879e-01 1.295675733589794254e+04
4.941712839853393824e-01 1.229891639993938952e+04
5.428674861028858212e-01 1.165262399589000051e+04
5.963622675339625978e-01 1.107638226889012367e+04
6.551284857587630350e-01 1.051978884185425704e+04
7.196855941730535555e-01 1.000712680905984416e+04
7.906042337028588163e-01 9.504891002265838324e+03
8.685112768820903995e-01 9.039142690760681944e+03
9.540953689793428838e-01 8.568711123969413165e+03
1.048113015153642191e+00 0.000000000000000000e+00
