1.048113066601954503e-02 3.129773920853249365e+04
1.151395323963562076e-02 0.000000000000000000e+00
1.264855132798976302e-02 7.655802046633331338e+04
1.389495400641860279e-02 6.168545862385124201e+04
1.526417862678452857e-02 5.649204287288391060e+04
1.676832820337198493e-02 0.000000000000000000e+00
1.842069839530119726e-02 5.845222027301146591e+04
2.023589503111089191e-02 7.951020993738717516e+04
2.222996321434766651e-02 4.982787680834261118e+04
2.442052915136719640e-02 8.053579951538144087e+04
2.682695595500901239e-02 8.562183377684814332e+04
2.947051480134291537e-02 9.080543042807657912e+04
3.237457295239669353e-02 7.028938460175252112e+04
3.556480030685772731e-02 6.380670741141868348e+04
3.906939630451649464e-02 6.501842120901491580e+04
4.291933919013282694e-02 6.379515123796504486e+04
4.714865984004791566e-02 5.811683044923900161e+04
5.179474257198286163e-02 5.800041675842733821e+04
5.689865559697841746e-02 5.225987994590833841e+04
6.250551403444545850e-02 5.309744854289838258e+04
6.866487869913283359e-02 4.784594007027064072e+04
7.543119418501802176e-02 4.560270807951569441e+04
8.286427011848424007e-02 4.039336944408147247e+04
9.102980983473445142e-02 3.668205669365329231e+04
9.999999115058272325e-02 3.201174044447185224e+04
1.098541043672585787e-01 3.012770192905476870e+04
1.206792531427361148e-01 2.734571941832303128e+04
1.325711244288214907e-01 2.510994585518087115e+04
1.456348342787200378e-01 2.285568328639803076e+04
1.599858570014452974e-01 2.035455356255848164e+04
1.757510458761641914e-01 1.847179416552946714e+04
1.930697544488981787e-01 1.696578649280712489e+04
2.120950683230800604e-01 1.546854733137525000e+04
2.329951583321586417e-01 1.416501165978622521e+04
2.559547670553742882e-01 1.296830300149284813e+04
2.811768418164965477e-01 1.193796430243336363e+04
3.088843286001189403e-01 1.102953245580333169e+04
3.393221427425128778e-01 1.018265191798425076e+04
3.727593338166072523e-01 9.425665549192388426e+03
4.094914638472018087e-01 8.833163524027386302e+03
4.498432198782237879e-01 8.291950872991841607e+03
4.941712839853393824e-01 7.778083784413469402e+03
5.428674861028858212e-01 7.343743918654238769e+03
5.963622675339625978e-01 6.959912515604553846e+03
6.551284857587630350e-01 6.618090056689437915e+03
7.196855941730535555e-01 6.272605004013066718e+03
7.906042337028588163e-01 5.993156262490098015e+03
8.685112768820903995e-01 5.686498873800461297e+03
9.540953689793428838e-01 5.415655683723184666e+03
1.048113015153642191e+00 0.000000000000000000e+00
