1.048113066601954503e-02 2.960316923830006635e+04
1.151395323963562076e-02 0.000000000000000000e+00
1.264855132798976302e-02 2.576054592188901006e+04
1.389495400641860279e-02 3.262137757883356971e+04
1.526417862678452857e-02 3.101366137221021563e+04
1.676832820337198493e-02 0.000000000000000000e+00
1.842069839530119726e-02 2.669193758417904974e+04
2.023589503111089191e-02 4.769767022437303967e+04
2.222996321434766651e-02 2.720309871046224725e+04
2.442052915136719640e-02 2.668330234675143583e+04
2.682695595500901239e-02 2.601421530427361722e+04
2.947051480134291537e-02 3.170793731970882072e+04
3.237457295239669353e-02 2.957456276837782934e+04
3.556480030685772731e-02 2.529987915883416281e+04
3.906939630451649464e-02 2.325794237517041620e+04
4.291933919013282694e-02 2.165792804855852592e+04
4.714865984004791566e-02 2.153762748118463423e+04
5.179474257198286163e-02 2.136740234856412644e+04
5.689865559697841746e-02 1.927554453606305105e+04
6.250551403444545850e-02 1.741062400432089999e+04
6.866487869913283359e-02 1.736734115406677665e+04
7.543119418501802176e-02 1.565455248066481545e+04
8.286427011848424007e-02 1.480839154909051103e+04
9.102980983473445142e-02 1.320043387091823570e+04
9.999999115058272325e-02 1.189767345556978762e+04
1.098541043672585787e-01 1.019156586810721456e+04
1.206792531427361148e-01 9.186847391380822955e+03
1.325711244288214907e-01 8.460266434276854852e+03
1.456348342787200378e-01 7.651152945889563853e+03
1.599858570014452974e-01 6.831626635793551031e+03
1.757510458761641914e-01 6.091018391428142422e+03
1.930697544488981787e-01 5.443475057999352430e+03
2.120950683230800604e-01 4.851947567334482301e+03
2.329951583321586417e-01 4.372257886398645496e+03
2.559547670553742882e-01 3.961128279571235453e+03
2.811768418164965477e-01 3.568512978240381472e+03
3.088843286001189403e-01 3.270330083560397270e+03
3.393221427425128778e-01 2.989368515195504187e+03
3.727593338166072523e-01 2.706612893350847116e+03
4.094914638472018087e-01 2.493040336626897897e+03
4.498432198782237879e-01 2.293730267832811933e+03
4.941712839853393824e-01 2.133788221797964525e+03
5.428674861028858212e-01 1.970982737754357004e+03
5.963622675339625978e-01 1.830944523659444258e+03
6.551284857587630350e-01 1.714227608150599963e+03
7.196855941730535555e-01 1.603004082155292508e+03
7.906042337028588163e-01 1.502960207247398102e+03
8.685112768820903995e-01 1.406671812990302215e+03
9.540953689793428838e-01 1.318044471983826043e+03
1.048113015153642191e+00 0.000000000000000000e+00
