1.048113066601954503e-02 1.694552277533115994e+05
1.151395323963562076e-02 0.000000000000000000e+00
1.264855132798976302e-02 1.986279143092784216e+05
1.389495400641860279e-02 4.448801333458024310e+05
1.526417862678452857e-02 3.097117141198383179e+05
1.676832820337198493e-02 0.000000000000000000e+00
1.842069839530119726e-02 3.020387220887281583e+05
2.023589503111089191e-02 3.972779639947962132e+05
2.222996321434766651e-02 3.980929499315862777e+05
2.442052915136719640e-02 4.152172260390105657e+05
2.682695595500901239e-02 2.391135248949960223e+05
2.947051480134291537e-02 2.475943144812764658e+05
3.237457295239669353e-02 2.393135872690964025e+05
3.556480030685772731e-02 1.684296899192839628e+05
3.906939630451649464e-02 1.593841582906206313e+05
4.291933919013282694e-02 1.379959112701509148e+05
4.714865984004791566e-02 1.406738449426182779e+05
5.179474257198286163e-02 1.398973665973880852e+05
5.689865559697841746e-02 1.184602486845347012e+05
6.250551403444545850e-02 1.175681199669774505e+05
6.866487869913283359e-02 1.093077920128549304e+05
7.543119418501802176e-02 9.594034376298292773e+04
8.286427011848424007e-02 7.950192586187197594e+04
9.102980983473445142e-02 7.093783330843423028e+04
9.999999115058272325e-02 6.141194389186527405e+04
1.098541043672585787e-01 5.581502863494306803e+04
1.206792531427361148e-01 5.383175067996564030e+04
1.325711244288214907e-01 4.674083773014851613e+04
1.456348342787200378e-01 4.211406013675495342e+04
1.599858570014452974e-01 3.791818774759137887e+04
1.757510458761641914e-01 3.403033449728913547e+04
1.930697544488981787e-01 3.138111050245735896e+04
2.120950683230800604e-01 2.845495773240670314e+04
2.329951583321586417e-01 2.612169420819351581e+04
2.559547670553742882e-01 2.414454257009962384e+04
2.811768418164965477e-01 2.235939368939825363e+04
3.088843286001189403e-01 2.067772292142076913e+04
3.393221427425128778e-01 1.937468902864884149e+04
3.727593338166072523e-01 1.798490952038997057e+04
4.094914638472018087e-01 1.686163274130831996e+04
4.498432198782237879e-01 1.590227299851112912e+04
4.941712839853393824e-01 1.503486853395898652e+04
5.428674861028858212e-01 1.426266838614482185e+04
5.963622675339625978e-01 1.347898033079403103e+04
6.551284857587630350e-01 1.280366642367261011e+04
7.196855941730535555e-01 1.210392589298967869e+04
7.906042337028588163e-01 1.142776341276895073e+04
8.685112768820903995e-01 1.079405160450692711e+04
9.540953689793428838e-01 1.017458257713153762e+04
1.048113015153642191e+00 0.000000000000000000e+00
