1.048113066601954503e-02 1.090345529473555507e+04
1.151395323963562076e-02 0.000000000000000000e+00
1.264855132798976302e-02 2.882212723981055751e+04
1.389495400641860279e-02 2.855540726290084422e+04
1.526417862678452857e-02 3.042824249877305556e+04
1.676832820337198493e-02 0.000000000000000000e+00
1.842069839530119726e-02 3.500645297604556981e+04
2.023589503111089191e-02 3.554155771478325187e+04
2.222996321434766651e-02 1.980679911555336730e+04
2.442052915136719640e-02 4.232584182051442622e+04
2.682695595500901239e-02 3.071011415928502538e+04
2.947051480134291537e-02 2.477362876845002756e+04
3.237457295239669353e-02 3.356545712030198047e+04
3.556480030685772731e-02 3.756189013938617427e+04
3.906939630451649464e-02 3.145293077254556556e+04
4.291933919013282694e-02 2.936855250811465521e+04
4.714865984004791566e-02 2.741500494110926229e+04
5.179474257198286163e-02 2.810110792563127325e+04
5.689865559697841746e-02 2.536003392177349451e+04
6.250551403444545850e-02 2.444149314946161758e+04
6.866487869913283359e-02 2.373256123614747048e+04
7.543119418501802176e-02 2.241991765717501039e+04
8.286427011848424007e-02 2.043673813238420553e+04
9.102980983473445142e-02 1.745097476319474663e+04
9.999999115058272325e-02 1.650519868554615459e+04
1.098541043672585787e-01 1.528373613873965041e+04
1.206792531427361148e-01 1.414319571515348252e+04
1.325711244288214907e-01 1.303104376252427755e+04
1.456348342787200378e-01 1.159646125899099388e+04
1.599858570014452974e-01 1.046584079866541651e+04
1.757510458761641914e-01 9.363767352861750624e+03
1.930697544488981787e-01 8.535840805295238169e+03
2.120950683230800604e-01 7.616211730094046288e+03
2.329951583321586417e-01 6.817322986297072930e+03
2.559547670553742882e-01 6.265594527479586759e+03
2.811768418164965477e-01 5.670262872244338723e+03
3.088843286001189403e-01 5.156486738995177802e+03
3.393221427425128778e-01 4.716113890865900430e+03
3.727593338166072523e-01 4.324214000678580305e+03
4.094914638472018087e-01 4.000840349926011186e+03
4.498432198782237879e-01 3.700003825154786682e+03
4.941712839853393824e-01 3.432996552108573269e+03
5.428674861028858212e-01 3.196740780745142729e+03
5.963622675339625978e-01 2.984150186515948917e+03
6.551284857587630350e-01 2.806199654523297795e+03
7.196855941730535555e-01 2.642087993493176782e+03
7.906042337028588163e-01 2.497140122217803309e+03
8.685112768820903995e-01 2.369313778595684198e+03
9.540953689793428838e-01 2.252360885123361186e+03
1.048113015153642191e+00 0.000000000000000000e+00
