1.048113066601954503e-02 1.015439198698440159e+05
1.151395323963562076e-02 0.000000000000000000e+00
1.264855132798976302e-02 4.492364967762770830e+05
1.389495400641860279e-02 2.223321993959684914e+05
1.526417862678452857e-02 3.362103459327666787e+05
1.676832820337198493e-02 0.000000000000000000e+00
1.842069839530119726e-02 1.855774878928469843e+05
2.023589503111089191e-02 2.144396710170851438e+05
2.222996321434766651e-02 1.952789212722638331e+05
2.442052915136719640e-02 1.711664079259544669e+05
2.682695595500901239e-02 1.480225161182354204e+05
2.947051480134291537e-02 1.604999831760792295e+05
3.237457295239669353e-02 1.631343694664498325e+05
3.556480030685772731e-02 1.093358255774536083e+05
3.906939630451649464e-02 9.075118241131149989e+04
4.291933919013282694e-02 8.717890985435196490e+04
4.714865984004791566e-02 7.920158801751566352e+04
5.179474257198286163e-02 7.201224782274558675e+04
5.689865559697841746e-02 7.331167382828648260e+04
6.250551403444545850e-02 7.459816664433428377e+04
6.866487869913283359e-02 6.447773091170149564e+04
7.543119418501802176e-02 5.115136119201320980e+04
8.286427011848424007e-02 4.152501516322715179e+04
9.102980983473445142e-02 3.462473145989484328e+04
9.999999115058272325e-02 3.216865439146658173e+04
1.098541043672585787e-01 3.116374876924388082e+04
1.206792531427361148e-01 2.905507018905672157e+04
1.325711244288214907e-01 2.471669159366720487e+04
1.456348342787200378e-01 2.108243593758728821e+04
1.599858570014452974e-01 1.886777575142146452e+04
1.757510458761641914e-01 1.764549780996956906e+04
1.930697544488981787e-01 1.569656801981624449e+04
2.120950683230800604e-01 1.387460552776110126e+04
2.329951583321586417e-01 1.266301976991071933e+04
2.559547670553742882e-01 1.163898389292142747e+04
2.811768418164965477e-01 1.053900304402526308e+04
3.088843286001189403e-01 9.656967018822359023e+03
3.393221427425128778e-01 8.881876940191652466e+03
3.727593338166072523e-01 8.220370947566894756e+03
4.094914638472018087e-01 7.629398931568158332e+03
4.498432198782237879e-01 7.118508374330553124e+03
4.941712839853393824e-01 6.668308400035347404e+03
5.428674861028858212e-01 6.232098574973631912e+03
5.963622675339625978e-01 5.847498697679373436e+03
6.551284857587630350e-01 5.494574000690136018e+03
7.196855941730535555e-01 5.193345458192654405e+03
7.906042337028588163e-01 4.896561123503943236e+03
8.685112768820903995e-01 4.627155411123743761e+03
9.540953689793428838e-01 4.365519174462348019e+03
1.048113015153642191e+00 0.000000000000000000e+00
