1.048113066601954503e-02 8.501632760898533161e+04
1.151395323963562076e-02 0.000000000000000000e+00
1.264855132798976302e-02 6.264736462046192173e+04
1.389495400641860279e-02 6.070201080918149091e+04
1.526417862678452857e-02 4.724686517727960018e+04
1.676832820337198493e-02 0.000000000000000000e+00
1.842069839530119726e-02 6.594769609059409413e+04
2.023589503111089191e-02 4.785574681577535375e+04
2.222996321434766651e-02 5.101333493101908243e+04
2.442052915136719640e-02 5.216151251615009096e+04
2.682695595500901239e-02 5.130818439042683895e+04
2.947051480134291537e-02 4.313226012383688067e+04
3.237457295239669353e-02 5.531305113087008067e+04
3.556480030685772731e-02 5.270193284581366606e+04
3.906939630451649464e-02 4.190370411239554960e+04
4.291933919013282694e-02 3.925738383492489811e+04
4.714865984004791566e-02 3.974747609564582672e+04
5.179474257198286163e-02 3.851387732021587726e+04
5.689865559697841746e-02 3.527098682754763286e+04
6.250551403444545850e-02 3.173996290327776660e+04
6.866487869913283359e-02 2.999348975231145960e+04
7.543119418501802176e-02 2.692001674333018309e+04
8.286427011848424007e-02 2.504546433491481730e+04
9.102980983473445142e-02 2.399935514547477214e+04
9.999999115058272325e-02 2.042330947141200886e+04
1.098541043672585787e-01 1.852447774945845231e+04
1.206792531427361148e-01 1.682132277775211332e+04
1.325711244288214907e-01 1.523259354613210235e+04
1.456348342787200378e-01 1.408219748191007238e+04
1.599858570014452974e-01 1.238099806276167692e+04
1.757510458761641914e-01 1.134331015840663895e+04
1.930697544488981787e-01 1.017154442992003715e+04
2.120950683230800604e-01 9.373376841147788582e+03
2.329951583321586417e-01 8.401660419252855718e+03
2.559547670553742882e-01 7.796787535454152021e+03
2.811768418164965477e-01 7.077398452026742234e+03
3.088843286001189403e-01 6.530786011430970575e+03
3.393221427425128778e-01 6.038004358243628303e+03
3.727593338166072523e-01 5.598298056595124763e+03
4.094914638472018087e-01 5.203327932875586157e+03
4.498432198782237879e-01 4.870720186285741875e+03
4.941712839853393824e-01 4.583447045707869620e+03
5.428674861028858212e-01 4.307305891893223816e+03
5.963622675339625978e-01 4.046778122370268648e+03
6.551284857587630350e-01 3.819094998957876669e+03
7.196855941730535555e-01 3.597532100669135616e+03
7.906042337028588163e-01 3.400174602077431700e+03
8.685112768820903995e-01 3.198869037722914527e+03
9.540953689793428838e-01 3.012444131556469074e+03
1.048113015153642191e+00 0.000000000000000000e+00
