1.048113066601954503e-02 6.023414176189054706e+04
1.151395323963562076e-02 0.000000000000000000e+00
1.264855132798976302e-02 8.611813783060933929e+04
1.389495400641860279e-02 1.404744425345789059e+05
1.526417862678452857e-02 1.044958429786220659e+05
1.676832820337198493e-02 0.000000000000000000e+00
1.842069839530119726e-02 1.558661833984252007e+05
2.023589503111089191e-02 1.573071343065291876e+05
2.222996321434766651e-02 1.200691260631101468e+05
2.442052915136719640e-02 1.309252032640043180e+05
2.682695595500901239e-02 8.093846964044836932e+04
2.947051480134291537e-02 1.034928964689503046e+05
3.237457295239669353e-02 8.644930723452249367e+04
3.556480030685772731e-02 7.312777032555633923e+04
3.906939630451649464e-02 6.462885426008226932e+04
4.291933919013282694e-02 6.487193386227468000e+04
4.714865984004791566e-02 6.230379926959066506e+04
5.179474257198286163e-02 5.733017420427931211e+04
5.689865559697841746e-02 5.291346843547617027e+04
6.250551403444545850e-02 4.771449281777591386e+04
6.866487869913283359e-02 4.408411020605908561e+04
7.543119418501802176e-02 4.223645065573124884e+04
8.286427011848424007e-02 3.653738185076710215e+04
9.102980983473445142e-02 3.052065306881530341e+04
9.999999115058272325e-02 2.658023058154604951e+04
1.098541043672585787e-01 2.472168031773166877e+04
1.206792531427361148e-01 2.344982535429050040e+04
1.325711244288214907e-01 2.063318444323892254e+04
1.456348342787200378e-01 1.800898098236069200e+04
1.599858570014452974e-01 1.637188213903825999e+04
1.757510458761641914e-01 1.485591929946854725e+04
1.930697544488981787e-01 1.339965952117192137e+04
2.120950683230800604e-01 1.223588418776049366e+04
2.329951583321586417e-01 1.101237581095417045e+04
2.559547670553742882e-01 1.010941010591754275e+04
2.811768418164965477e-01 9.241029237464485050e+03
3.088843286001189403e-01 8.557480282545730006e+03
3.393221427425128778e-01 7.993380763793745245e+03
3.727593338166072523e-01 7.447830572194916385e+03
4.094914638472018087e-01 6.938469562048381704e+03
4.498432198782237879e-01 6.498585161616008008e+03
4.941712839853393824e-01 6.072257660769284485e+03
5.428674861028858212e-01 5.727367438965908150e+03
5.963622675339625978e-01 5.398652349705291272e+03
6.551284857587630350e-01 5.096513068381864286e+03
7.196855941730535555e-01 4.811293449235709886e+03
7.906042337028588163e-01 4.537542168882513579e+03
8.685112768820903995e-01 4.268157662556537616e+03
9.540953689793428838e-01 4.016470001233369203e+03
1.048113015153642191e+00 0.000000000000000000e+00
