1.048113066601954503e-02 1.677702163616640246e+04
1.151395323963562076e-02 0.000000000000000000e+00
1.264855132798976302e-02 5.330739518387448334e+04
1.389495400641860279e-02 3.282787924587377347e+04
1.526417862678452857e-02 5.171560754756233655e+04
1.676832820337198493e-02 0.000000000000000000e+00
1.842069839530119726e-02 3.477642795846879744e+04
2.023589503111089191e-02 3.202708721107916790e+04
2.222996321434766651e-02 2.841817226310926344e+04
2.442052915136719640e-02 2.586915672637852185e+04
2.682695595500901239e-02 4.351724842146386800e+04
2.947051480134291537e-02 3.184766510328701406e+04
3.237457295239669353e-02 3.069670194570237800e+04
3.556480030685772731e-02 2.879859267805776472e+04
3.906939630451649464e-02 2.849463546286640485e+04
4.291933919013282694e-02 2.752399950417373111e+04
4.714865984004791566e-02 2.607148497453872551e+04
5.179474257198286163e-02 2.233025041494067773e+04
5.689865559697841746e-02 2.224849536658651778e+04
6.250551403444545850e-02 2.074545608010953219e+04
6.866487869913283359e-02 1.856636553391757116e+04
7.543119418501802176e-02 1.809234537539451048e+04
8.286427011848424007e-02 1.629902405824546076e+04
9.102980983473445142e-02 1.393086291789301686e+04
9.999999115058272325e-02 1.246940957961399909e+04
1.098541043672585787e-01 1.137375088359370784e+04
1.206792531427361148e-01 1.027480636584911372e+04
1.325711244288214907e-01 8.869734973224181886e+03
1.456348342787200378e-01 8.287888354019305552e+03
1.599858570014452974e-01 7.264061952595947332e+03
1.757510458761641914e-01 6.324298195104493061e+03
1.930697544488981787e-01 5.648987088394083912e+03
2.120950683230800604e-01 5.105973618913847531e+03
2.329951583321586417e-01 4.519788852074217175e+03
2.559547670553742882e-01 4.056673690733551666e+03
2.811768418164965477e-01 3.645377569920827682e+03
3.088843286001189403e-01 3.288674731038906884e+03
3.393221427425128778e-01 2.992994673516981038e+03
3.727593338166072523e-01 2.710972008421187184e+03
4.094914638472018087e-01 2.485000375213430743e+03
4.498432198782237879e-01 2.272877485899853582e+03
4.941712839853393824e-01 2.091500042999738525e+03
5.428674861028858212e-01 1.937259964658758236e+03
5.963622675339625978e-01 1.792323597059554459e+03
6.551284857587630350e-01 1.665054952928646799e+03
7.196855941730535555e-01 1.553243116887334736e+03
7.906042337028588163e-01 1.452362015256376026e+03
8.685112768820903995e-01 1.354742828408404648e+03
9.540953689793428838e-01 1.268775248768491792e+03
1.048113015153642191e+00 0.000000000000000000e+00
