1.048113066601954503e-02 1.767525944933051360e+05
1.151395323963562076e-02 0.000000000000000000e+00
1.264855132798976302e-02 1.177423901787789364e+05
1.389495400641860279e-02 1.407301207308763114e+05
1.526417862678452857e-02 1.414904662063808064e+05
1.676832820337198493e-02 0.000000000000000000e+00
1.842069839530119726e-02 7.376131530937011121e+04
2.023589503111089191e-02 1.051964254811879073e+05
2.222996321434766651e-02 9.574465601094953308e+04
2.442052915136719640e-02 1.555137730046010111e+05
2.682695595500901239e-02 1.169189626433306403e+05
2.947051480134291537e-02 9.868531257764360635e+04
3.237457295239669353e-02 1.073924937375525915e+05
3.556480030685772731e-02 1.077511270440872322e+05
3.906939630451649464e-02 8.629214238752677920e+04
4.291933919013282694e-02 8.348323693926555279e+04
4.714865984004791566e-02 7.686757969919304014e+04
5.179474257198286163e-02 7.036632233503695170e+04
5.689865559697841746e-02 6.663289715409357450e+04
6.250551403444545850e-02 6.305979627297005209e+04
6.866487869913283359e-02 5.976674615878342593e+04
7.543119418501802176e-02 5.394636155876125122e+04
8.286427011848424007e-02 4.788492149468070420e+04
9.102980983473445142e-02 4.118700815226872510e+04
9.999999115058272325e-02 3.571776462280735723e+04
1.098541043672585787e-01 3.226222525628559015e+04
1.206792531427361148e-01 2.944917913287103875e+04
1.325711244288214907e-01 2.714400638350864028e+04
1.456348342787200378e-01 2.482052609794813179e+04
1.599858570014452974e-01 2.132842501413424179e+04
1.757510458761641914e-01 1.921585910873200555e+04
1.930697544488981787e-01 1.760923851839710187e+04
2.120950683230800604e-01 1.594324266039018039e+04
2.329951583321586417e-01 1.452490021911876283e+04
2.559547670553742882e-01 1.322178895291850313e+04
2.811768418164965477e-01 1.206514724952518372e+04
3.088843286001189403e-01 1.109723330166231608e+04
3.393221427425128778e-01 1.016490841276190440e+04
3.727593338166072523e-01 9.499622765707536018e+03
4.094914638472018087e-01 8.850635035992725534e+03
4.498432198782237879e-01 8.238095942407220718e+03
4.941712839853393824e-01 7.700171994249401905e+03
5.428674861028858212e-01 7.224993185318823635e+03
5.963622675339625978e-01 6.813341060033908434e+03
6.551284857587630350e-01 6.416765151573298681e+03
7.196855941730535555e-01 6.044604243889023564e+03
7.906042337028588163e-01 5.720388812422354022e+03
8.685112768820903995e-01 5.415553738450502351e+03
9.540953689793428838e-01 5.122692998728747625e+03
1.048113015153642191e+00 0.000000000000000000e+00
