1.048113066601954503e-02 1.281975220619530955e+04
1.151395323963562076e-02 0.000000000000000000e+00
1.264855132798976302e-02 3.136087106948108340e+04
1.389495400641860279e-02 2.527605044242928852e+04
1.526417862678452857e-02 2.314207858356962242e+04
1.676832820337198493e-02 0.000000000000000000e+00
1.842069839530119726e-02 2.399416658474820724e+04
2.023589503111089191e-02 3.257602243096883467e+04
2.222996321434766651e-02 2.034000557419708275e+04
2.442052915136719640e-02 3.294474647303692473e+04
2.682695595500901239e-02 3.508041355456789461e+04
2.947051480134291537e-02 3.704378784781932336e+04
3.237457295239669353e-02 2.878332648737481213e+04
3.556480030685772731e-02 2.609444338900655202e+04
3.906939630451649464e-02 2.660510434560513750e+04
4.291933919013282694e-02 2.603707383010538979e+04
4.714865984004791566e-02 2.370011442901827104e+04
5.179474257198286163e-02 2.362249848124886921e+04
5.689865559697841746e-02 2.124125590073803323e+04
6.250551403444545850e-02 2.155510747598633316e+04
6.866487869913283359e-02 1.936086371939328819e+04
7.543119418501802176e-02 1.840896988354412679e+04
8.286427011848424007e-02 1.626849447175440946e+04
9.102980983473445142e-02 1.472301208212810707e+04
9.999999115058272325e-02 1.279836253322439552e+04
1.098541043672585787e-01 1.200336387032503626e+04
1.206792531427361148e-01 1.084466008065587994e+04
1.325711244288214907e-01 9.903499464916063516e+03
1.456348342787200378e-01 8.952765693053737778e+03
1.599858570014452974e-01 7.924357803758682167e+03
1.757510458761641914e-01 7.142152049353013354e+03
1.930697544488981787e-01 6.507758446209541944e+03
2.120950683230800604e-01 5.885185443054734606e+03
2.329951583321586417e-01 5.343867762166489229e+03
2.559547670553742882e-01 4.848812780584198663e+03
2.811768418164965477e-01 4.422576599861598879e+03
3.088843286001189403e-01 4.045331965946776108e+03
3.393221427425128778e-01 3.698089489663197128e+03
3.727593338166072523e-01 3.389650340328732455e+03
4.094914638472018087e-01 3.144994203006614043e+03
4.498432198782237879e-01 2.922496709427759924e+03
4.941712839853393824e-01 2.714801405560490821e+03
5.428674861028858212e-01 2.536966410533551880e+03
5.963622675339625978e-01 2.380219178281314271e+03
6.551284857587630350e-01 2.240347628486647864e+03
7.196855941730535555e-01 2.102511122383936709e+03
7.906042337028588163e-01 1.988211749924465494e+03
8.685112768820903995e-01 1.867272103801436742e+03
9.540953689793428838e-01 1.760271947984268081e+03
1.048113015153642191e+00 0.000000000000000000e+00
