1.048113066601954503e-02 1.554656022939572809e+06
1.151395323963562076e-02 0.000000000000000000e+00
1.264855132798976302e-02 9.267440667953554075e+05
1.389495400641860279e-02 1.584312840163214132e+06
1.526417862678452857e-02 1.083423284291069023e+06
1.676832820337198493e-02 0.000000000000000000e+00
1.842069839530119726e-02 9.116661389640092384e+05
2.023589503111089191e-02 1.276759286757419119e+06
2.222996321434766651e-02 7.257091424247965915e+05
2.442052915136719640e-02 5.193269722823629272e+05
2.682695595500901239e-02 4.010151270987573080e+05
2.947051480134291537e-02 3.031980012826650636e+05
3.237457295239669353e-02 1.719685776507965638e+05
3.556480030685772731e-02 1.481452881354028068e+05
3.906939630451649464e-02 1.304597424076984462e+05
4.291933919013282694e-02 1.216252768011927255e+05
4.714865984004791566e-02 1.193048285120647051e+05
5.179474257198286163e-02 1.345684086523583974e+05
5.689865559697841746e-02 1.457228849821452168e+05
6.250551403444545850e-02 1.632631645201357896e+05
6.866487869913283359e-02 1.260150291073914268e+05
7.543119418501802176e-02 9.664032818225605297e+04
8.286427011848424007e-02 7.084390060634048132e+04
9.102980983473445142e-02 5.884676947389385168e+04
9.999999115058272325e-02 5.574683922493122373e+04
1.098541043672585787e-01 5.611427396139456687e+04
1.206792531427361148e-01 4.908402476277198002e+04
1.325711244288214907e-01 4.127626444850605185e+04
1.456348342787200378e-01 3.640576071457544458e+04
1.599858570014452974e-01 3.250499748897413519e+04
1.757510458761641914e-01 2.929120860659324535e+04
1.930697544488981787e-01 2.683589654227631399e+04
2.120950683230800604e-01 2.406402320660166151e+04
2.329951583321586417e-01 2.175558765114078051e+04
2.559547670553742882e-01 1.995656170011382346e+04
2.811768418164965477e-01 1.824694189521089720e+04
3.088843286001189403e-01 1.692199923765696803e+04
3.393221427425128778e-01 1.557537681906569196e+04
3.727593338166072523e-01 1.449513683655855493e+04
4.094914638472018087e-01 1.361604204683199714e+04
4.498432198782237879e-01 1.266319704885443571e+04
4.941712839853393824e-01 1.189754410567751256e+04
5.428674861028858212e-01 1.106842766614898574e+04
5.963622675339625978e-01 1.037356103149498085e+04
6.551284857587630350e-01 9.724790816690190695e+03
7.196855941730535555e-01 9.090890181650709565e+03
7.906042337028588163e-01 8.507934594402475341e+03
8.685112768820903995e-01 7.926647052795207856e+03
9.540953689793428838e-01 7.363247179177358703e+03
1.048113015153642191e+00 0.000000000000000000e+00
