1.048113066601954503e-02 2.778515844107390876e+04
1.151395323963562076e-02 0.000000000000000000e+00
1.264855132798976302e-02 3.921983821872885892e+04
1.389495400641860279e-02 4.839733743322289956e+04
1.526417862678452857e-02 2.463699217514627890e+04
1.676832820337198493e-02 0.000000000000000000e+00
1.842069839530119726e-02 2.772425038948693691e+04
2.023589503111089191e-02 2.746928783515833493e+04
2.222996321434766651e-02 4.433815892231297767e+04
2.442052915136719640e-02 3.065831447687136097e+04
2.682695595500901239e-02 3.435232221854076488e+04
2.947051480134291537e-02 2.891389093051073360e+04
3.237457295239669353e-02 2.851557381107908441e+04
3.556480030685772731e-02 2.369338002931305164e+04
3.906939630451649464e-02 2.442150145092979074e+04
4.291933919013282694e-02 1.935072456904274077e+04
4.714865984004791566e-02 1.841243238782105982e+04
5.179474257198286163e-02 1.776205242869903304e+04
5.689865559697841746e-02 1.592840307882881461e+04
6.250551403444545850e-02 1.402526288855385064e+04
6.866487869913283359e-02 1.382449007635202361e+04
7.543119418501802176e-02 1.203359994490243116e+04
8.286427011848424007e-02 1.008181521873507154e+04
9.102980983473445142e-02 8.944721612371677111e+03
9.999999115058272325e-02 8.176195537974624131e+03
1.098541043672585787e-01 7.135630576299860877e+03
1.206792531427361148e-01 6.444299853617630106e+03
1.325711244288214907e-01 5.722436849059595261e+03
1.456348342787200378e-01 4.804151768903082484e+03
1.599858570014452974e-01 4.251149787114572973e+03
1.757510458761641914e-01 3.798770438843569082e+03
1.930697544488981787e-01 3.393544755373565749e+03
2.120950683230800604e-01 2.895705956666409747e+03
2.329951583321586417e-01 2.562750174962750862e+03
2.559547670553742882e-01 2.265693054205697990e+03
2.811768418164965477e-01 2.017864246983280964e+03
3.088843286001189403e-01 1.781362616040054490e+03
3.393221427425128778e-01 1.586466471261875995e+03
3.727593338166072523e-01 1.412784007288380508e+03
4.094914638472018087e-01 1.266032868086537292e+03
4.498432198782237879e-01 1.145289568503814735e+03
4.941712839853393824e-01 1.031700657811546307e+03
5.428674861028858212e-01 9.362911758200016266e+02
5.963622675339625978e-01 8.525833333513927528e+02
6.551284857587630350e-01 7.785587827105613314e+02
7.196855941730535555e-01 7.145622640483552459e+02
7.906042337028588163e-01 6.571119659964464290e+02
8.685112768820903995e-01 6.062939456609317403e+02
9.540953689793428838e-01 5.619294381363738466e+02
1.048113015153642191e+00 0.000000000000000000e+00
