1.048113066601954503e-02 2.524825232037774986e+05
1.151395323963562076e-02 0.000000000000000000e+00
1.264855132798976302e-02 1.727973008890057681e+05
1.389495400641860279e-02 2.678727720294626779e+05
1.526417862678452857e-02 3.700081367684720317e+05
1.676832820337198493e-02 0.000000000000000000e+00
1.842069839530119726e-02 2.703474017072260031e+05
2.023589503111089191e-02 1.468920625994514558e+05
2.222996321434766651e-02 2.028460032951386238e+05
2.442052915136719640e-02 1.508129866803290788e+05
2.682695595500901239e-02 1.243113171468434157e+05
2.947051480134291537e-02 1.278966168433013954e+05
3.237457295239669353e-02 8.902861154583825555e+04
3.556480030685772731e-02 1.055171479118718271e+05
3.906939630451649464e-02 7.627830088907020399e+04
4.291933919013282694e-02 6.961362387337394466e+04
4.714865984004791566e-02 6.061132449341335450e+04
5.179474257198286163e-02 5.828021818492496095e+04
5.689865559697841746e-02 6.408266959338713787e+04
6.250551403444545850e-02 5.734293460129789310e+04
6.866487869913283359e-02 4.731886187411582796e+04
7.543119418501802176e-02 3.535875896350589755e+04
8.286427011848424007e-02 2.744828356229276324e+04
9.102980983473445142e-02 2.342721020572969428e+04
9.999999115058272325e-02 2.187069741046400304e+04
1.098541043672585787e-01 2.149628143265149265e+04
1.206792531427361148e-01 1.853162599377059087e+04
1.325711244288214907e-01 1.449684120426371010e+04
1.456348342787200378e-01 1.228769079820378101e+04
1.599858570014452974e-01 1.125464170802201625e+04
1.757510458761641914e-01 9.708629205731878756e+03
1.930697544488981787e-01 8.379483243940576358e+03
2.120950683230800604e-01 7.364851934482370780e+03
2.329951583321586417e-01 6.530617546172934453e+03
2.559547670553742882e-01 5.732574441375792958e+03
2.811768418164965477e-01 5.053668848195815372e+03
3.088843286001189403e-01 4.473006744597258148e+03
3.393221427425128778e-01 4.039639197500086993e+03
3.727593338166072523e-01 3.592607272494617064e+03
4.094914638472018087e-01 3.237148013826553324e+03
4.498432198782237879e-01 2.929080330154031799e+03
4.941712839853393824e-01 2.654997003440998014e+03
5.428674861028858212e-01 2.420655022353701497e+03
5.963622675339625978e-01 2.224085432385434615e+03
6.551284857587630350e-01 2.037772777636942010e+03
7.196855941730535555e-01 1.874656915543763716e+03
7.906042337028588163e-01 1.735469231424146756e+03
8.685112768820903995e-01 1.606124684414904095e+03
9.540953689793428838e-01 1.492958517286927872e+03
1.048113015153642191e+00 0.000000000000000000e+00
