1.048113066601954503e-02 6.975525737587895128e+04
1.151395323963562076e-02 0.000000000000000000e+00
1.264855132798976302e-02 4.337127982591799810e+04
1.389495400641860279e-02 8.832607934607834613e+04
1.526417862678452857e-02 9.259856273240588780e+04
1.676832820337198493e-02 0.000000000000000000e+00
1.842069839530119726e-02 1.055794401997648529e+05
2.023589503111089191e-02 8.674143854482276947e+04
2.222996321434766651e-02 5.740375240617689997e+04
2.442052915136719640e-02 8.358174015338988102e+04
2.682695595500901239e-02 9.579490397937425587e+04
2.947051480134291537e-02 1.070656031275804417e+05
3.237457295239669353e-02 8.554692914855811978e+04
3.556480030685772731e-02 7.670705764343726332e+04
3.906939630451649464e-02 6.410442992295056320e+04
4.291933919013282694e-02 6.743840569768715068e+04
4.714865984004791566e-02 5.709549975592209375e+04
5.179474257198286163e-02 5.397176367217165534e+04
5.689865559697841746e-02 5.660772648328751529e+04
6.250551403444545850e-02 5.105543922500771441e+04
6.866487869913283359e-02 5.039235609216709418e+04
7.543119418501802176e-02 4.186807906924928830e+04
8.286427011848424007e-02 3.916459423049950419e+04
9.102980983473445142e-02 3.538933035703817586e+04
9.999999115058272325e-02 2.897145595354486068e+04
1.098541043672585787e-01 2.638123959053335784e+04
1.206792531427361148e-01 2.516909997543443751e+04
1.325711244288214907e-01 2.330377710437078349e+04
1.456348342787200378e-01 2.030658437130157108e+04
1.599858570014452974e-01 1.785104982890079191e+04
1.757510458761641914e-01 1.643373341715626520e+04
1.930697544488981787e-01 1.521458099742785271e+04
2.120950683230800604e-01 1.375885081517270191e+04
2.329951583321586417e-01 1.253465855934336287e+04
2.559547670553742882e-01 1.159964199370854112e+04
2.811768418164965477e-01 1.072503100962934514e+04
3.088843286001189403e-01 9.915827916085401739e+03
3.393221427425128778e-01 9.158385384215582235e+03
3.727593338166072523e-01 8.533608177016587433e+03
4.094914638472018087e-01 8.024897940555396417e+03
4.498432198782237879e-01 7.547319044316097461e+03
4.941712839853393824e-01 7.109939979966417923e+03
5.428674861028858212e-01 6.735933418597054697e+03
5.963622675339625978e-01 6.355354378449761498e+03
6.551284857587630350e-01 6.028454637986887974e+03
7.196855941730535555e-01 5.723340501720489556e+03
7.906042337028588163e-01 5.418823703767483494e+03
8.685112768820903995e-01 5.118263841287692230e+03
9.540953689793428838e-01 4.842668805383927975e+03
1.048113015153642191e+00 0.000000000000000000e+00
