1.048113066601954503e-02 2.514116886627013446e+04
1.151395323963562076e-02 0.000000000000000000e+00
1.264855132798976302e-02 5.016622283083845832e+04
1.389495400641860279e-02 4.509760697613457887e+04
1.526417862678452857e-02 6.908952395698909822e+04
1.676832820337198493e-02 0.000000000000000000e+00
1.842069839530119726e-02 5.257225559076595528e+04
2.023589503111089191e-02 2.811126933433298473e+04
2.222996321434766651e-02 3.255729829182989852e+04
2.442052915136719640e-02 3.184235218843621624e+04
2.682695595500901239e-02 4.828864454668317921e+04
2.947051480134291537e-02 5.704916878465958871e+04
3.237457295239669353e-02 5.369208498729178973e+04
3.556480030685772731e-02 5.875747704650524247e+04
3.906939630451649464e-02 5.920306515662939637e+04
4.291933919013282694e-02 4.828018904116184422e+04
4.714865984004791566e-02 4.368351603270720807e+04
5.179474257198286163e-02 4.200065799494438397e+04
5.689865559697841746e-02 4.267807237372496456e+04
6.250551403444545850e-02 3.932911181696980930e+04
6.866487869913283359e-02 3.556316213011375658e+04
7.543119418501802176e-02 3.459046484679156129e+04
8.286427011848424007e-02 3.434324197985208593e+04
9.102980983473445142e-02 3.155319045523152454e+04
9.999999115058272325e-02 2.768417953384449356e+04
1.098541043672585787e-01 2.382764014328129633e+04
1.206792531427361148e-01 2.199436881376460224e+04
1.325711244288214907e-01 2.014857995111436321e+04
1.456348342787200378e-01 1.900739253489021212e+04
1.599858570014452974e-01 1.739206229663027989e+04
1.757510458761641914e-01 1.548767415935546705e+04
1.930697544488981787e-01 1.410395823094290608e+04
2.120950683230800604e-01 1.295597454451551675e+04
2.329951583321586417e-01 1.184679564351232329e+04
2.559547670553742882e-01 1.090501153532900571e+04
2.811768418164965477e-01 9.919589203791882028e+03
3.088843286001189403e-01 9.208555765751367289e+03
3.393221427425128778e-01 8.482754132129095524e+03
3.727593338166072523e-01 7.848553880393035797e+03
4.094914638472018087e-01 7.357595567973190555e+03
4.498432198782237879e-01 6.917396167386013076e+03
4.941712839853393824e-01 6.505272397255366741e+03
5.428674861028858212e-01 6.141814310484944144e+03
5.963622675339625978e-01 5.792636174272927747e+03
6.551284857587630350e-01 5.506272851833946333e+03
7.196855941730535555e-01 5.229247897690718673e+03
7.906042337028588163e-01 4.974607459881375689e+03
8.685112768820903995e-01 4.750348777089233408e+03
9.540953689793428838e-01 4.537651512012518651e+03
1.048113015153642191e+00 0.000000000000000000e+00
