1.048113066601954503e-02 9.815805550444092660e+03
1.151395323963562076e-02 0.000000000000000000e+00
1.264855132798976302e-02 2.253059729538947431e+04
1.389495400641860279e-02 3.298357831166635151e+04
1.526417862678452857e-02 3.162456426503410330e+04
1.676832820337198493e-02 0.000000000000000000e+00
1.842069839530119726e-02 4.365094709650943696e+04
2.023589503111089191e-02 2.883615917330186858e+04
2.222996321434766651e-02 3.482512124677950487e+04
2.442052915136719640e-02 3.723366646851912810e+04
2.682695595500901239e-02 2.843710612870800469e+04
2.947051480134291537e-02 3.296274123939767014e+04
3.237457295239669353e-02 3.505723650612353958e+04
3.556480030685772731e-02 3.289815206546072295e+04
3.906939630451649464e-02 2.868527970888893105e+04
4.291933919013282694e-02 2.713954663625819740e+04
4.714865984004791566e-02 2.678857294917192485e+04
5.179474257198286163e-02 2.688790307295066305e+04
5.689865559697841746e-02 2.180634922330729023e+04
6.250551403444545850e-02 2.263584620835137321e+04
6.866487869913283359e-02 2.222221441358757147e+04
7.543119418501802176e-02 2.155030611694187610e+04
8.286427011848424007e-02 2.041606780961015829e+04
9.102980983473445142e-02 1.817035969309739085e+04
9.999999115058272325e-02 1.623025826339165724e+04
1.098541043672585787e-01 1.525264604099985627e+04
1.206792531427361148e-01 1.353703791899055432e+04
1.325711244288214907e-01 1.262430118773030154e+04
1.456348342787200378e-01 1.172837979207068020e+04
1.599858570014452974e-01 1.046787562749339304e+04
1.757510458761641914e-01 9.459084736068001803e+03
1.930697544488981787e-01 8.515821950362398638e+03
2.120950683230800604e-01 7.895958904644047834e+03
2.329951583321586417e-01 7.206957742966855221e+03
2.559547670553742882e-01 6.494451415196551352e+03
2.811768418164965477e-01 5.991168419003481176e+03
3.088843286001189403e-01 5.473143333099930715e+03
3.393221427425128778e-01 5.055347831023429535e+03
3.727593338166072523e-01 4.650157916511681833e+03
4.094914638472018087e-01 4.342535808923212244e+03
4.498432198782237879e-01 4.055684230192613541e+03
4.941712839853393824e-01 3.798189107798240002e+03
5.428674861028858212e-01 3.559596474577384470e+03
5.963622675339625978e-01 3.354822822529436053e+03
6.551284857587630350e-01 3.167900813050787292e+03
7.196855941730535555e-01 3.003102862148738495e+03
7.906042337028588163e-01 2.848889937135284526e+03
8.685112768820903995e-01 2.703537220872093712e+03
9.540953689793428838e-01 2.574652676857599545e+03
1.048113015153642191e+00 0.000000000000000000e+00
