1.048113066601954503e-02 4.092091387815048802e+04
1.151395323963562076e-02 0.000000000000000000e+00
1.264855132798976302e-02 3.129823931027506114e+04
1.389495400641860279e-02 7.855152768397395266e+04
1.526417862678452857e-02 4.000542372378223808e+04
1.676832820337198493e-02 0.000000000000000000e+00
1.842069839530119726e-02 3.332046875542831549e+04
2.023589503111089191e-02 5.614084595137056749e+04
2.222996321434766651e-02 4.234156969455523358e+04
2.442052915136719640e-02 4.188941293159277848e+04
2.682695595500901239e-02 4.185932553996402567e+04
2.947051480134291537e-02 5.308985309552714170e+04
3.237457295239669353e-02 4.054426071791695722e+04
3.556480030685772731e-02 3.986512900922389963e+04
3.906939630451649464e-02 3.296323383364583424e+04
4.291933919013282694e-02 4.197824789635169145e+04
4.714865984004791566e-02 3.368985907153695007e+04
5.179474257198286163e-02 2.843676133086768823e+04
5.689865559697841746e-02 2.742092447727567924e+04
6.250551403444545850e-02 2.653885281281703647e+04
6.866487869913283359e-02 2.578726258530252380e+04
7.543119418501802176e-02 2.396710802032464562e+04
8.286427011848424007e-02 2.244437744479303728e+04
9.102980983473445142e-02 1.914873691884100117e+04
9.999999115058272325e-02 1.708112571638529334e+04
1.098541043672585787e-01 1.471142849133945310e+04
1.206792531427361148e-01 1.379600668021578531e+04
1.325711244288214907e-01 1.255977457285464698e+04
1.456348342787200378e-01 1.141129699462498502e+04
1.599858570014452974e-01 1.036713516340948627e+04
1.757510458761641914e-01 9.137885561135528405e+03
1.930697544488981787e-01 8.136362887113667057e+03
2.120950683230800604e-01 7.462065609634466455e+03
2.329951583321586417e-01 6.728443996363277620e+03
2.559547670553742882e-01 6.189174163296906954e+03
2.811768418164965477e-01 5.625758381755460505e+03
3.088843286001189403e-01 5.157566219804941284e+03
3.393221427425128778e-01 4.728317930825166513e+03
3.727593338166072523e-01 4.344418110402517414e+03
4.094914638472018087e-01 4.051107248225299372e+03
4.498432198782237879e-01 3.761575690045742704e+03
4.941712839853393824e-01 3.503594549626620392e+03
5.428674861028858212e-01 3.275133825480691485e+03
5.963622675339625978e-01 3.078695470480317908e+03
6.551284857587630350e-01 2.897773077686608303e+03
7.196855941730535555e-01 2.725016748690152781e+03
7.906042337028588163e-01 2.565946671190641155e+03
8.685112768820903995e-01 2.418266305545244450e+03
9.540953689793428838e-01 2.272561616985209184e+03
1.048113015153642191e+00 0.000000000000000000e+00
