1.048113066601954503e-02 5.372080814897955861e+04
1.151395323963562076e-02 0.000000000000000000e+00
1.264855132798976302e-02 3.165232567553660556e+04
1.389495400641860279e-02 2.599629433873711605e+04
1.526417862678452857e-02 5.921893098222400295e+04
1.676832820337198493e-02 0.000000000000000000e+00
1.842069839530119726e-02 3.129017976686872134e+04
2.023589503111089191e-02 6.224646897433532286e+04
2.222996321434766651e-02 4.132146861808359972e+04
2.442052915136719640e-02 4.741961545752665552e+04
2.682695595500901239e-02 4.803579324993569753e+04
2.947051480134291537e-02 4.794007564496457780e+04
3.237457295239669353e-02 5.241346820619562641e+04
3.556480030685772731e-02 5.306191573145304574e+04
3.906939630451649464e-02 5.203387955615507235e+04
4.291933919013282694e-02 5.034554138827131828e+04
4.714865984004791566e-02 4.242548516550231579e+04
5.179474257198286163e-02 4.383102049034988886e+04
5.689865559697841746e-02 3.876222755437777960e+04
6.250551403444545850e-02 3.874486340178405226e+04
6.866487869913283359e-02 4.062608046767833730e+04
7.543119418501802176e-02 3.701660965449552168e+04
8.286427011848424007e-02 3.524734840042136057e+04
9.102980983473445142e-02 3.395852083836984821e+04
9.999999115058272325e-02 3.055976146967351087e+04
1.098541043672585787e-01 2.746955504581571586e+04
1.206792531427361148e-01 2.606248047415939436e+04
1.325711244288214907e-01 2.414086612119522033e+04
1.456348342787200378e-01 2.227389929030062922e+04
1.599858570014452974e-01 1.989244823946217002e+04
1.757510458761641914e-01 1.807956696249462038e+04
1.930697544488981787e-01 1.721129923026934921e+04
2.120950683230800604e-01 1.568903367734417952e+04
2.329951583321586417e-01 1.457563627889265263e+04
2.559547670553742882e-01 1.346693474019443420e+04
2.811768418164965477e-01 1.250235457807923922e+04
3.088843286001189403e-01 1.172045889562729099e+04
3.393221427425128778e-01 1.104032680634726057e+04
3.727593338166072523e-01 1.032262079790885400e+04
4.094914638472018087e-01 9.779522586340033740e+03
4.498432198782237879e-01 9.254907571120880675e+03
4.941712839853393824e-01 8.794112169930731397e+03
5.428674861028858212e-01 8.367545717084780335e+03
5.963622675339625978e-01 7.981666376130077879e+03
6.551284857587630350e-01 7.656787287560005097e+03
7.196855941730535555e-01 7.325254380831000162e+03
7.906042337028588163e-01 7.023106773262845309e+03
8.685112768820903995e-01 6.722299078506985097e+03
9.540953689793428838e-01 6.435009041862333106e+03
1.048113015153642191e+00 0.000000000000000000e+00
