1.048113066601954503e-02 6.752886926453231717e+04
1.151395323963562076e-02 0.000000000000000000e+00
1.264855132798976302e-02 1.121033142580910935e+05
1.389495400641860279e-02 1.019433031306859193e+05
1.526417862678452857e-02 5.476863446305509569e+04
1.676832820337198493e-02 0.000000000000000000e+00
1.842069839530119726e-02 5.722842875995909708e+04
2.023589503111089191e-02 7.914932813637252548e+04
2.222996321434766651e-02 6.939834071419056272e+04
2.442052915136719640e-02 8.750706596433024970e+04
2.682695595500901239e-02 8.264279348414740525e+04
2.947051480134291537e-02 5.843047105387124611e+04
3.237457295239669353e-02 6.620122836164056207e+04
3.556480030685772731e-02 7.407630361623183126e+04
3.906939630451649464e-02 5.525665536075472482e+04
4.291933919013282694e-02 5.651031284713493369e+04
4.714865984004791566e-02 5.056303021398618148e+04
5.179474257198286163e-02 3.841314213585993275e+04
5.689865559697841746e-02 3.932277775512501830e+04
6.250551403444545850e-02 3.977366099120995932e+04
6.866487869913283359e-02 3.534773212917352794e+04
7.543119418501802176e-02 3.205469220774944552e+04
8.286427011848424007e-02 3.077335043969924300e+04
9.102980983473445142e-02 2.610149011890945985e+04
9.999999115058272325e-02 2.360185950019241864e+04
1.098541043672585787e-01 1.988349234967191296e+04
1.206792531427361148e-01 1.814456160199999431e+04
1.325711244288214907e-01 1.630850538583430716e+04
1.456348342787200378e-01 1.548186349222122590e+04
1.599858570014452974e-01 1.360636618163071398e+04
1.757510458761641914e-01 1.207523745124418929e+04
1.930697544488981787e-01 1.083269214783352254e+04
2.120950683230800604e-01 9.794943902949435142e+03
2.329951583321586417e-01 8.844442210817855084e+03
2.559547670553742882e-01 7.974016817860164338e+03
2.811768418164965477e-01 7.179693621995780632e+03
3.088843286001189403e-01 6.571256581835876204e+03
3.393221427425128778e-01 6.018520092612517146e+03
3.727593338166072523e-01 5.499578909522319009e+03
4.094914638472018087e-01 5.099317125305190530e+03
4.498432198782237879e-01 4.731449571050422492e+03
4.941712839853393824e-01 4.390420947059148602e+03
5.428674861028858212e-01 4.085175071963061782e+03
5.963622675339625978e-01 3.829266042269626269e+03
6.551284857587630350e-01 3.580936569603973112e+03
7.196855941730535555e-01 3.360296417962454143e+03
7.906042337028588163e-01 3.165053293207575734e+03
8.685112768820903995e-01 2.976333194558289506e+03
9.540953689793428838e-01 2.798381691229742501e+03
1.048113015153642191e+00 0.000000000000000000e+00
