1.048113066601954503e-02 1.653125357016640774e+05
1.151395323963562076e-02 0.000000000000000000e+00
1.264855132798976302e-02 1.947841696658401343e+05
1.389495400641860279e-02 2.300498127940918203e+05
1.526417862678452857e-02 4.268315642774403677e+05
1.676832820337198493e-02 0.000000000000000000e+00
1.842069839530119726e-02 1.583346783058252768e+05
2.023589503111089191e-02 2.218354725586746354e+05
2.222996321434766651e-02 2.576493651329234417e+05
2.442052915136719640e-02 2.347519538342379674e+05
2.682695595500901239e-02 1.724458290318938089e+05
2.947051480134291537e-02 2.055268021820068825e+05
3.237457295239669353e-02 1.279715441394273075e+05
3.556480030685772731e-02 1.297436117107509781e+05
3.906939630451649464e-02 8.863004314340892597e+04
4.291933919013282694e-02 1.190389666031404922e+05
4.714865984004791566e-02 1.137126201078802842e+05
5.179474257198286163e-02 1.044981128105933312e+05
5.689865559697841746e-02 9.370340943694228190e+04
6.250551403444545850e-02 8.282280451572878519e+04
6.866487869913283359e-02 6.804207534802750160e+04
7.543119418501802176e-02 5.660735448649332102e+04
8.286427011848424007e-02 4.697917479765298776e+04
9.102980983473445142e-02 4.346213744902062899e+04
9.999999115058272325e-02 3.960359853985570226e+04
1.098541043672585787e-01 3.435655117835868441e+04
1.206792531427361148e-01 2.906776657976589922e+04
1.325711244288214907e-01 2.560592793806007467e+04
1.456348342787200378e-01 2.290256263938619668e+04
1.599858570014452974e-01 2.018637384737611137e+04
1.757510458761641914e-01 1.746267847315754625e+04
1.930697544488981787e-01 1.558481785796110125e+04
2.120950683230800604e-01 1.386786724749844871e+04
2.329951583321586417e-01 1.241068862474078560e+04
2.559547670553742882e-01 1.100822911559201748e+04
2.811768418164965477e-01 9.900626682852554950e+03
3.088843286001189403e-01 8.996259404574062501e+03
3.393221427425128778e-01 8.192149304773096446e+03
3.727593338166072523e-01 7.390053385806641927e+03
4.094914638472018087e-01 6.775809105501009981e+03
4.498432198782237879e-01 6.247894269059741418e+03
4.941712839853393824e-01 5.795633524807713911e+03
5.428674861028858212e-01 5.340773855130231823e+03
5.963622675339625978e-01 4.990515377895345409e+03
6.551284857587630350e-01 4.634092921098650550e+03
7.196855941730535555e-01 4.322736155137262358e+03
7.906042337028588163e-01 4.033611970083824417e+03
8.685112768820903995e-01 3.781651423778716890e+03
9.540953689793428838e-01 3.545546438216977094e+03
1.048113015153642191e+00 0.000000000000000000e+00
