1.048113066601954503e-02 1.800159815666692521e+04
1.151395323963562076e-02 0.000000000000000000e+00
1.264855132798976302e-02 5.395218676965129998e+04
1.389495400641860279e-02 1.947774419147176377e+04
1.526417862678452857e-02 4.204778773102202103e+04
1.676832820337198493e-02 0.000000000000000000e+00
1.842069839530119726e-02 3.866930224696021469e+04
2.023589503111089191e-02 4.130537737680399005e+04
2.222996321434766651e-02 3.481598035435404017e+04
2.442052915136719640e-02 5.625045553794263105e+04
2.682695595500901239e-02 3.909051250114873255e+04
2.947051480134291537e-02 3.135986687863207408e+04
3.237457295239669353e-02 2.497424218838222077e+04
3.556480030685772731e-02 3.158632007954339133e+04
3.906939630451649464e-02 3.364953529355381761e+04
4.291933919013282694e-02 2.497487483007496485e+04
4.714865984004791566e-02 2.245957871655866620e+04
5.179474257198286163e-02 2.276661962102145480e+04
5.689865559697841746e-02 2.162933947993177208e+04
6.250551403444545850e-02 2.020156101627789030e+04
6.866487869913283359e-02 1.915927971879302640e+04
7.543119418501802176e-02 1.720780488532042364e+04
8.286427011848424007e-02 1.573510574934041870e+04
9.102980983473445142e-02 1.446409758026486998e+04
9.999999115058272325e-02 1.240297437027378146e+04
1.098541043672585787e-01 1.064668489277770095e+04
1.206792531427361148e-01 9.397334479906181514e+03
1.325711244288214907e-01 8.500637309022924455e+03
1.456348342787200378e-01 8.016805035512583345e+03
1.599858570014452974e-01 7.101186930130937981e+03
1.757510458761641914e-01 6.082074360954894473e+03
1.930697544488981787e-01 5.569751563106578033e+03
2.120950683230800604e-01 5.061294376962207934e+03
2.329951583321586417e-01 4.565789915430424116e+03
2.559547670553742882e-01 4.120564977573823853e+03
2.811768418164965477e-01 3.715054541031254757e+03
3.088843286001189403e-01 3.395624358233203566e+03
3.393221427425128778e-01 3.093857552620218485e+03
3.727593338166072523e-01 2.819552159973743528e+03
4.094914638472018087e-01 2.614505174911240374e+03
4.498432198782237879e-01 2.403844563843564174e+03
4.941712839853393824e-01 2.236321116798153525e+03
5.428674861028858212e-01 2.084012413720603035e+03
5.963622675339625978e-01 1.936581085326950642e+03
6.551284857587630350e-01 1.817260618154211443e+03
7.196855941730535555e-01 1.702383826664783101e+03
7.906042337028588163e-01 1.591889830847044323e+03
8.685112768820903995e-01 1.497832737580959474e+03
9.540953689793428838e-01 1.405095762940852183e+03
1.048113015153642191e+00 0.000000000000000000e+00
