1.048113066601954503e-02 3.123588504107988410e+04
1.151395323963562076e-02 0.000000000000000000e+00
1.264855132798976302e-02 1.034974570302942302e+05
1.389495400641860279e-02 7.967533404183050152e+04
1.526417862678452857e-02 5.395936836357296852e+04
1.676832820337198493e-02 0.000000000000000000e+00
1.842069839530119726e-02 7.482158701242005918e+04
2.023589503111089191e-02 8.951495489980549610e+04
2.222996321434766651e-02 1.072189778334258299e+05
2.442052915136719640e-02 1.132698127324504749e+05
2.682695595500901239e-02 5.239213537197994447e+04
2.947051480134291537e-02 6.612503456448718498e+04
3.237457295239669353e-02 8.725108554288237065e+04
3.556480030685772731e-02 7.810375083076831652e+04
3.906939630451649464e-02 6.806456665537596564e+04
4.291933919013282694e-02 6.351505821641610237e+04
4.714865984004791566e-02 5.908579491665336536e+04
5.179474257198286163e-02 5.481432278131075145e+04
5.689865559697841746e-02 5.038475428407933941e+04
6.250551403444545850e-02 4.567564366415726545e+04
6.866487869913283359e-02 4.389621500008039584e+04
7.543119418501802176e-02 4.087798616249592305e+04
8.286427011848424007e-02 3.957039328444605053e+04
9.102980983473445142e-02 3.313919137842071359e+04
9.999999115058272325e-02 2.961865470528577498e+04
1.098541043672585787e-01 2.582015965997070816e+04
1.206792531427361148e-01 2.331384134458370681e+04
1.325711244288214907e-01 2.139029956723736905e+04
1.456348342787200378e-01 1.980859757420046662e+04
1.599858570014452974e-01 1.742222731658553676e+04
1.757510458761641914e-01 1.557775853647796976e+04
1.930697544488981787e-01 1.442724838668167286e+04
2.120950683230800604e-01 1.319455924771824175e+04
2.329951583321586417e-01 1.199571476436257035e+04
2.559547670553742882e-01 1.106029484007308565e+04
2.811768418164965477e-01 1.006026339677826400e+04
3.088843286001189403e-01 9.368419520276458570e+03
3.393221427425128778e-01 8.667624054881325719e+03
3.727593338166072523e-01 8.025597671759491277e+03
4.094914638472018087e-01 7.553625856469761857e+03
4.498432198782237879e-01 7.107347970674249154e+03
4.941712839853393824e-01 6.661558177385304589e+03
5.428674861028858212e-01 6.290755853968830706e+03
5.963622675339625978e-01 5.933877363934007008e+03
6.551284857587630350e-01 5.611112307882420282e+03
7.196855941730535555e-01 5.292805225470152436e+03
7.906042337028588163e-01 5.005989690331747624e+03
8.685112768820903995e-01 4.715851001139250002e+03
9.540953689793428838e-01 4.436565818849531752e+03
1.048113015153642191e+00 0.000000000000000000e+00
