1.048113066601954503e-02 4.338242595618604537e+04
1.151395323963562076e-02 0.000000000000000000e+00
1.264855132798976302e-02 1.885827783419030020e+05
1.389495400641860279e-02 9.416474007970292587e+04
1.526417862678452857e-02 3.280310480189597001e+04
1.676832820337198493e-02 0.000000000000000000e+00
1.842069839530119726e-02 5.458965382328548731e+04
2.023589503111089191e-02 6.012250856954351184e+04
2.222996321434766651e-02 8.109054440058284672e+04
2.442052915136719640e-02 8.279217738916866074e+04
2.682695595500901239e-02 5.456636787134422048e+04
2.947051480134291537e-02 4.781911826732101326e+04
3.237457295239669353e-02 3.741684223432084400e+04
3.556480030685772731e-02 2.772564220626085807e+04
3.906939630451649464e-02 2.672482192327989105e+04
4.291933919013282694e-02 2.433656073028593528e+04
4.714865984004791566e-02 2.546962301642206512e+04
5.179474257198286163e-02 2.448857456028538945e+04
5.689865559697841746e-02 2.331883152156870347e+04
6.250551403444545850e-02 2.310001618721586783e+04
6.866487869913283359e-02 2.041782984883973040e+04
7.543119418501802176e-02 1.541496890604083092e+04
8.286427011848424007e-02 1.200138436511033433e+04
9.102980983473445142e-02 9.972455394566013638e+03
9.999999115058272325e-02 8.580393856246522773e+03
1.098541043672585787e-01 8.199767875870567877e+03
1.206792531427361148e-01 7.733702815508397180e+03
1.325711244288214907e-01 6.426426741539374234e+03
1.456348342787200378e-01 5.198457539394063133e+03
1.599858570014452974e-01 4.665567347865824559e+03
1.757510458761641914e-01 4.213647137808515254e+03
1.930697544488981787e-01 3.610504913606227547e+03
2.120950683230800604e-01 3.116702672268554124e+03
2.329951583321586417e-01 2.779472637854056302e+03
2.559547670553742882e-01 2.416074910370110956e+03
2.811768418164965477e-01 2.147697726509036784e+03
3.088843286001189403e-01 1.890013206455471618e+03
3.393221427425128778e-01 1.686129549780669549e+03
3.727593338166072523e-01 1.502934103952526584e+03
4.094914638472018087e-01 1.344783468649463202e+03
4.498432198782237879e-01 1.212413304691973735e+03
4.941712839853393824e-01 1.087304665121065227e+03
5.428674861028858212e-01 9.905213156825167289e+02
5.963622675339625978e-01 9.044360133415848395e+02
6.551284857587630350e-01 8.260479264544944726e+02
7.196855941730535555e-01 7.585272663778293918e+02
7.906042337028588163e-01 6.991407129999693097e+02
8.685112768820903995e-01 6.466708241876235661e+02
9.540953689793428838e-01 5.968576796044203547e+02
1.048113015153642191e+00 0.000000000000000000e+00
