1.048113066601954503e-02 2.208038100763486698e+06
1.151395323963562076e-02 0.000000000000000000e+00
1.264855132798976302e-02 4.602996751918019727e+05
1.389495400641860279e-02 1.596020823056728812e+06
1.526417862678452857e-02 1.615485570608126465e+06
1.676832820337198493e-02 0.000000000000000000e+00
1.842069839530119726e-02 1.119334063964681933e+06
2.023589503111089191e-02 9.303285293717659079e+05
2.222996321434766651e-02 1.019390451509816339e+06
2.442052915136719640e-02 8.828053243202134036e+05
2.682695595500901239e-02 7.445659061807923717e+05
2.947051480134291537e-02 5.076247025972973206e+05
3.237457295239669353e-02 2.760218911097701639e+05
3.556480030685772731e-02 2.499381617352814646e+05
3.906939630451649464e-02 1.869437118005696102e+05
4.291933919013282694e-02 1.477335626853768481e+05
4.714865984004791566e-02 1.296267652948580508e+05
5.179474257198286163e-02 1.592730478689845768e+05
5.689865559697841746e-02 1.477301734366810997e+05
6.250551403444545850e-02 1.631910352380060649e+05
6.866487869913283359e-02 1.441993430498073285e+05
7.543119418501802176e-02 1.209064524717820459e+05
8.286427011848424007e-02 9.442687084177070938e+04
9.102980983473445142e-02 6.974696290954452707e+04
9.999999115058272325e-02 5.984617590429511620e+04
1.098541043672585787e-01 5.587784309807881800e+04
1.206792531427361148e-01 5.185669522307527950e+04
1.325711244288214907e-01 4.620882358322497748e+04
1.456348342787200378e-01 4.124877608933311421e+04
1.599858570014452974e-01 3.505147705181345373e+04
1.757510458761641914e-01 3.178688243956335282e+04
1.930697544488981787e-01 2.862412318003915425e+04
2.120950683230800604e-01 2.561162604441615986e+04
2.329951583321586417e-01 2.332621449187931648e+04
2.559547670553742882e-01 2.099168806764622059e+04
2.811768418164965477e-01 1.934756398650877964e+04
3.088843286001189403e-01 1.752254311925534785e+04
3.393221427425128778e-01 1.602618473133453517e+04
3.727593338166072523e-01 1.481591323181307052e+04
4.094914638472018087e-01 1.368359099040011643e+04
4.498432198782237879e-01 1.272918682454906593e+04
4.941712839853393824e-01 1.183877286785147044e+04
5.428674861028858212e-01 1.100134259089504485e+04
5.963622675339625978e-01 1.029957385975059879e+04
6.551284857587630350e-01 9.598401669179453165e+03
7.196855941730535555e-01 8.939185897671133716e+03
7.906042337028588163e-01 8.322172502606888884e+03
8.685112768820903995e-01 7.677384984473052100e+03
9.540953689793428838e-01 7.081165694774014810e+03
1.048113015153642191e+00 0.000000000000000000e+00
