1.048113066601954503e-02 1.265647004215413835e+04
1.151395323963562076e-02 0.000000000000000000e+00
1.264855132798976302e-02 4.029352228776485572e+04
1.389495400641860279e-02 2.480683484695572770e+04
1.526417862678452857e-02 3.905833757957862690e+04
1.676832820337198493e-02 0.000000000000000000e+00
1.842069839530119726e-02 2.626191124742541069e+04
2.023589503111089191e-02 2.414502039306453662e+04
2.222996321434766651e-02 2.146234433209583949e+04
2.442052915136719640e-02 1.952007654769265719e+04
2.682695595500901239e-02 3.284715041921946249e+04
2.947051480134291537e-02 2.402721700174772559e+04
3.237457295239669353e-02 2.317581411147771723e+04
3.556480030685772731e-02 2.171717837998970572e+04
3.906939630451649464e-02 2.150104837953754395e+04
4.291933919013282694e-02 2.075151585080056248e+04
4.714865984004791566e-02 1.966058125405366445e+04
5.179474257198286163e-02 1.681775452668432627e+04
5.689865559697841746e-02 1.674960455126542001e+04
6.250551403444545850e-02 1.559454376080020666e+04
6.866487869913283359e-02 1.395322147309049979e+04
7.543119418501802176e-02 1.358158765710916850e+04
8.286427011848424007e-02 1.223573099710980205e+04
9.102980983473445142e-02 1.044691492949598978e+04
9.999999115058272325e-02 9.329994016359929446e+03
1.098541043672585787e-01 8.502885214291991360e+03
1.206792531427361148e-01 7.668892774249468857e+03
1.325711244288214907e-01 6.612088571648615471e+03
1.456348342787200378e-01 6.164423253048167680e+03
1.599858570014452974e-01 5.388931218095981421e+03
1.757510458761641914e-01 4.681529777268281578e+03
1.930697544488981787e-01 4.168850155620411897e+03
2.120950683230800604e-01 3.757439261311502833e+03
2.329951583321586417e-01 3.317452723601030357e+03
2.559547670553742882e-01 2.966656244022248757e+03
2.811768418164965477e-01 2.656692973566570799e+03
3.088843286001189403e-01 2.388550480673168749e+03
3.393221427425128778e-01 2.165798357289807882e+03
3.727593338166072523e-01 1.954514306305511354e+03
4.094914638472018087e-01 1.784433436188589894e+03
4.498432198782237879e-01 1.625567109866780356e+03
4.941712839853393824e-01 1.489831460605786333e+03
5.428674861028858212e-01 1.374407948958883026e+03
5.963622675339625978e-01 1.266316648530140583e+03
6.551284857587630350e-01 1.171549137127137328e+03
7.196855941730535555e-01 1.088302021611167675e+03
7.906042337028588163e-01 1.013393599821056000e+03
8.685112768820903995e-01 9.413401616766790312e+02
9.540953689793428838e-01 8.778443140033585905e+02
1.048113015153642191e+00 0.000000000000000000e+00
