1.048113066601954503e-02 1.849387271939126367e+05
1.151395323963562076e-02 0.000000000000000000e+00
1.264855132798976302e-02 1.201571757294511044e+05
1.389495400641860279e-02 2.576686586449300812e+05
1.526417862678452857e-02 2.575895026756843436e+05
1.676832820337198493e-02 0.000000000000000000e+00
1.842069839530119726e-02 3.130178953948592534e+05
2.023589503111089191e-02 2.817656051135698217e+05
2.222996321434766651e-02 1.981735882188938558e+05
2.442052915136719640e-02 1.999709679434653663e+05
2.682695595500901239e-02 1.389542007060506730e+05
2.947051480134291537e-02 1.038567928479439288e+05
3.237457295239669353e-02 9.766090473717996792e+04
3.556480030685772731e-02 1.054689531681874651e+05
3.906939630451649464e-02 8.896035347171935427e+04
4.291933919013282694e-02 8.117090701178478776e+04
4.714865984004791566e-02 8.053029827384978125e+04
5.179474257198286163e-02 7.854702371884394961e+04
5.689865559697841746e-02 7.221405636573018273e+04
6.250551403444545850e-02 6.427216062931158376e+04
6.866487869913283359e-02 4.944850321880452975e+04
7.543119418501802176e-02 3.588683993260267744e+04
8.286427011848424007e-02 3.013270807936305209e+04
9.102980983473445142e-02 2.889002943184121978e+04
9.999999115058272325e-02 2.969599557396830278e+04
1.098541043672585787e-01 2.589431238653872424e+04
1.206792531427361148e-01 1.977640252435638831e+04
1.325711244288214907e-01 1.724425823258759920e+04
1.456348342787200378e-01 1.606877829252909578e+04
1.599858570014452974e-01 1.431214716479132403e+04
1.757510458761641914e-01 1.235882427678165914e+04
1.930697544488981787e-01 1.086923957962609529e+04
2.120950683230800604e-01 9.683271125584893525e+03
2.329951583321586417e-01 8.400727258072649420e+03
2.559547670553742882e-01 7.660833165797112997e+03
2.811768418164965477e-01 6.774522090596157796e+03
3.088843286001189403e-01 6.077265420235166857e+03
3.393221427425128778e-01 5.512604021572123202e+03
3.727593338166072523e-01 4.985198540729540582e+03
4.094914638472018087e-01 4.529368687755019891e+03
4.498432198782237879e-01 4.155619830010308760e+03
4.941712839853393824e-01 3.806772408964165152e+03
5.428674861028858212e-01 3.520326708566444722e+03
5.963622675339625978e-01 3.253879225253152981e+03
6.551284857587630350e-01 3.021108092144739203e+03
7.196855941730535555e-01 2.817276335441041738e+03
7.906042337028588163e-01 2.631156936073452925e+03
8.685112768820903995e-01 2.462711791064298268e+03
9.540953689793428838e-01 2.313333552701100871e+03
1.048113015153642191e+00 0.000000000000000000e+00
