1.048113066601954503e-02 2.723400622823957747e+04
1.151395323963562076e-02 0.000000000000000000e+00
1.264855132798976302e-02 2.261920167367494287e+04
1.389495400641860279e-02 1.955504432366074616e+04
1.526417862678452857e-02 2.292231461368105010e+04
1.676832820337198493e-02 0.000000000000000000e+00
1.842069839530119726e-02 2.590862247546216531e+04
2.023589503111089191e-02 2.305713396684674080e+04
2.222996321434766651e-02 2.647451237204794961e+04
2.442052915136719640e-02 3.760429113958430389e+04
2.682695595500901239e-02 2.799169176209349826e+04
2.947051480134291537e-02 2.361367909932268958e+04
3.237457295239669353e-02 3.275893243671661912e+04
3.556480030685772731e-02 2.592192447307636030e+04
3.906939630451649464e-02 2.970923094213680452e+04
4.291933919013282694e-02 2.932629233079351252e+04
4.714865984004791566e-02 2.416304486999786241e+04
5.179474257198286163e-02 2.218270353795903429e+04
5.689865559697841746e-02 2.289899596911894332e+04
6.250551403444545850e-02 2.309760756567370117e+04
6.866487869913283359e-02 2.343036950082254771e+04
7.543119418501802176e-02 2.185344258913894737e+04
8.286427011848424007e-02 1.957636592150117576e+04
9.102980983473445142e-02 1.857244788639812032e+04
9.999999115058272325e-02 1.721572476070760968e+04
1.098541043672585787e-01 1.485478143518229263e+04
1.206792531427361148e-01 1.396950620812438865e+04
1.325711244288214907e-01 1.296046244310822658e+04
1.456348342787200378e-01 1.216989019641732375e+04
1.599858570014452974e-01 1.108509924561346634e+04
1.757510458761641914e-01 9.689312235149654953e+03
1.930697544488981787e-01 9.034448393044996919e+03
2.120950683230800604e-01 8.315760396314366517e+03
2.329951583321586417e-01 7.561241282853980010e+03
2.559547670553742882e-01 6.887141795545427158e+03
2.811768418164965477e-01 6.347143645171312528e+03
3.088843286001189403e-01 5.897114178210525097e+03
3.393221427425128778e-01 5.432915044704399406e+03
3.727593338166072523e-01 5.042312619995005662e+03
4.094914638472018087e-01 4.718207353554374095e+03
4.498432198782237879e-01 4.424144400007164222e+03
4.941712839853393824e-01 4.174928950173660269e+03
5.428674861028858212e-01 3.940211159712025619e+03
5.963622675339625978e-01 3.716641508709180016e+03
6.551284857587630350e-01 3.535382203630595541e+03
7.196855941730535555e-01 3.356078935735133200e+03
7.906042337028588163e-01 3.197400044623091162e+03
8.685112768820903995e-01 3.049472499559888092e+03
9.540953689793428838e-01 2.907815058486122325e+03
1.048113015153642191e+00 0.000000000000000000e+00
