1.048113066601954503e-02 4.839576456204317219e+04
1.151395323963562076e-02 0.000000000000000000e+00
1.264855132798976302e-02 2.140696259190425626e+05
1.389495400641860279e-02 1.061438528617433767e+05
1.526417862678452857e-02 1.605293905095585214e+05
1.676832820337198493e-02 0.000000000000000000e+00
1.842069839530119726e-02 8.806085406475477794e+04
2.023589503111089191e-02 1.021929590861816832e+05
2.222996321434766651e-02 9.294680338146163558e+04
2.442052915136719640e-02 8.121240511653741123e+04
2.682695595500901239e-02 7.041788781539045158e+04
2.947051480134291537e-02 7.616847441750980215e+04
3.237457295239669353e-02 7.727758953093408491e+04
3.556480030685772731e-02 5.182001683336467249e+04
3.906939630451649464e-02 4.295113111108586600e+04
4.291933919013282694e-02 4.109924213409663207e+04
4.714865984004791566e-02 3.735512356016654667e+04
5.179474257198286163e-02 3.386707971368556173e+04
5.689865559697841746e-02 3.436283919638829684e+04
6.250551403444545850e-02 3.496947615709061211e+04
6.866487869913283359e-02 3.011230481363191211e+04
7.543119418501802176e-02 2.381472026352542889e+04
8.286427011848424007e-02 1.923609187314668088e+04
9.102980983473445142e-02 1.597926316175305692e+04
9.999999115058272325e-02 1.478053956126599587e+04
1.098541043672585787e-01 1.428917063322434115e+04
1.206792531427361148e-01 1.325670445110217952e+04
1.325711244288214907e-01 1.119546260743001039e+04
1.456348342787200378e-01 9.471337955910690653e+03
1.599858570014452974e-01 8.441451498848338815e+03
1.757510458761641914e-01 7.846711919239056442e+03
1.930697544488981787e-01 6.923301624000237098e+03
2.120950683230800604e-01 6.065643841366175366e+03
2.329951583321586417e-01 5.494654011102322329e+03
2.559547670553742882e-01 5.012862120983804743e+03
2.811768418164965477e-01 4.499789280166618482e+03
3.088843286001189403e-01 4.088522590246474465e+03
3.393221427425128778e-01 3.728286589563489542e+03
3.727593338166072523e-01 3.420444670770390530e+03
4.094914638472018087e-01 3.147382201158812677e+03
4.498432198782237879e-01 2.911392699418562188e+03
4.941712839853393824e-01 2.703033307397460703e+03
5.428674861028858212e-01 2.504870778427216010e+03
5.963622675339625978e-01 2.330375329343934027e+03
6.551284857587630350e-01 2.171149511653577065e+03
7.196855941730535555e-01 2.034246394620129422e+03
7.906042337028588163e-01 1.901348649985102156e+03
8.685112768820903995e-01 1.780883190650623419e+03
9.540953689793428838e-01 1.665176242644314470e+03
1.048113015153642191e+00 0.000000000000000000e+00
