1.048113066601954503e-02 4.646039034089583438e+05
1.151395323963562076e-02 0.000000000000000000e+00
1.264855132798976302e-02 3.621419710301125888e+05
1.389495400641860279e-02 4.509016926824778784e+05
1.526417862678452857e-02 3.532806990087912418e+05
1.676832820337198493e-02 0.000000000000000000e+00
1.842069839530119726e-02 3.377685922681183438e+05
2.023589503111089191e-02 2.611743493315571104e+05
2.222996321434766651e-02 3.476262194053803687e+05
2.442052915136719640e-02 2.820483723319468554e+05
2.682695595500901239e-02 2.376783191844839603e+05
2.947051480134291537e-02 2.283236007483802969e+05
3.237457295239669353e-02 2.426680995731584553e+05
3.556480030685772731e-02 1.778803805029768846e+05
3.906939630451649464e-02 1.306179726897219516e+05
4.291933919013282694e-02 1.274921045911108085e+05
4.714865984004791566e-02 1.112378977743435244e+05
5.179474257198286163e-02 1.073208859225345950e+05
5.689865559697841746e-02 8.630061170973787375e+04
6.250551403444545850e-02 9.580248222824675031e+04
6.866487869913283359e-02 8.533273039511816751e+04
7.543119418501802176e-02 8.098543047359156481e+04
8.286427011848424007e-02 6.695928541309091088e+04
9.102980983473445142e-02 5.841233473862464598e+04
9.999999115058272325e-02 4.769873202202882385e+04
1.098541043672585787e-01 4.020165925947169308e+04
1.206792531427361148e-01 3.780991441044422390e+04
1.325711244288214907e-01 3.452014775435937918e+04
1.456348342787200378e-01 3.096881973967122758e+04
1.599858570014452974e-01 2.670098898840128822e+04
1.757510458761641914e-01 2.387065035003842786e+04
1.930697544488981787e-01 2.149669716332133612e+04
2.120950683230800604e-01 1.974629282504822913e+04
2.329951583321586417e-01 1.772294572720470387e+04
2.559547670553742882e-01 1.619514940410924464e+04
2.811768418164965477e-01 1.472290264341701914e+04
3.088843286001189403e-01 1.348465782157153990e+04
3.393221427425128778e-01 1.242685960247864205e+04
3.727593338166072523e-01 1.141144952256851684e+04
4.094914638472018087e-01 1.067836326401659244e+04
4.498432198782237879e-01 9.917631669060872809e+03
4.941712839853393824e-01 9.259236835935589625e+03
5.428674861028858212e-01 8.670042588642223564e+03
5.963622675339625978e-01 8.088186117498255044e+03
6.551284857587630350e-01 7.627184227743940937e+03
7.196855941730535555e-01 7.127949939345789971e+03
7.906042337028588163e-01 6.670591161331383773e+03
8.685112768820903995e-01 6.234357079716196495e+03
9.540953689793428838e-01 5.815367768796923883e+03
1.048113015153642191e+00 0.000000000000000000e+00
