1.048113066601954503e-02 2.595480326941708045e+05
1.151395323963562076e-02 0.000000000000000000e+00
1.264855132798976302e-02 9.084259406638122164e+04
1.389495400641860279e-02 6.624013625375326956e+04
1.526417862678452857e-02 1.308254263252102392e+05
1.676832820337198493e-02 0.000000000000000000e+00
1.842069839530119726e-02 1.002635670708738326e+05
2.023589503111089191e-02 1.130466434731372137e+05
2.222996321434766651e-02 1.703528098019693862e+05
2.442052915136719640e-02 1.365661294192425266e+05
2.682695595500901239e-02 1.149307276596710581e+05
2.947051480134291537e-02 1.173084476782002457e+05
3.237457295239669353e-02 8.544187032490725687e+04
3.556480030685772731e-02 6.440525006588480755e+04
3.906939630451649464e-02 7.574259257635430549e+04
4.291933919013282694e-02 6.359812000344904664e+04
4.714865984004791566e-02 6.359134300139940024e+04
5.179474257198286163e-02 5.735709386888316658e+04
5.689865559697841746e-02 5.170978587754961336e+04
6.250551403444545850e-02 4.639666015134351619e+04
6.866487869913283359e-02 4.286232810957586480e+04
7.543119418501802176e-02 4.126496782523979346e+04
8.286427011848424007e-02 3.816680322290006734e+04
9.102980983473445142e-02 3.367419293773018580e+04
9.999999115058272325e-02 2.879518418983786250e+04
1.098541043672585787e-01 2.267455141471021852e+04
1.206792531427361148e-01 2.166220393851500558e+04
1.325711244288214907e-01 1.968978528895827912e+04
1.456348342787200378e-01 1.820427249190604925e+04
1.599858570014452974e-01 1.594519899336805611e+04
1.757510458761641914e-01 1.413337814234946563e+04
1.930697544488981787e-01 1.254362724789337153e+04
2.120950683230800604e-01 1.138060380795006131e+04
2.329951583321586417e-01 1.018481925478796438e+04
2.559547670553742882e-01 9.327972514094215512e+03
2.811768418164965477e-01 8.515001611586911167e+03
3.088843286001189403e-01 7.754920638463639989e+03
3.393221427425128778e-01 7.136555920035865711e+03
3.727593338166072523e-01 6.524796539676159227e+03
4.094914638472018087e-01 6.080675417241363903e+03
4.498432198782237879e-01 5.628597635652848112e+03
4.941712839853393824e-01 5.249573651818633152e+03
5.428674861028858212e-01 4.893100011416392590e+03
5.963622675339625978e-01 4.596664826180395721e+03
6.551284857587630350e-01 4.323552733823456947e+03
7.196855941730535555e-01 4.063395559126708577e+03
7.906042337028588163e-01 3.819371554103444396e+03
8.685112768820903995e-01 3.593282113390586346e+03
9.540953689793428838e-01 3.378803656910907193e+03
1.048113015153642191e+00 0.000000000000000000e+00
