1.048113066601954503e-02 8.466890936325260554e+04
1.151395323963562076e-02 0.000000000000000000e+00
1.264855132798976302e-02 9.402816070951161964e+04
1.389495400641860279e-02 4.368817820622122963e+04
1.526417862678452857e-02 4.509094295349396998e+04
1.676832820337198493e-02 0.000000000000000000e+00
1.842069839530119726e-02 6.009818675317018642e+04
2.023589503111089191e-02 3.673367702649075363e+04
2.222996321434766651e-02 4.707880907281307736e+04
2.442052915136719640e-02 4.421041513887917972e+04
2.682695595500901239e-02 3.972007686580393784e+04
2.947051480134291537e-02 3.330077879551961087e+04
3.237457295239669353e-02 3.494483941455937747e+04
3.556480030685772731e-02 3.583726694590615080e+04
3.906939630451649464e-02 2.572200614508573199e+04
4.291933919013282694e-02 2.754733118486943204e+04
4.714865984004791566e-02 2.494223087262047557e+04
5.179474257198286163e-02 2.118529382421229820e+04
5.689865559697841746e-02 1.988229732937971494e+04
6.250551403444545850e-02 1.828497781766077969e+04
6.866487869913283359e-02 1.702586211574419940e+04
7.543119418501802176e-02 1.458112367104335317e+04
8.286427011848424007e-02 1.233971865759993852e+04
9.102980983473445142e-02 9.894268375433332039e+03
9.999999115058272325e-02 8.869463890341248771e+03
1.098541043672585787e-01 8.089531860890230746e+03
1.206792531427361148e-01 7.445562195797598179e+03
1.325711244288214907e-01 6.348512435614075912e+03
1.456348342787200378e-01 5.318098012690348696e+03
1.599858570014452974e-01 4.675924844832205963e+03
1.757510458761641914e-01 4.150423398691783405e+03
1.930697544488981787e-01 3.703970208778594497e+03
2.120950683230800604e-01 3.152648533645844509e+03
2.329951583321586417e-01 2.787268642704469585e+03
2.559547670553742882e-01 2.455823129097911533e+03
2.811768418164965477e-01 2.152151125855143619e+03
3.088843286001189403e-01 1.919070325147468111e+03
3.393221427425128778e-01 1.706174009470555120e+03
3.727593338166072523e-01 1.515945234881224678e+03
4.094914638472018087e-01 1.357180246272819204e+03
4.498432198782237879e-01 1.223358244982555561e+03
4.941712839853393824e-01 1.103994069499214447e+03
5.428674861028858212e-01 1.005368582416459503e+03
5.963622675339625978e-01 9.138373475758603490e+02
6.551284857587630350e-01 8.308823401047244488e+02
7.196855941730535555e-01 7.617735165096838728e+02
7.906042337028588163e-01 6.999757386619326098e+02
8.685112768820903995e-01 6.440620016197102586e+02
9.540953689793428838e-01 5.952597477063176257e+02
1.048113015153642191e+00 0.000000000000000000e+00
