1.048113066601954503e-02 1.778596828686301888e+05
1.151395323963562076e-02 0.000000000000000000e+00
1.264855132798976302e-02 1.966339494326208951e+05
1.389495400641860279e-02 9.152055289488080598e+04
1.526417862678452857e-02 9.494117936736995762e+04
1.676832820337198493e-02 0.000000000000000000e+00
1.842069839530119726e-02 1.262343834160632978e+05
2.023589503111089191e-02 7.708478805097195436e+04
2.222996321434766651e-02 9.869681403916260751e+04
2.442052915136719640e-02 9.309975023386515386e+04
2.682695595500901239e-02 8.351478999470159761e+04
2.947051480134291537e-02 7.020443221752217505e+04
3.237457295239669353e-02 7.358885642634241958e+04
3.556480030685772731e-02 7.559583009038117598e+04
3.906939630451649464e-02 5.425791840732614219e+04
4.291933919013282694e-02 5.821850793095029803e+04
4.714865984004791566e-02 5.275511487180479162e+04
5.179474257198286163e-02 4.487065129450993845e+04
5.689865559697841746e-02 4.216622225623178383e+04
6.250551403444545850e-02 3.873943691006346489e+04
6.866487869913283359e-02 3.617336576036000770e+04
7.543119418501802176e-02 3.109077228564766119e+04
8.286427011848424007e-02 2.638722718581492518e+04
9.102980983473445142e-02 2.121777414277622665e+04
9.999999115058272325e-02 1.908243024598923512e+04
1.098541043672585787e-01 1.744208622587529317e+04
1.206792531427361148e-01 1.611043990961790405e+04
1.325711244288214907e-01 1.379406277119676270e+04
1.456348342787200378e-01 1.162139475487386881e+04
1.599858570014452974e-01 1.027017200970525118e+04
1.757510458761641914e-01 9.159135004543133618e+03
1.930697544488981787e-01 8.218385901040663157e+03
2.120950683230800604e-01 7.041263201197623857e+03
2.329951583321586417e-01 6.264750068381950769e+03
2.559547670553742882e-01 5.558364463645828437e+03
2.811768418164965477e-01 4.908055607883390621e+03
3.088843286001189403e-01 4.409494162188588234e+03
3.393221427425128778e-01 3.951106249979022778e+03
3.727593338166072523e-01 3.537691356189953694e+03
4.094914638472018087e-01 3.193472936532199128e+03
4.498432198782237879e-01 2.902772218651133699e+03
4.941712839853393824e-01 2.640980089748311002e+03
5.428674861028858212e-01 2.425896053239579032e+03
5.963622675339625978e-01 2.223904385649673713e+03
6.551284857587630350e-01 2.038968389487916738e+03
7.196855941730535555e-01 1.885288619546507107e+03
7.906042337028588163e-01 1.747291014046590590e+03
8.685112768820903995e-01 1.621479766101070254e+03
9.540953689793428838e-01 1.511682320199228798e+03
1.048113015153642191e+00 0.000000000000000000e+00
