1.048113066601954503e-02 2.099371599912954116e+04
1.151395323963562076e-02 0.000000000000000000e+00
1.264855132798976302e-02 4.664897067152972886e+04
1.389495400641860279e-02 1.991390808500576168e+04
1.526417862678452857e-02 2.672132690777070820e+04
1.676832820337198493e-02 0.000000000000000000e+00
1.842069839530119726e-02 2.096803125344009459e+04
2.023589503111089191e-02 2.818758979382972757e+04
2.222996321434766651e-02 2.539976601188241693e+04
2.442052915136719640e-02 3.965846259882275626e+04
2.682695595500901239e-02 3.933120652128176152e+04
2.947051480134291537e-02 3.711575661701414356e+04
3.237457295239669353e-02 3.169407425144225635e+04
3.556480030685772731e-02 3.305836520008894149e+04
3.906939630451649464e-02 3.183718732617708883e+04
4.291933919013282694e-02 2.906055164092242558e+04
4.714865984004791566e-02 2.711189802314337430e+04
5.179474257198286163e-02 3.016407129951869865e+04
5.689865559697841746e-02 2.668851237936730104e+04
6.250551403444545850e-02 2.859900844023769969e+04
6.866487869913283359e-02 2.576322146843760129e+04
7.543119418501802176e-02 2.571518010663091627e+04
8.286427011848424007e-02 2.257997892314575438e+04
9.102980983473445142e-02 2.112613684145656953e+04
9.999999115058272325e-02 1.996394077017995369e+04
1.098541043672585787e-01 1.809174158086111856e+04
1.206792531427361148e-01 1.638246799061786260e+04
1.325711244288214907e-01 1.551698907734514069e+04
1.456348342787200378e-01 1.449321801500045694e+04
1.599858570014452974e-01 1.302744907343988962e+04
1.757510458761641914e-01 1.173714435560287893e+04
1.930697544488981787e-01 1.068955472877521606e+04
2.120950683230800604e-01 1.006613562525100315e+04
2.329951583321586417e-01 9.033778784202306269e+03
2.559547670553742882e-01 8.349450835558040126e+03
2.811768418164965477e-01 7.725763012146508117e+03
3.088843286001189403e-01 7.087783953089314309e+03
3.393221427425128778e-01 6.625740880091520012e+03
3.727593338166072523e-01 6.162634260718649784e+03
4.094914638472018087e-01 5.770599278364376005e+03
4.498432198782237879e-01 5.427942118439455044e+03
4.941712839853393824e-01 5.107231437537716374e+03
5.428674861028858212e-01 4.835705056190867253e+03
5.963622675339625978e-01 4.584298600566625282e+03
6.551284857587630350e-01 4.353619532159695154e+03
7.196855941730535555e-01 4.141177170577018842e+03
7.906042337028588163e-01 3.945579338496705532e+03
8.685112768820903995e-01 3.768486818038356432e+03
9.540953689793428838e-01 3.592063165756981107e+03
1.048113015153642191e+00 0.000000000000000000e+00
