1.048113066601954503e-02 4.100918055796929984e+05
1.151395323963562076e-02 0.000000000000000000e+00
1.264855132798976302e-02 2.082069464804448362e+05
1.389495400641860279e-02 2.010754365938276751e+05
1.526417862678452857e-02 3.215537218849955243e+05
1.676832820337198493e-02 0.000000000000000000e+00
1.842069839530119726e-02 2.833794576623716857e+05
2.023589503111089191e-02 2.213229597163345607e+05
2.222996321434766651e-02 1.428301846442145470e+05
2.442052915136719640e-02 1.892089633513009176e+05
2.682695595500901239e-02 1.585932872874510940e+05
2.947051480134291537e-02 1.253939850442535680e+05
3.237457295239669353e-02 1.082462400172331982e+05
3.556480030685772731e-02 9.739080380308501481e+04
3.906939630451649464e-02 9.420258243485083221e+04
4.291933919013282694e-02 9.320118673548007791e+04
4.714865984004791566e-02 7.709198682614418794e+04
5.179474257198286163e-02 7.368184975649030821e+04
5.689865559697841746e-02 7.110418556801929662e+04
6.250551403444545850e-02 6.974780132129878621e+04
6.866487869913283359e-02 5.603408788758517039e+04
7.543119418501802176e-02 4.289417387032027182e+04
8.286427011848424007e-02 3.553904073830987181e+04
9.102980983473445142e-02 3.210863803059362544e+04
9.999999115058272325e-02 3.235533428080154408e+04
1.098541043672585787e-01 2.945007287597630420e+04
1.206792531427361148e-01 2.426895221004941413e+04
1.325711244288214907e-01 2.059126916877277836e+04
1.456348342787200378e-01 1.917613322898017213e+04
1.599858570014452974e-01 1.784596740517624858e+04
1.757510458761641914e-01 1.568154374886555888e+04
1.930697544488981787e-01 1.414213589828367913e+04
2.120950683230800604e-01 1.262592791131350714e+04
2.329951583321586417e-01 1.145805417731895614e+04
2.559547670553742882e-01 1.037096049032664814e+04
2.811768418164965477e-01 9.486925107899915020e+03
3.088843286001189403e-01 8.742890826998387638e+03
3.393221427425128778e-01 8.020784592361202158e+03
3.727593338166072523e-01 7.436615797792739613e+03
4.094914638472018087e-01 6.947553980647991921e+03
4.498432198782237879e-01 6.446780454678990282e+03
4.941712839853393824e-01 6.033869117144915435e+03
5.428674861028858212e-01 5.658864053893868913e+03
5.963622675339625978e-01 5.312638456226871313e+03
6.551284857587630350e-01 5.009432852256071783e+03
7.196855941730535555e-01 4.711125304523503473e+03
7.906042337028588163e-01 4.425200496917122109e+03
8.685112768820903995e-01 4.159945386503439295e+03
9.540953689793428838e-01 3.916141988208392831e+03
1.048113015153642191e+00 0.000000000000000000e+00
