1.048113066601954503e-02 1.235617358603289176e+05
1.151395323963562076e-02 0.000000000000000000e+00
1.264855132798976302e-02 1.694445202618584153e+05
1.389495400641860279e-02 1.246867861921362637e+05
1.526417862678452857e-02 1.795302577901855984e+05
1.676832820337198493e-02 0.000000000000000000e+00
1.842069839530119726e-02 8.704542882167139032e+04
2.023589503111089191e-02 1.139410913125010702e+05
2.222996321434766651e-02 7.777975049163383665e+04
2.442052915136719640e-02 1.498326019762241922e+05
2.682695595500901239e-02 1.016206436290310521e+05
2.947051480134291537e-02 9.585696213704567344e+04
3.237457295239669353e-02 7.714619560083458782e+04
3.556480030685772731e-02 8.132442831195799226e+04
3.906939630451649464e-02 6.048845711461257451e+04
4.291933919013282694e-02 6.740577143881196389e+04
4.714865984004791566e-02 5.795693968041182961e+04
5.179474257198286163e-02 5.397289926465065219e+04
5.689865559697841746e-02 4.462703318708040752e+04
6.250551403444545850e-02 4.343999095692097035e+04
6.866487869913283359e-02 3.985974332074380072e+04
7.543119418501802176e-02 3.837134419751430687e+04
8.286427011848424007e-02 3.336344321087710705e+04
9.102980983473445142e-02 3.014741663415520088e+04
9.999999115058272325e-02 2.651671050740689680e+04
1.098541043672585787e-01 2.207205386994338915e+04
1.206792531427361148e-01 1.896544112808660793e+04
1.325711244288214907e-01 1.791821111348288105e+04
1.456348342787200378e-01 1.606070997397784595e+04
1.599858570014452974e-01 1.401300278901593265e+04
1.757510458761641914e-01 1.202617766130099699e+04
1.930697544488981787e-01 1.066944890865049820e+04
2.120950683230800604e-01 9.727001040562296112e+03
2.329951583321586417e-01 8.617671482748170092e+03
2.559547670553742882e-01 7.742809264981340675e+03
2.811768418164965477e-01 6.950858424096928502e+03
3.088843286001189403e-01 6.255019388469917430e+03
3.393221427425128778e-01 5.660452427642117982e+03
3.727593338166072523e-01 5.153188696590726977e+03
4.094914638472018087e-01 4.680909870906009019e+03
4.498432198782237879e-01 4.309421296552533022e+03
4.941712839853393824e-01 3.950486029778398461e+03
5.428674861028858212e-01 3.642970764227865402e+03
5.963622675339625978e-01 3.374055360383716561e+03
6.551284857587630350e-01 3.139960987233074320e+03
7.196855941730535555e-01 2.923877283596525103e+03
7.906042337028588163e-01 2.729665843788868187e+03
8.685112768820903995e-01 2.558251180363092772e+03
9.540953689793428838e-01 2.397254426064239851e+03
1.048113015153642191e+00 0.000000000000000000e+00
