1.048113066601954503e-02 9.233367397708371573e+04
1.151395323963562076e-02 0.000000000000000000e+00
1.264855132798976302e-02 9.473207944367316668e+04
1.389495400641860279e-02 1.031934105241112411e+05
1.526417862678452857e-02 1.587725180771468149e+05
1.676832820337198493e-02 0.000000000000000000e+00
1.842069839530119726e-02 1.831330618740955251e+05
2.023589503111089191e-02 1.864377184006955358e+05
2.222996321434766651e-02 1.698813649840058642e+05
2.442052915136719640e-02 1.213997325855916715e+05
2.682695595500901239e-02 1.760147333774690342e+05
2.947051480134291537e-02 1.281853474623578950e+05
3.237457295239669353e-02 1.327887302232110233e+05
3.556480030685772731e-02 1.098963923965394206e+05
3.906939630451649464e-02 8.653247310567661771e+04
4.291933919013282694e-02 9.570112882590698428e+04
4.714865984004791566e-02 9.051491622516336793e+04
5.179474257198286163e-02 9.043610144450837106e+04
5.689865559697841746e-02 8.505532502262231719e+04
6.250551403444545850e-02 7.779572619659098564e+04
6.866487869913283359e-02 6.742874089663790073e+04
7.543119418501802176e-02 6.312329898729538399e+04
8.286427011848424007e-02 6.009014078598187189e+04
9.102980983473445142e-02 5.421174309907910356e+04
9.999999115058272325e-02 4.734629925688195362e+04
1.098541043672585787e-01 4.073372457850486535e+04
1.206792531427361148e-01 3.687645268348815443e+04
1.325711244288214907e-01 3.390101987549490150e+04
1.456348342787200378e-01 3.088134702535028191e+04
1.599858570014452974e-01 2.782049195564131514e+04
1.757510458761641914e-01 2.475241711747044974e+04
1.930697544488981787e-01 2.277911174302071231e+04
2.120950683230800604e-01 2.074005930172041553e+04
2.329951583321586417e-01 1.891387988187175870e+04
2.559547670553742882e-01 1.740890024881553836e+04
2.811768418164965477e-01 1.596888167605020863e+04
3.088843286001189403e-01 1.471371050113424644e+04
3.393221427425128778e-01 1.368553922598168901e+04
3.727593338166072523e-01 1.284589113018517673e+04
4.094914638472018087e-01 1.195567486656236542e+04
4.498432198782237879e-01 1.123660854254210062e+04
4.941712839853393824e-01 1.056524114045204624e+04
5.428674861028858212e-01 9.964736680917259946e+03
5.963622675339625978e-01 9.397688791161283007e+03
6.551284857587630350e-01 8.888672321782029030e+03
7.196855941730535555e-01 8.368707943206869459e+03
7.906042337028588163e-01 7.907694812242183616e+03
8.685112768820903995e-01 7.457117191947214451e+03
9.540953689793428838e-01 7.011530951303573602e+03
1.048113015153642191e+00 0.000000000000000000e+00
