1.048113066601954503e-02 1.464427269942347084e+04
1.151395323963562076e-02 0.000000000000000000e+00
1.264855132798976302e-02 4.657317563784447702e+04
1.389495400641860279e-02 2.867712557743664729e+04
1.526417862678452857e-02 4.516527119022246916e+04
1.676832820337198493e-02 0.000000000000000000e+00
1.842069839530119726e-02 3.036996210469826110e+04
2.023589503111089191e-02 2.794709702249603288e+04
2.222996321434766651e-02 2.481838714158758376e+04
2.442052915136719640e-02 2.258302653193521837e+04
2.682695595500901239e-02 3.799488252537934750e+04
2.947051480134291537e-02 2.779988493884849959e+04
3.237457295239669353e-02 2.680431265013560187e+04
3.556480030685772731e-02 2.513311994386614970e+04
3.906939630451649464e-02 2.487487820026759800e+04
4.291933919013282694e-02 2.401831634705370379e+04
4.714865984004791566e-02 2.275303420019647456e+04
5.179474257198286163e-02 1.947637347051339748e+04
5.689865559697841746e-02 1.940150120482587226e+04
6.250551403444545850e-02 1.807812313470367371e+04
6.866487869913283359e-02 1.617740369353495589e+04
7.543119418501802176e-02 1.575607442015657034e+04
8.286427011848424007e-02 1.419448174370908600e+04
9.102980983473445142e-02 1.212610929941823997e+04
9.999999115058272325e-02 1.084265835204858013e+04
1.098541043672585787e-01 9.885970099190719338e+03
1.206792531427361148e-01 8.924047246841648303e+03
1.325711244288214907e-01 7.699280421260724324e+03
1.456348342787200378e-01 7.186674677711200275e+03
1.599858570014452974e-01 6.291307472367485389e+03
1.757510458761641914e-01 5.471836405510418444e+03
1.930697544488981787e-01 4.880604180699318022e+03
2.120950683230800604e-01 4.405657936226357378e+03
2.329951583321586417e-01 3.895183261273897642e+03
2.559547670553742882e-01 3.490155041876754694e+03
2.811768418164965477e-01 3.131302663644670702e+03
3.088843286001189403e-01 2.820449981286331877e+03
3.393221427425128778e-01 2.562511727705536487e+03
3.727593338166072523e-01 2.317125801943011993e+03
4.094914638472018087e-01 2.120079647152793768e+03
4.498432198782237879e-01 1.935535598925363956e+03
4.941712839853393824e-01 1.777794741585261818e+03
5.428674861028858212e-01 1.643654787563922810e+03
5.963622675339625978e-01 1.517803732036226393e+03
6.551284857587630350e-01 1.407371028227826628e+03
7.196855941730535555e-01 1.310352277707306257e+03
7.906042337028588163e-01 1.222923301423585144e+03
8.685112768820903995e-01 1.138552555862450390e+03
9.540953689793428838e-01 1.064221967629291839e+03
1.048113015153642191e+00 0.000000000000000000e+00
