1.048113066601954503e-02 7.213098222711963172e+04
1.151395323963562076e-02 0.000000000000000000e+00
1.264855132798976302e-02 5.521970254226221005e+04
1.389495400641860279e-02 1.384542323818460281e+05
1.526417862678452857e-02 7.043667159102344885e+04
1.676832820337198493e-02 0.000000000000000000e+00
1.842069839530119726e-02 5.870768065901163209e+04
2.023589503111089191e-02 9.899612324339736369e+04
2.222996321434766651e-02 7.484776846126167220e+04
2.442052915136719640e-02 7.394412577633594628e+04
2.682695595500901239e-02 7.390524856061252649e+04
2.947051480134291537e-02 9.373590234320200398e+04
3.237457295239669353e-02 7.164556404251254571e+04
3.556480030685772731e-02 7.035767891690976103e+04
3.906939630451649464e-02 5.832984020202542160e+04
4.291933919013282694e-02 7.422303324756704387e+04
4.714865984004791566e-02 5.964159501988236298e+04
5.179474257198286163e-02 5.038511511734094529e+04
5.689865559697841746e-02 4.870656323617146700e+04
6.250551403444545850e-02 4.714568197758892347e+04
6.866487869913283359e-02 4.588071567560135736e+04
7.543119418501802176e-02 4.273557269357550103e+04
8.286427011848424007e-02 4.007137505839851656e+04
9.102980983473445142e-02 3.427471384090110951e+04
9.999999115058272325e-02 3.064741594542820167e+04
1.098541043672585787e-01 2.648964668179933506e+04
1.206792531427361148e-01 2.491427898926389025e+04
1.325711244288214907e-01 2.276035327727722688e+04
1.456348342787200378e-01 2.076176069171250492e+04
1.599858570014452974e-01 1.894484676827463772e+04
1.757510458761641914e-01 1.677903520930789091e+04
1.930697544488981787e-01 1.502105660458767670e+04
2.120950683230800604e-01 1.384660618601659371e+04
2.329951583321586417e-01 1.255933041868362488e+04
2.559547670553742882e-01 1.161465386551911433e+04
2.811768418164965477e-01 1.062394920069428736e+04
3.088843286001189403e-01 9.798585931042674929e+03
3.393221427425128778e-01 9.039575748616154669e+03
3.727593338166072523e-01 8.357488869054792303e+03
4.094914638472018087e-01 7.844387411698078722e+03
4.498432198782237879e-01 7.330010260725972330e+03
4.941712839853393824e-01 6.870255340197226360e+03
5.428674861028858212e-01 6.464380380407510529e+03
5.963622675339625978e-01 6.114620215218297744e+03
6.551284857587630350e-01 5.793441962364885512e+03
7.196855941730535555e-01 5.483195855353640582e+03
7.906042337028588163e-01 5.196830843365519286e+03
8.685112768820903995e-01 4.929734019711781002e+03
9.540953689793428838e-01 4.663880859531216629e+03
1.048113015153642191e+00 0.000000000000000000e+00
