1.048113066601954503e-02 1.669867965539291326e+05
1.151395323963562076e-02 0.000000000000000000e+00
1.264855132798976302e-02 6.746143902539083501e+04
1.389495400641860279e-02 1.001574591213244275e+05
1.526417862678452857e-02 1.064564226159809623e+05
1.676832820337198493e-02 0.000000000000000000e+00
1.842069839530119726e-02 1.447183604311853705e+05
2.023589503111089191e-02 5.944978660314165609e+04
2.222996321434766651e-02 1.065946993989464972e+05
2.442052915136719640e-02 7.339657178716082126e+04
2.682695595500901239e-02 6.911993624344200362e+04
2.947051480134291537e-02 5.282171383720258018e+04
3.237457295239669353e-02 4.358840795554664510e+04
3.556480030685772731e-02 3.435767260238884046e+04
3.906939630451649464e-02 3.459723125201938092e+04
4.291933919013282694e-02 2.755494549783432012e+04
4.714865984004791566e-02 3.002821824109659428e+04
5.179474257198286163e-02 2.820458204332999594e+04
5.689865559697841746e-02 3.031300139148949529e+04
6.250551403444545850e-02 2.273946373027695154e+04
6.866487869913283359e-02 1.955898074996793002e+04
7.543119418501802176e-02 1.570662247315860986e+04
8.286427011848424007e-02 1.208432203097427737e+04
9.102980983473445142e-02 1.128603109927020887e+04
9.999999115058272325e-02 1.134264257723926130e+04
1.098541043672585787e-01 1.040351069138808634e+04
1.206792531427361148e-01 8.337823290811798870e+03
1.325711244288214907e-01 6.773490815708084483e+03
1.456348342787200378e-01 6.150512812414639484e+03
1.599858570014452974e-01 5.657341555489490929e+03
1.757510458761641914e-01 4.747732064312194780e+03
1.930697544488981787e-01 4.140972626221351675e+03
2.120950683230800604e-01 3.667119276737098971e+03
2.329951583321586417e-01 3.231643660079840629e+03
2.559547670553742882e-01 2.858809049236139799e+03
2.811768418164965477e-01 2.554396128334953573e+03
3.088843286001189403e-01 2.265110542238911421e+03
3.393221427425128778e-01 2.022448534029826533e+03
3.727593338166072523e-01 1.809660521352666137e+03
4.094914638472018087e-01 1.635138272057012273e+03
4.498432198782237879e-01 1.485206651738151777e+03
4.941712839853393824e-01 1.344275916018352291e+03
5.428674861028858212e-01 1.231250315918630804e+03
5.963622675339625978e-01 1.129151246658312630e+03
6.551284857587630350e-01 1.040589215912355030e+03
7.196855941730535555e-01 9.554032114298698843e+02
7.906042337028588163e-01 8.835830419376129612e+02
8.685112768820903995e-01 8.197454666172351381e+02
9.540953689793428838e-01 7.624549870566670506e+02
1.048113015153642191e+00 0.000000000000000000e+00
