1.048113066601954503e-02 4.121710935547880945e+04
1.151395323963562076e-02 0.000000000000000000e+00
1.264855132798976302e-02 6.842155638037790777e+04
1.389495400641860279e-02 6.219968493808402854e+04
1.526417862678452857e-02 3.338611582158478996e+04
1.676832820337198493e-02 0.000000000000000000e+00
1.842069839530119726e-02 3.490775218948078691e+04
2.023589503111089191e-02 4.821670991793772555e+04
2.222996321434766651e-02 4.230124971712833212e+04
2.442052915136719640e-02 5.341284584195398202e+04
2.682695595500901239e-02 5.037785915292025311e+04
2.947051480134291537e-02 3.558640987295227387e+04
3.237457295239669353e-02 4.039329080951582000e+04
3.556480030685772731e-02 4.512983258448226115e+04
3.906939630451649464e-02 3.366327969859399309e+04
4.291933919013282694e-02 3.442684255770747404e+04
4.714865984004791566e-02 3.077545922669446372e+04
5.179474257198286163e-02 2.332019243558192102e+04
5.689865559697841746e-02 2.388399059710937581e+04
6.250551403444545850e-02 2.413420860688096582e+04
6.866487869913283359e-02 2.140652401802788881e+04
7.543119418501802176e-02 1.934667589404463797e+04
8.286427011848424007e-02 1.857173622376040294e+04
9.102980983473445142e-02 1.571753128839776036e+04
9.999999115058272325e-02 1.417714807624286368e+04
1.098541043672585787e-01 1.190744015729253078e+04
1.206792531427361148e-01 1.083567594676873887e+04
1.325711244288214907e-01 9.702423795750632053e+03
1.456348342787200378e-01 9.176204817199772151e+03
1.599858570014452974e-01 8.038783593729162021e+03
1.757510458761641914e-01 7.097374490819564016e+03
1.930697544488981787e-01 6.339128311226892038e+03
2.120950683230800604e-01 5.703888971715653497e+03
2.329951583321586417e-01 5.125382689197412219e+03
2.559547670553742882e-01 4.595788091964429441e+03
2.811768418164965477e-01 4.114379310603290833e+03
3.088843286001189403e-01 3.744402999253818052e+03
3.393221427425128778e-01 3.411200954446578180e+03
3.727593338166072523e-01 3.099120174681730532e+03
4.094914638472018087e-01 2.856380927874339704e+03
4.498432198782237879e-01 2.633794081413932872e+03
4.941712839853393824e-01 2.429732088222986931e+03
5.428674861028858212e-01 2.247234973824945428e+03
5.963622675339625978e-01 2.093703641558050094e+03
6.551284857587630350e-01 1.946372276988329986e+03
7.196855941730535555e-01 1.815249970149420506e+03
7.906042337028588163e-01 1.699378983095226431e+03
8.685112768820903995e-01 1.588229406808025942e+03
9.540953689793428838e-01 1.483828688419206856e+03
1.048113015153642191e+00 0.000000000000000000e+00
