1.048113066601954503e-02 4.013271854468895617e+04
1.151395323963562076e-02 0.000000000000000000e+00
1.264855132798976302e-02 4.665783286182775919e+04
1.389495400641860279e-02 6.877039716184914869e+04
1.526417862678452857e-02 3.948169631887230207e+04
1.676832820337198493e-02 0.000000000000000000e+00
1.842069839530119726e-02 5.863685369525667193e+04
2.023589503111089191e-02 6.260111077553327777e+04
2.222996321434766651e-02 6.095904002811040846e+04
2.442052915136719640e-02 6.463454454323355458e+04
2.682695595500901239e-02 5.060314118383566529e+04
2.947051480134291537e-02 5.390415868694818346e+04
3.237457295239669353e-02 7.557070090891019208e+04
3.556480030685772731e-02 4.990966291963680851e+04
3.906939630451649464e-02 5.823485008897724038e+04
4.291933919013282694e-02 5.413998536087385583e+04
4.714865984004791566e-02 4.783778212968196021e+04
5.179474257198286163e-02 4.591263102754110150e+04
5.689865559697841746e-02 4.851623735250013124e+04
6.250551403444545850e-02 3.905744508477477211e+04
6.866487869913283359e-02 3.851841937177280488e+04
7.543119418501802176e-02 3.804030038239413989e+04
8.286427011848424007e-02 3.623853070157139155e+04
9.102980983473445142e-02 3.432908889063180686e+04
9.999999115058272325e-02 3.019678760670633346e+04
1.098541043672585787e-01 2.610252567228462067e+04
1.206792531427361148e-01 2.450485647884600621e+04
1.325711244288214907e-01 2.279013890639925739e+04
1.456348342787200378e-01 2.134297634745918913e+04
1.599858570014452974e-01 1.944513393463059765e+04
1.757510458761641914e-01 1.756131931319016803e+04
1.930697544488981787e-01 1.598261351677294078e+04
2.120950683230800604e-01 1.476976885924139788e+04
2.329951583321586417e-01 1.346139893754864715e+04
2.559547670553742882e-01 1.256007792467254694e+04
2.811768418164965477e-01 1.166016878677480054e+04
3.088843286001189403e-01 1.087248504586525087e+04
3.393221427425128778e-01 1.024181055417257085e+04
3.727593338166072523e-01 9.524273305950584472e+03
4.094914638472018087e-01 8.994735331199710345e+03
4.498432198782237879e-01 8.487699773193791771e+03
4.941712839853393824e-01 8.049452862958429250e+03
5.428674861028858212e-01 7.679100059520059403e+03
5.963622675339625978e-01 7.326490640243731832e+03
6.551284857587630350e-01 6.988413104533224214e+03
7.196855941730535555e-01 6.670730456510614204e+03
7.906042337028588163e-01 6.363009278592662668e+03
8.685112768820903995e-01 6.071030424305054112e+03
9.540953689793428838e-01 5.795050432105575965e+03
1.048113015153642191e+00 0.000000000000000000e+00
