1.048113066601954503e-02 2.794020250181894517e+04
1.151395323963562076e-02 0.000000000000000000e+00
1.264855132798976302e-02 1.635862246293723911e+04
1.389495400641860279e-02 2.964859404463815008e+04
1.526417862678452857e-02 2.670810867655191396e+04
1.676832820337198493e-02 0.000000000000000000e+00
1.842069839530119726e-02 3.269790637498404612e+04
2.023589503111089191e-02 3.226735451722156722e+04
2.222996321434766651e-02 1.953329651776338869e+04
2.442052915136719640e-02 3.222800500415052738e+04
2.682695595500901239e-02 4.076883031523993122e+04
2.947051480134291537e-02 2.366338044966256712e+04
3.237457295239669353e-02 2.453756186277453889e+04
3.556480030685772731e-02 2.585896947998576798e+04
3.906939630451649464e-02 2.014248002615368023e+04
4.291933919013282694e-02 2.085612539452207420e+04
4.714865984004791566e-02 2.402775090118182561e+04
5.179474257198286163e-02 2.026995443358374177e+04
5.689865559697841746e-02 1.502667215296439645e+04
6.250551403444545850e-02 1.588685683088948281e+04
6.866487869913283359e-02 1.540309939788123120e+04
7.543119418501802176e-02 1.391679162764786997e+04
8.286427011848424007e-02 1.236450702917009403e+04
9.102980983473445142e-02 1.166635523239064605e+04
9.999999115058272325e-02 9.906842148752011781e+03
1.098541043672585787e-01 8.833763914038991061e+03
1.206792531427361148e-01 7.623281563853317493e+03
1.325711244288214907e-01 6.951203674439611859e+03
1.456348342787200378e-01 6.282811549997628390e+03
1.599858570014452974e-01 5.673682117858982565e+03
1.757510458761641914e-01 4.808878614212637331e+03
1.930697544488981787e-01 4.323417034074631374e+03
2.120950683230800604e-01 3.835611294745589930e+03
2.329951583321586417e-01 3.403066734776862177e+03
2.559547670553742882e-01 3.033348720725517524e+03
2.811768418164965477e-01 2.697348653673819172e+03
3.088843286001189403e-01 2.408557546282420390e+03
3.393221427425128778e-01 2.160338161046305686e+03
3.727593338166072523e-01 1.943982803361183414e+03
4.094914638472018087e-01 1.755692740279957661e+03
4.498432198782237879e-01 1.587136066583336742e+03
4.941712839853393824e-01 1.444629787697236225e+03
5.428674861028858212e-01 1.318449573533787998e+03
5.963622675339625978e-01 1.208359803702601766e+03
6.551284857587630350e-01 1.112239637412586490e+03
7.196855941730535555e-01 1.026448041650071900e+03
7.906042337028588163e-01 9.479265418987447447e+02
8.685112768820903995e-01 8.789675570721144595e+02
9.540953689793428838e-01 8.174292476634550439e+02
1.048113015153642191e+00 0.000000000000000000e+00
