1.048113066601954503e-02 3.676657535406101670e+04
1.151395323963562076e-02 0.000000000000000000e+00
1.264855132798976302e-02 5.185318807922032283e+04
1.389495400641860279e-02 6.399655713771060255e+04
1.526417862678452857e-02 3.258688452450570549e+04
1.676832820337198493e-02 0.000000000000000000e+00
1.842069839530119726e-02 3.669050504251401435e+04
2.023589503111089191e-02 3.633594203830399783e+04
2.222996321434766651e-02 5.868338388508839853e+04
2.442052915136719640e-02 4.058503840746133210e+04
2.682695595500901239e-02 4.549325507343740901e+04
2.947051480134291537e-02 3.830656897455088620e+04
3.237457295239669353e-02 3.775366864017336775e+04
3.556480030685772731e-02 3.138552677764655527e+04
3.906939630451649464e-02 3.235445102554705591e+04
4.291933919013282694e-02 2.565033321978244931e+04
4.714865984004791566e-02 2.440152742808745825e+04
5.179474257198286163e-02 2.355981980564522746e+04
5.689865559697841746e-02 2.111831741946109832e+04
6.250551403444545850e-02 1.862330471872702765e+04
6.866487869913283359e-02 1.834987862585145922e+04
7.543119418501802176e-02 1.599560311211622684e+04
8.286427011848424007e-02 1.340763207344503644e+04
9.102980983473445142e-02 1.191376324073862634e+04
9.999999115058272325e-02 1.089795511209941469e+04
1.098541043672585787e-01 9.523573471400124618e+03
1.206792531427361148e-01 8.615888453743129503e+03
1.325711244288214907e-01 7.661473585066557462e+03
1.456348342787200378e-01 6.446850386693717155e+03
1.599858570014452974e-01 5.715862427905563891e+03
1.757510458761641914e-01 5.118351080532378546e+03
1.930697544488981787e-01 4.581780119026318062e+03
2.120950683230800604e-01 3.922344334617018831e+03
2.329951583321586417e-01 3.480515625785454176e+03
2.559547670553742882e-01 3.085152949067318787e+03
2.811768418164965477e-01 2.756009825626604197e+03
3.088843286001189403e-01 2.440588726994130411e+03
3.393221427425128778e-01 2.180858317809104392e+03
3.727593338166072523e-01 1.949146463765084036e+03
4.094914638472018087e-01 1.752835389896906236e+03
4.498432198782237879e-01 1.591620235775983701e+03
4.941712839853393824e-01 1.439058100979724486e+03
5.428674861028858212e-01 1.310976123314457482e+03
5.963622675339625978e-01 1.198436676945194449e+03
6.551284857587630350e-01 1.098482364840850323e+03
7.196855941730535555e-01 1.012119838234086274e+03
7.906042337028588163e-01 9.344175558038296003e+02
8.685112768820903995e-01 8.655129050804985127e+02
9.540953689793428838e-01 8.053888124295685884e+02
1.048113015153642191e+00 0.000000000000000000e+00
