1.048113066601954503e-02 3.369777373733625864e+05
1.151395323963562076e-02 0.000000000000000000e+00
1.264855132798976302e-02 2.626136100785681047e+05
1.389495400641860279e-02 3.275583923704707995e+05
1.526417862678452857e-02 2.566230085760748188e+05
1.676832820337198493e-02 0.000000000000000000e+00
1.842069839530119726e-02 2.456076546904850402e+05
2.023589503111089191e-02 1.897372995896832435e+05
2.222996321434766651e-02 2.527333572591944830e+05
2.442052915136719640e-02 2.049063070176970796e+05
2.682695595500901239e-02 1.726875642771521234e+05
2.947051480134291537e-02 1.658269862283534312e+05
3.237457295239669353e-02 1.761449418563754880e+05
3.556480030685772731e-02 1.289857822180988733e+05
3.906939630451649464e-02 9.473968850917406962e+04
4.291933919013282694e-02 9.220305271624178567e+04
4.714865984004791566e-02 8.049411727671581320e+04
5.179474257198286163e-02 7.759793863985208736e+04
5.689865559697841746e-02 6.231103643032237596e+04
6.250551403444545850e-02 6.909310243922725203e+04
6.866487869913283359e-02 6.145418771101564926e+04
7.543119418501802176e-02 5.829417099092388526e+04
8.286427011848424007e-02 4.812807801520222711e+04
9.102980983473445142e-02 4.189266026970520034e+04
9.999999115058272325e-02 3.412745468656483717e+04
1.098541043672585787e-01 2.870518652967087110e+04
1.206792531427361148e-01 2.695673009171920785e+04
1.325711244288214907e-01 2.457474206211574710e+04
1.456348342787200378e-01 2.198792272591087385e+04
1.599858570014452974e-01 1.890406147610043627e+04
1.757510458761641914e-01 1.685282020958163048e+04
1.930697544488981787e-01 1.514205863181107452e+04
2.120950683230800604e-01 1.386557999882425975e+04
2.329951583321586417e-01 1.241145063974906952e+04
2.559547670553742882e-01 1.130983010815117450e+04
2.811768418164965477e-01 1.025261119828624760e+04
3.088843286001189403e-01 9.361100916378984039e+03
3.393221427425128778e-01 8.602186263112855158e+03
3.727593338166072523e-01 7.876423213784581094e+03
4.094914638472018087e-01 7.348348396230195249e+03
4.498432198782237879e-01 6.804815560829654714e+03
4.941712839853393824e-01 6.334866195746240919e+03
5.428674861028858212e-01 5.914781992053674003e+03
5.963622675339625978e-01 5.501951703979181730e+03
6.551284857587630350e-01 5.173015105339273759e+03
7.196855941730535555e-01 4.820342202179037486e+03
7.906042337028588163e-01 4.497843487599871878e+03
8.685112768820903995e-01 4.191081947646986009e+03
9.540953689793428838e-01 3.897384379559066474e+03
1.048113015153642191e+00 0.000000000000000000e+00
