1.048113066601954503e-02 1.304091045954408764e+05
1.151395323963562076e-02 0.000000000000000000e+00
1.264855132798976302e-02 3.645870751916988957e+04
1.389495400641860279e-02 4.878672029570714221e+04
1.526417862678452857e-02 7.958385977113158151e+04
1.676832820337198493e-02 0.000000000000000000e+00
1.842069839530119726e-02 7.510021110247982142e+04
2.023589503111089191e-02 8.925585157696684473e+04
2.222996321434766651e-02 7.651510220274409221e+04
2.442052915136719640e-02 9.289192171306481760e+04
2.682695595500901239e-02 7.533864011716413370e+04
2.947051480134291537e-02 6.306754624273690570e+04
3.237457295239669353e-02 5.016075674736930523e+04
3.556480030685772731e-02 4.494163265502276772e+04
3.906939630451649464e-02 4.370296799638072116e+04
4.291933919013282694e-02 3.976964578092480951e+04
4.714865984004791566e-02 3.850537566690954554e+04
5.179474257198286163e-02 3.803302696667981218e+04
5.689865559697841746e-02 3.390107126667551347e+04
6.250551403444545850e-02 3.284049687237557373e+04
6.866487869913283359e-02 3.036353022472533485e+04
7.543119418501802176e-02 2.612509671331573918e+04
8.286427011848424007e-02 2.307664458693191773e+04
9.102980983473445142e-02 2.120946613123910356e+04
9.999999115058272325e-02 1.829735402974926546e+04
1.098541043672585787e-01 1.580521293288876950e+04
1.206792531427361148e-01 1.551984161628647598e+04
1.325711244288214907e-01 1.319699834642379938e+04
1.456348342787200378e-01 1.167261664043789824e+04
1.599858570014452974e-01 1.017640434302990252e+04
1.757510458761641914e-01 9.176209625154446258e+03
1.930697544488981787e-01 8.310307747404949623e+03
2.120950683230800604e-01 7.407278616167117434e+03
2.329951583321586417e-01 6.564758974523128018e+03
2.559547670553742882e-01 5.936124963167720125e+03
2.811768418164965477e-01 5.389122288392512019e+03
3.088843286001189403e-01 4.860866853219818040e+03
3.393221427425128778e-01 4.405798287268983586e+03
3.727593338166072523e-01 4.032831662239966590e+03
4.094914638472018087e-01 3.688151647939782379e+03
4.498432198782237879e-01 3.400237862811608466e+03
4.941712839853393824e-01 3.142438749937728062e+03
5.428674861028858212e-01 2.910688586633982595e+03
5.963622675339625978e-01 2.707177723247172253e+03
6.551284857587630350e-01 2.526578056188179744e+03
7.196855941730535555e-01 2.357201820437076094e+03
7.906042337028588163e-01 2.208787343295260143e+03
8.685112768820903995e-01 2.068104806622674914e+03
9.540953689793428838e-01 1.938226059542531402e+03
1.048113015153642191e+00 0.000000000000000000e+00
