1.048113066601954503e-02 8.478526237185028149e+05
1.151395323963562076e-02 0.000000000000000000e+00
1.264855132798976302e-02 8.974779004342884291e+05
1.389495400641860279e-02 6.532371958470406244e+05
1.526417862678452857e-02 6.006893530397341819e+05
1.676832820337198493e-02 0.000000000000000000e+00
1.842069839530119726e-02 4.265207959223206271e+05
2.023589503111089191e-02 5.752738250792119652e+05
2.222996321434766651e-02 2.726904166348308790e+05
2.442052915136719640e-02 3.539310366792081622e+05
2.682695595500901239e-02 3.026773614011262543e+05
2.947051480134291537e-02 2.056222787702491332e+05
3.237457295239669353e-02 1.774775317443597887e+05
3.556480030685772731e-02 1.894420876002371951e+05
3.906939630451649464e-02 1.253047136796280975e+05
4.291933919013282694e-02 1.265716626566929335e+05
4.714865984004791566e-02 1.262221001200789906e+05
5.179474257198286163e-02 1.112837985908633273e+05
5.689865559697841746e-02 1.182844672209376004e+05
6.250551403444545850e-02 9.340485043950412364e+04
6.866487869913283359e-02 7.665142326865319046e+04
7.543119418501802176e-02 6.114590961031913321e+04
8.286427011848424007e-02 4.951349312355530856e+04
9.102980983473445142e-02 4.458745760973371216e+04
9.999999115058272325e-02 4.145489724138527527e+04
1.098541043672585787e-01 3.734945510162298888e+04
1.206792531427361148e-01 3.203564470862500821e+04
1.325711244288214907e-01 2.690153924456624372e+04
1.456348342787200378e-01 2.487610938851920946e+04
1.599858570014452974e-01 2.160377086786914151e+04
1.757510458761641914e-01 1.941438926294258999e+04
1.930697544488981787e-01 1.760999707223744190e+04
2.120950683230800604e-01 1.591328950696815809e+04
2.329951583321586417e-01 1.430259056174321267e+04
2.559547670553742882e-01 1.305486528106793048e+04
2.811768418164965477e-01 1.186181568861872984e+04
3.088843286001189403e-01 1.087450359568139902e+04
3.393221427425128778e-01 9.956028691904997686e+03
3.727593338166072523e-01 9.200970977069719083e+03
4.094914638472018087e-01 8.421182636934701804e+03
4.498432198782237879e-01 7.827392189444462019e+03
4.941712839853393824e-01 7.208850434812858111e+03
5.428674861028858212e-01 6.712717285270431603e+03
5.963622675339625978e-01 6.183574108919595346e+03
6.551284857587630350e-01 5.718869272906946208e+03
7.196855941730535555e-01 5.296213141595586421e+03
7.906042337028588163e-01 4.884955785656875378e+03
8.685112768820903995e-01 4.483210900727197441e+03
9.540953689793428838e-01 4.088446028240868600e+03
1.048113015153642191e+00 0.000000000000000000e+00
