1.048113066601954503e-02 3.582428817302498646e+04
1.151395323963562076e-02 0.000000000000000000e+00
1.264855132798976302e-02 4.987928717927842808e+04
1.389495400641860279e-02 3.855645342311374407e+04
1.526417862678452857e-02 8.198578792450054607e+03
1.676832820337198493e-02 0.000000000000000000e+00
1.842069839530119726e-02 2.746649623566539231e+04
2.023589503111089191e-02 3.916598452125985204e+04
2.222996321434766651e-02 4.245773039530143433e+04
2.442052915136719640e-02 3.092088471459725042e+04
2.682695595500901239e-02 3.298601085250358301e+04
2.947051480134291537e-02 4.122834916128587793e+04
3.237457295239669353e-02 4.029402035357693967e+04
3.556480030685772731e-02 3.753873034229221958e+04
3.906939630451649464e-02 3.738912899203160487e+04
4.291933919013282694e-02 3.641822152904272662e+04
4.714865984004791566e-02 3.276543281243906677e+04
5.179474257198286163e-02 3.473596504853146325e+04
5.689865559697841746e-02 3.014810623937150376e+04
6.250551403444545850e-02 2.959954863749507786e+04
6.866487869913283359e-02 2.739872790231691761e+04
7.543119418501802176e-02 2.574449014837768846e+04
8.286427011848424007e-02 2.355030685209608055e+04
9.102980983473445142e-02 2.136895518191837618e+04
9.999999115058272325e-02 1.954717983926164743e+04
1.098541043672585787e-01 1.799164061208516068e+04
1.206792531427361148e-01 1.689359623092081893e+04
1.325711244288214907e-01 1.550558746431702821e+04
1.456348342787200378e-01 1.385317944252079360e+04
1.599858570014452974e-01 1.225067126462485612e+04
1.757510458761641914e-01 1.126008800586497091e+04
1.930697544488981787e-01 1.014618562909228058e+04
2.120950683230800604e-01 9.091373308796642959e+03
2.329951583321586417e-01 8.168895205081553286e+03
2.559547670553742882e-01 7.491439080745102729e+03
2.811768418164965477e-01 6.825766166951544619e+03
3.088843286001189403e-01 6.189079586139701860e+03
3.393221427425128778e-01 5.637361170281934392e+03
3.727593338166072523e-01 5.161231251688124757e+03
4.094914638472018087e-01 4.752133752090282542e+03
4.498432198782237879e-01 4.408225915835566411e+03
4.941712839853393824e-01 4.098196838503188701e+03
5.428674861028858212e-01 3.814006615849623813e+03
5.963622675339625978e-01 3.575635245668603602e+03
6.551284857587630350e-01 3.345872926581342654e+03
7.196855941730535555e-01 3.153033537184123816e+03
7.906042337028588163e-01 2.982321416457255509e+03
8.685112768820903995e-01 2.822452876133839254e+03
9.540953689793428838e-01 2.675231098675190879e+03
1.048113015153642191e+00 0.000000000000000000e+00
