1.048113066601954503e-02 4.678004115456211730e+05
1.151395323963562076e-02 0.000000000000000000e+00
1.264855132798976302e-02 1.886648835311130097e+05
1.389495400641860279e-02 2.814289413648164482e+05
1.526417862678452857e-02 2.995413001217065612e+05
1.676832820337198493e-02 0.000000000000000000e+00
1.842069839530119726e-02 4.050147988424189389e+05
2.023589503111089191e-02 1.673701677939171786e+05
2.222996321434766651e-02 2.991999954833568772e+05
2.442052915136719640e-02 2.053705382130492944e+05
2.682695595500901239e-02 1.945109504816432018e+05
2.947051480134291537e-02 1.478689317240917007e+05
3.237457295239669353e-02 1.221421029990256648e+05
3.556480030685772731e-02 9.637202543688550941e+04
3.906939630451649464e-02 9.740509582307306118e+04
4.291933919013282694e-02 7.759917992358596530e+04
4.714865984004791566e-02 8.493559477955359034e+04
5.179474257198286163e-02 7.977937040406302549e+04
5.689865559697841746e-02 8.589882707873982145e+04
6.250551403444545850e-02 6.471911168660908879e+04
6.866487869913283359e-02 5.597788512270872889e+04
7.543119418501802176e-02 4.503537325400972622e+04
8.286427011848424007e-02 3.475925586100779765e+04
9.102980983473445142e-02 3.260448378477719962e+04
9.999999115058272325e-02 3.285862815027452598e+04
1.098541043672585787e-01 3.026499321005900129e+04
1.206792531427361148e-01 2.439432682095993368e+04
1.325711244288214907e-01 2.000796098849520058e+04
1.456348342787200378e-01 1.824666534916881938e+04
1.599858570014452974e-01 1.687257973136268265e+04
1.757510458761641914e-01 1.428774624847525774e+04
1.930697544488981787e-01 1.256391616127455927e+04
2.120950683230800604e-01 1.121150902132717420e+04
2.329951583321586417e-01 9.967403654433390329e+03
2.559547670553742882e-01 8.901571141246884508e+03
2.811768418164965477e-01 8.024159118625496376e+03
3.088843286001189403e-01 7.186980641143758476e+03
3.393221427425128778e-01 6.483510850327764274e+03
3.727593338166072523e-01 5.858299871047129272e+03
4.094914638472018087e-01 5.350711318976922485e+03
4.498432198782237879e-01 4.911215586677721149e+03
4.941712839853393824e-01 4.491210344885841550e+03
5.428674861028858212e-01 4.158871290865669835e+03
5.963622675339625978e-01 3.854172869964909296e+03
6.551284857587630350e-01 3.589825288903723958e+03
7.196855941730535555e-01 3.330528626977381464e+03
7.906042337028588163e-01 3.112702745585527282e+03
8.685112768820903995e-01 2.918679013864728859e+03
9.540953689793428838e-01 2.744126198288961405e+03
1.048113015153642191e+00 0.000000000000000000e+00
