1.048113066601954503e-02 1.289438540877209562e+04
1.151395323963562076e-02 0.000000000000000000e+00
1.264855132798976302e-02 2.579754971632797970e+04
1.389495400641860279e-02 2.317395636997598558e+04
1.526417862678452857e-02 3.552410645755515725e+04
1.676832820337198493e-02 0.000000000000000000e+00
1.842069839530119726e-02 2.699444354164155811e+04
2.023589503111089191e-02 1.444113219930111154e+04
2.222996321434766651e-02 1.674154088141857210e+04
2.442052915136719640e-02 1.634002034947903667e+04
2.682695595500901239e-02 2.476903979531383447e+04
2.947051480134291537e-02 2.929135607579845964e+04
3.237457295239669353e-02 2.755154903235209349e+04
3.556480030685772731e-02 3.015897071533396229e+04
3.906939630451649464e-02 3.034163613717446788e+04
4.291933919013282694e-02 2.472580102562931279e+04
4.714865984004791566e-02 2.232357615867281856e+04
5.179474257198286163e-02 2.150136139381398607e+04
5.689865559697841746e-02 2.179121353823683239e+04
6.250551403444545850e-02 2.004979215391166144e+04
6.866487869913283359e-02 1.813282156034646323e+04
7.543119418501802176e-02 1.762156829771270714e+04
8.286427011848424007e-02 1.744409649883092425e+04
9.102980983473445142e-02 1.599759318042849918e+04
9.999999115058272325e-02 1.400181893828735701e+04
1.098541043672585787e-01 1.200976381983807369e+04
1.206792531427361148e-01 1.104298815979834581e+04
1.325711244288214907e-01 1.007922629770758795e+04
1.456348342787200378e-01 9.468986994882627187e+03
1.599858570014452974e-01 8.629783676459930575e+03
1.757510458761641914e-01 7.646905622965768089e+03
1.930697544488981787e-01 6.923004789508086105e+03
2.120950683230800604e-01 6.322967193587905967e+03
2.329951583321586417e-01 5.747929613473446807e+03
2.559547670553742882e-01 5.253767023679674821e+03
2.811768418164965477e-01 4.748642150034998849e+03
3.088843286001189403e-01 4.377541180848192198e+03
3.393221427425128778e-01 4.003271616035424358e+03
3.727593338166072523e-01 3.676442617065930790e+03
4.094914638472018087e-01 3.421613480871351840e+03
4.498432198782237879e-01 3.192360822715982067e+03
4.941712839853393824e-01 2.980113049365027109e+03
5.428674861028858212e-01 2.792428675804259001e+03
5.963622675339625978e-01 2.613719278655592916e+03
6.551284857587630350e-01 2.465964383858678048e+03
7.196855941730535555e-01 2.324334067037558270e+03
7.906042337028588163e-01 2.194101360092727191e+03
8.685112768820903995e-01 2.079136798636304320e+03
9.540953689793428838e-01 1.970472314814849142e+03
1.048113015153642191e+00 0.000000000000000000e+00
