1.048113066601954503e-02 7.512943925654605846e+04
1.151395323963562076e-02 0.000000000000000000e+00
1.264855132798976302e-02 8.802423690850911953e+04
1.389495400641860279e-02 1.041920905278777645e+05
1.526417862678452857e-02 1.929226703108560760e+05
1.676832820337198493e-02 0.000000000000000000e+00
1.842069839530119726e-02 7.146324327090593579e+04
2.023589503111089191e-02 1.001816451987711480e+05
2.222996321434766651e-02 1.162739590639180969e+05
2.442052915136719640e-02 1.063236627320052503e+05
2.682695595500901239e-02 7.789253781000159506e+04
2.947051480134291537e-02 9.287022569650653168e+04
3.237457295239669353e-02 5.761857594876205258e+04
3.556480030685772731e-02 5.838368810212110111e+04
3.906939630451649464e-02 3.978754183778235165e+04
4.291933919013282694e-02 5.352141493948787684e+04
4.714865984004791566e-02 5.096145793673866137e+04
5.179474257198286163e-02 4.671824514406442177e+04
5.689865559697841746e-02 4.186768557777662500e+04
6.250551403444545850e-02 3.680749487422968377e+04
6.866487869913283359e-02 3.017332082533492576e+04
7.543119418501802176e-02 2.503416653617413976e+04
8.286427011848424007e-02 2.071828145394550302e+04
9.102980983473445142e-02 1.912855181483570050e+04
9.999999115058272325e-02 1.732540078611292847e+04
1.098541043672585787e-01 1.497953289433468672e+04
1.206792531427361148e-01 1.259135150104308195e+04
1.325711244288214907e-01 1.103701904978803577e+04
1.456348342787200378e-01 9.823073634555612443e+03
1.599858570014452974e-01 8.615273123345354179e+03
1.757510458761641914e-01 7.404260795413980304e+03
1.930697544488981787e-01 6.560117363710216523e+03
2.120950683230800604e-01 5.798547069112112695e+03
2.329951583321586417e-01 5.154622494716060828e+03
2.559547670553742882e-01 4.539996353504283434e+03
2.811768418164965477e-01 4.052635782487730467e+03
3.088843286001189403e-01 3.654994630235604745e+03
3.393221427425128778e-01 3.301959585362247708e+03
3.727593338166072523e-01 2.956771485549038516e+03
4.094914638472018087e-01 2.689795401785508147e+03
4.498432198782237879e-01 2.460739659073494749e+03
4.941712839853393824e-01 2.265406470888082822e+03
5.428674861028858212e-01 2.071306617155383265e+03
5.963622675339625978e-01 1.920298683581491559e+03
6.551284857587630350e-01 1.769838983107456670e+03
7.196855941730535555e-01 1.638379962608989445e+03
7.906042337028588163e-01 1.517328710295421160e+03
8.685112768820903995e-01 1.411576365459973431e+03
9.540953689793428838e-01 1.313163961011625815e+03
1.048113015153642191e+00 0.000000000000000000e+00
