1.048113066601954503e-02 8.819601672003393469e+04
1.151395323963562076e-02 0.000000000000000000e+00
1.264855132798976302e-02 3.161750043224799447e+05
1.389495400641860279e-02 2.393610960399832111e+05
1.526417862678452857e-02 1.291633598752897815e+05
1.676832820337198493e-02 0.000000000000000000e+00
1.842069839530119726e-02 2.049230664595363196e+05
2.023589503111089191e-02 1.926734538925506058e+05
2.222996321434766651e-02 2.193836718855834915e+05
2.442052915136719640e-02 1.586145519818968023e+05
2.682695595500901239e-02 1.407853718145262101e+05
2.947051480134291537e-02 1.442610671402596636e+05
3.237457295239669353e-02 1.383226711425349349e+05
3.556480030685772731e-02 1.317079809580938308e+05
3.906939630451649464e-02 1.137083586417884653e+05
4.291933919013282694e-02 1.131236047701893986e+05
4.714865984004791566e-02 9.338796140431756794e+04
5.179474257198286163e-02 7.516292503665866388e+04
5.689865559697841746e-02 7.080284965762995125e+04
6.250551403444545850e-02 6.405596750485600933e+04
6.866487869913283359e-02 6.399969251754329889e+04
7.543119418501802176e-02 5.409393748048232374e+04
8.286427011848424007e-02 5.286676936240200303e+04
9.102980983473445142e-02 4.616581469123881834e+04
9.999999115058272325e-02 3.854502071882176097e+04
1.098541043672585787e-01 3.321118428561694600e+04
1.206792531427361148e-01 3.071349379475205205e+04
1.325711244288214907e-01 2.812265449102588900e+04
1.456348342787200378e-01 2.563994765424543584e+04
1.599858570014452974e-01 2.157422532385170052e+04
1.757510458761641914e-01 1.962681949387369968e+04
1.930697544488981787e-01 1.735682887967291754e+04
2.120950683230800604e-01 1.600188695137825925e+04
2.329951583321586417e-01 1.424497859408252043e+04
2.559547670553742882e-01 1.303049273340330546e+04
2.811768418164965477e-01 1.169214603109275413e+04
3.088843286001189403e-01 1.059778672486028881e+04
3.393221427425128778e-01 9.732485143106447140e+03
3.727593338166072523e-01 8.903100893542183258e+03
4.094914638472018087e-01 8.227850152950155461e+03
4.498432198782237879e-01 7.651488611394095642e+03
4.941712839853393824e-01 7.093193966224956966e+03
5.428674861028858212e-01 6.596331198556400523e+03
5.963622675339625978e-01 6.161419453367827373e+03
6.551284857587630350e-01 5.762747235036487837e+03
7.196855941730535555e-01 5.404199247968617783e+03
7.906042337028588163e-01 5.074845717886055354e+03
8.685112768820903995e-01 4.777012517943110652e+03
9.540953689793428838e-01 4.493558068904747415e+03
1.048113015153642191e+00 0.000000000000000000e+00
