1.048113066601954503e-02 4.930205864732136251e+05
1.151395323963562076e-02 0.000000000000000000e+00
1.264855132798976302e-02 2.236669098998493573e+05
1.389495400641860279e-02 3.008601418072060915e+05
1.526417862678452857e-02 3.058524957773895585e+05
1.676832820337198493e-02 0.000000000000000000e+00
1.842069839530119726e-02 2.267698597575937456e+05
2.023589503111089191e-02 1.456415745460807811e+05
2.222996321434766651e-02 1.064609573462011467e+05
2.442052915136719640e-02 1.316241016275399597e+05
2.682695595500901239e-02 1.352798617083548452e+05
2.947051480134291537e-02 8.163284379090525908e+04
3.237457295239669353e-02 6.923152748371459893e+04
3.556480030685772731e-02 6.358742484046211757e+04
3.906939630451649464e-02 4.884297113482271379e+04
4.291933919013282694e-02 5.025567719089099410e+04
4.714865984004791566e-02 4.509117617056206655e+04
5.179474257198286163e-02 4.290928849116871424e+04
5.689865559697841746e-02 4.075004282211497775e+04
6.250551403444545850e-02 3.662404248134470981e+04
6.866487869913283359e-02 3.115789653354726761e+04
7.543119418501802176e-02 2.410305697943512496e+04
8.286427011848424007e-02 1.976944990578158104e+04
9.102980983473445142e-02 1.582816013209338962e+04
9.999999115058272325e-02 1.460228936748790875e+04
1.098541043672585787e-01 1.279793356568999116e+04
1.206792531427361148e-01 1.133723579523313674e+04
1.325711244288214907e-01 9.430414129598246291e+03
1.456348342787200378e-01 7.894173253001820740e+03
1.599858570014452974e-01 6.926944376988028125e+03
1.757510458761641914e-01 6.056504300226366468e+03
1.930697544488981787e-01 5.170939386008742986e+03
2.120950683230800604e-01 4.571114383832335079e+03
2.329951583321586417e-01 3.947241912531872458e+03
2.559547670553742882e-01 3.479949105337181663e+03
2.811768418164965477e-01 3.060872851808161158e+03
3.088843286001189403e-01 2.682673240683466247e+03
3.393221427425128778e-01 2.373418743106870352e+03
3.727593338166072523e-01 2.118566099946740906e+03
4.094914638472018087e-01 1.896674225166903625e+03
4.498432198782237879e-01 1.700519802726623311e+03
4.941712839853393824e-01 1.535079180696928688e+03
5.428674861028858212e-01 1.387488827067571719e+03
5.963622675339625978e-01 1.255683846258231370e+03
6.551284857587630350e-01 1.142086719026133323e+03
7.196855941730535555e-01 1.042162977313922738e+03
7.906042337028588163e-01 9.565433936980391536e+02
8.685112768820903995e-01 8.768086780334160721e+02
9.540953689793428838e-01 8.026138090377289700e+02
1.048113015153642191e+00 0.000000000000000000e+00
