1.048113066601954503e-02 3.850223717743624002e+05
1.151395323963562076e-02 0.000000000000000000e+00
1.264855132798976302e-02 1.348063543476497289e+05
1.389495400641860279e-02 9.838229540135469870e+04
1.526417862678452857e-02 1.942370193541957997e+05
1.676832820337198493e-02 0.000000000000000000e+00
1.842069839530119726e-02 1.487215111715884996e+05
2.023589503111089191e-02 1.679177772808691370e+05
2.222996321434766651e-02 2.527310871256811079e+05
2.442052915136719640e-02 2.028326664097491594e+05
2.682695595500901239e-02 1.707200533530678658e+05
2.947051480134291537e-02 1.742675033290961874e+05
3.237457295239669353e-02 1.269654412326002202e+05
3.556480030685772731e-02 9.572663041058980161e+04
3.906939630451649464e-02 1.125949410981871188e+05
4.291933919013282694e-02 9.472344229889706185e+04
4.714865984004791566e-02 9.470619452451955294e+04
5.179474257198286163e-02 8.555757900545089797e+04
5.689865559697841746e-02 7.718376472621828725e+04
6.250551403444545850e-02 6.930696449774800567e+04
6.866487869913283359e-02 6.404009528986881924e+04
7.543119418501802176e-02 6.174214915848334203e+04
8.286427011848424007e-02 5.718023683264067222e+04
9.102980983473445142e-02 5.051104136706432473e+04
9.999999115058272325e-02 4.329956114796662587e+04
1.098541043672585787e-01 3.419010576264783595e+04
1.206792531427361148e-01 3.270547588567657658e+04
1.325711244288214907e-01 2.979935831849292663e+04
1.456348342787200378e-01 2.760668861387075594e+04
1.599858570014452974e-01 2.424691771077126032e+04
1.757510458761641914e-01 2.156628570924791347e+04
1.930697544488981787e-01 1.918814246109790110e+04
2.120950683230800604e-01 1.745995967439141532e+04
2.329951583321586417e-01 1.567987219849971734e+04
2.559547670553742882e-01 1.440838688802891193e+04
2.811768418164965477e-01 1.319662170433629217e+04
3.088843286001189403e-01 1.205992327985106385e+04
3.393221427425128778e-01 1.113681942100992273e+04
3.727593338166072523e-01 1.021784668099524060e+04
4.094914638472018087e-01 9.556585150303530099e+03
4.498432198782237879e-01 8.875413798755760581e+03
4.941712839853393824e-01 8.306012828640279622e+03
5.428674861028858212e-01 7.768886931529184949e+03
5.963622675339625978e-01 7.323399927737800681e+03
6.551284857587630350e-01 6.912285544783107071e+03
7.196855941730535555e-01 6.518430053723565834e+03
7.906042337028588163e-01 6.148303257315194060e+03
8.685112768820903995e-01 5.804541185457976098e+03
9.540953689793428838e-01 5.477558752210477905e+03
1.048113015153642191e+00 0.000000000000000000e+00
