1.048113066601954503e-02 7.591619164366290206e+05
1.151395323963562076e-02 0.000000000000000000e+00
1.264855132798976302e-02 5.074289476818874246e+05
1.389495400641860279e-02 3.552956180229544989e+05
1.526417862678452857e-02 4.644191847561583854e+05
1.676832820337198493e-02 0.000000000000000000e+00
1.842069839530119726e-02 2.858557785755017539e+05
2.023589503111089191e-02 2.377708397383370029e+05
2.222996321434766651e-02 1.715629168064853875e+05
2.442052915136719640e-02 1.280041356214520638e+05
2.682695595500901239e-02 1.393870872298394388e+05
2.947051480134291537e-02 1.555879754757900664e+05
3.237457295239669353e-02 1.033056205083669483e+05
3.556480030685772731e-02 7.705393778002414911e+04
3.906939630451649464e-02 7.736576448100587004e+04
4.291933919013282694e-02 7.517060108321718872e+04
4.714865984004791566e-02 7.184813944754393015e+04
5.179474257198286163e-02 7.749863460881217907e+04
5.689865559697841746e-02 6.754574822899748688e+04
6.250551403444545850e-02 5.563570672039830242e+04
6.866487869913283359e-02 3.864470550231473317e+04
7.543119418501802176e-02 3.028670876830577254e+04
8.286427011848424007e-02 2.725948670838424005e+04
9.102980983473445142e-02 2.640114058892353569e+04
9.999999115058272325e-02 2.475900068634689524e+04
1.098541043672585787e-01 2.168726086985104848e+04
1.206792531427361148e-01 1.696133422661737495e+04
1.325711244288214907e-01 1.482103300176485209e+04
1.456348342787200378e-01 1.371189656402836408e+04
1.599858570014452974e-01 1.215263781002556061e+04
1.757510458761641914e-01 1.044332551448884988e+04
1.930697544488981787e-01 9.222132041095528621e+03
2.120950683230800604e-01 8.240171243738273915e+03
2.329951583321586417e-01 7.439038296151934446e+03
2.559547670553742882e-01 6.670077027208138134e+03
2.811768418164965477e-01 5.958720302029937557e+03
3.088843286001189403e-01 5.348195236199609099e+03
3.393221427425128778e-01 4.885144572081781007e+03
3.727593338166072523e-01 4.430210383066549184e+03
4.094914638472018087e-01 4.072731278986012057e+03
4.498432198782237879e-01 3.751759645247573189e+03
4.941712839853393824e-01 3.433404821506260305e+03
5.428674861028858212e-01 3.160500973593281287e+03
5.963622675339625978e-01 2.930274565342066126e+03
6.551284857587630350e-01 2.719135645975071839e+03
7.196855941730535555e-01 2.514096447037597500e+03
7.906042337028588163e-01 2.330439262854371918e+03
8.685112768820903995e-01 2.159254471794748497e+03
9.540953689793428838e-01 1.999214318698361240e+03
1.048113015153642191e+00 0.000000000000000000e+00
