1.048113066601954503e-02 6.817413568199372094e+04
1.151395323963562076e-02 0.000000000000000000e+00
1.264855132798976302e-02 6.991317570429286570e+04
1.389495400641860279e-02 7.614493895235893433e+04
1.526417862678452857e-02 1.173142093702184211e+05
1.676832820337198493e-02 0.000000000000000000e+00
1.842069839530119726e-02 1.352176001152292592e+05
2.023589503111089191e-02 1.375559299344469327e+05
2.222996321434766651e-02 1.253674001025582256e+05
2.442052915136719640e-02 8.953316630008620268e+04
2.682695595500901239e-02 1.298432827887562744e+05
2.947051480134291537e-02 9.441751102579949657e+04
3.237457295239669353e-02 9.788340996016196732e+04
3.556480030685772731e-02 8.099714639209612506e+04
3.906939630451649464e-02 6.371847152836405439e+04
4.291933919013282694e-02 7.045475822474276356e+04
4.714865984004791566e-02 6.663218334175800555e+04
5.179474257198286163e-02 6.655222173901413043e+04
5.689865559697841746e-02 6.254972664473812620e+04
6.250551403444545850e-02 5.714772102693783381e+04
6.866487869913283359e-02 4.948967243332292128e+04
7.543119418501802176e-02 4.627353262189125235e+04
8.286427011848424007e-02 4.398786431485612411e+04
9.102980983473445142e-02 3.965183892565139104e+04
9.999999115058272325e-02 3.457901504581108020e+04
1.098541043672585787e-01 2.967614632472895755e+04
1.206792531427361148e-01 2.681325232301986762e+04
1.325711244288214907e-01 2.461268676607170346e+04
1.456348342787200378e-01 2.236751007659203242e+04
1.599858570014452974e-01 2.010388349601074515e+04
1.757510458761641914e-01 1.784641301108321204e+04
1.930697544488981787e-01 1.637601312052498542e+04
2.120950683230800604e-01 1.487321385799982636e+04
2.329951583321586417e-01 1.352603732840571683e+04
2.559547670553742882e-01 1.241493747074492057e+04
2.811768418164965477e-01 1.135645377651348463e+04
3.088843286001189403e-01 1.043390403773712023e+04
3.393221427425128778e-01 9.676763652275942150e+03
3.727593338166072523e-01 9.057630114182473335e+03
4.094914638472018087e-01 8.405546033428594455e+03
4.498432198782237879e-01 7.878553307986019718e+03
4.941712839853393824e-01 7.387165799602717016e+03
5.428674861028858212e-01 6.947658461992690718e+03
5.963622675339625978e-01 6.534484088812630944e+03
6.551284857587630350e-01 6.163207787172763346e+03
7.196855941730535555e-01 5.786868686990168499e+03
7.906042337028588163e-01 5.452508540774597350e+03
8.685112768820903995e-01 5.127174228614296226e+03
9.540953689793428838e-01 4.806652366399765924e+03
1.048113015153642191e+00 0.000000000000000000e+00
