1.048113066601954503e-02 4.212625596550253977e+04
1.151395323963562076e-02 0.000000000000000000e+00
1.264855132798976302e-02 3.737180701646488887e+04
1.389495400641860279e-02 4.275933357666587108e+04
1.526417862678452857e-02 4.621704018153740617e+04
1.676832820337198493e-02 0.000000000000000000e+00
1.842069839530119726e-02 3.717587302319049195e+04
2.023589503111089191e-02 3.847300845594913699e+04
2.222996321434766651e-02 4.990216052433427831e+04
2.442052915136719640e-02 2.891683072685084699e+04
2.682695595500901239e-02 3.119292984014350805e+04
2.947051480134291537e-02 3.697630606341981911e+04
3.237457295239669353e-02 2.934673284655478346e+04
3.556480030685772731e-02 2.752023566624350860e+04
3.906939630451649464e-02 2.688791910510780144e+04
4.291933919013282694e-02 2.405383789810457165e+04
4.714865984004791566e-02 2.181647882568819841e+04
5.179474257198286163e-02 2.183669254638037091e+04
5.689865559697841746e-02 1.962375541537945537e+04
6.250551403444545850e-02 1.987388009416139539e+04
6.866487869913283359e-02 1.952070724187324231e+04
7.543119418501802176e-02 1.728823915948532886e+04
8.286427011848424007e-02 1.577126119415291578e+04
9.102980983473445142e-02 1.329736734490693016e+04
9.999999115058272325e-02 1.109798643795609314e+04
1.098541043672585787e-01 1.038666155933899427e+04
1.206792531427361148e-01 9.735845358681719517e+03
1.325711244288214907e-01 8.507440010641232220e+03
1.456348342787200378e-01 7.725031840708965319e+03
1.599858570014452974e-01 6.568679730409966396e+03
1.757510458761641914e-01 5.971202856982004050e+03
1.930697544488981787e-01 5.469046463334345390e+03
2.120950683230800604e-01 4.818888234891644970e+03
2.329951583321586417e-01 4.291330738770870084e+03
2.559547670553742882e-01 3.908503977018698151e+03
2.811768418164965477e-01 3.495629639308000151e+03
3.088843286001189403e-01 3.158840231396444779e+03
3.393221427425128778e-01 2.883676279796817653e+03
3.727593338166072523e-01 2.618271247450252304e+03
4.094914638472018087e-01 2.402819381082341806e+03
4.498432198782237879e-01 2.204867429706137955e+03
4.941712839853393824e-01 2.026243535303929775e+03
5.428674861028858212e-01 1.877699693026851264e+03
5.963622675339625978e-01 1.746821289398330919e+03
6.551284857587630350e-01 1.625830628522445522e+03
7.196855941730535555e-01 1.518139662358676560e+03
7.906042337028588163e-01 1.423677435394964505e+03
8.685112768820903995e-01 1.337915172955106755e+03
9.540953689793428838e-01 1.261665104880711169e+03
1.048113015153642191e+00 0.000000000000000000e+00
