1.048113066601954503e-02 1.354633001510588510e+05
1.151395323963562076e-02 0.000000000000000000e+00
1.264855132798976302e-02 1.856801867962195538e+05
1.389495400641860279e-02 1.366394116389441770e+05
1.526417862678452857e-02 1.967701155378097028e+05
1.676832820337198493e-02 0.000000000000000000e+00
1.842069839530119726e-02 9.540465449778598850e+04
2.023589503111089191e-02 1.249302281228910142e+05
2.222996321434766651e-02 8.524175002493380453e+04
2.442052915136719640e-02 1.642172731682003359e+05
2.682695595500901239e-02 1.113940573544837243e+05
2.947051480134291537e-02 1.050473135662063578e+05
3.237457295239669353e-02 8.457045526202404290e+04
3.556480030685772731e-02 8.915517285979603184e+04
3.906939630451649464e-02 6.631569866886759701e+04
4.291933919013282694e-02 7.389841726644485607e+04
4.714865984004791566e-02 6.353450387925350515e+04
5.179474257198286163e-02 5.918994101165275788e+04
5.689865559697841746e-02 4.894835296306657983e+04
6.250551403444545850e-02 4.765368065911665326e+04
6.866487869913283359e-02 4.373099176598629128e+04
7.543119418501802176e-02 4.210886494385290280e+04
8.286427011848424007e-02 3.662582860686835920e+04
9.102980983473445142e-02 3.309882184347040311e+04
9.999999115058272325e-02 2.912306827930038344e+04
1.098541043672585787e-01 2.425170239571206912e+04
1.206792531427361148e-01 2.084327301416791670e+04
1.325711244288214907e-01 1.970054174943110411e+04
1.456348342787200378e-01 1.766534741768959066e+04
1.599858570014452974e-01 1.542043784514611252e+04
1.757510458761641914e-01 1.324105081366381091e+04
1.930697544488981787e-01 1.175360374760014747e+04
2.120950683230800604e-01 1.072109500902430227e+04
2.329951583321586417e-01 9.504185846939350085e+03
2.559547670553742882e-01 8.544751314233002631e+03
2.811768418164965477e-01 7.675832984902097451e+03
3.088843286001189403e-01 6.912043254040445390e+03
3.393221427425128778e-01 6.259449216398150384e+03
3.727593338166072523e-01 5.702467685933353096e+03
4.094914638472018087e-01 5.183444701502732642e+03
4.498432198782237879e-01 4.775526211273980152e+03
4.941712839853393824e-01 4.380881541397901856e+03
5.428674861028858212e-01 4.042740384319997702e+03
5.963622675339625978e-01 3.746974005792330900e+03
6.551284857587630350e-01 3.489472854568620733e+03
7.196855941730535555e-01 3.251649113062434935e+03
7.906042337028588163e-01 3.037810725576174264e+03
8.685112768820903995e-01 2.849119995184351865e+03
9.540953689793428838e-01 2.671772362719197645e+03
1.048113015153642191e+00 0.000000000000000000e+00
