1.048113066601954503e-02 1.019060597783789563e+05
1.151395323963562076e-02 0.000000000000000000e+00
1.264855132798976302e-02 1.195166957965807669e+05
1.389495400641860279e-02 2.681124972972346004e+05
1.526417862678452857e-02 1.867844472972742224e+05
1.676832820337198493e-02 0.000000000000000000e+00
1.842069839530119726e-02 1.820288948537321994e+05
2.023589503111089191e-02 2.387474851367106894e+05
2.222996321434766651e-02 2.392930804427756229e+05
2.442052915136719640e-02 2.496302401150682126e+05
2.682695595500901239e-02 1.440764062172247213e+05
2.947051480134291537e-02 1.491180887104686117e+05
3.237457295239669353e-02 1.436969103943278315e+05
3.556480030685772731e-02 1.011844267818020016e+05
3.906939630451649464e-02 9.549576252651313553e+04
4.291933919013282694e-02 8.270567443887601257e+04
4.714865984004791566e-02 8.412751495649261051e+04
5.179474257198286163e-02 8.351732865185894480e+04
5.689865559697841746e-02 7.066049323585293314e+04
6.250551403444545850e-02 7.001069875446111837e+04
6.866487869913283359e-02 6.502369451361877873e+04
7.543119418501802176e-02 5.694294090147566021e+04
8.286427011848424007e-02 4.702566008592318394e+04
9.102980983473445142e-02 4.181423419406877656e+04
9.999999115058272325e-02 3.611096990910390741e+04
1.098541043672585787e-01 3.276814619558049162e+04
1.206792531427361148e-01 3.149696152469101071e+04
1.325711244288214907e-01 2.723037341861733148e+04
1.456348342787200378e-01 2.442994076849097837e+04
1.599858570014452974e-01 2.190236640419800824e+04
1.757510458761641914e-01 1.959980387416791200e+04
1.930697544488981787e-01 1.798572537053019187e+04
2.120950683230800604e-01 1.624097526119643408e+04
2.329951583321586417e-01 1.483772718938767321e+04
2.559547670553742882e-01 1.365124660031972962e+04
2.811768418164965477e-01 1.258551723366347869e+04
3.088843286001189403e-01 1.158230352653028967e+04
3.393221427425128778e-01 1.080659860582205874e+04
3.727593338166072523e-01 9.987053331404616983e+03
4.094914638472018087e-01 9.321024237418236225e+03
4.498432198782237879e-01 8.750823843893442245e+03
4.941712839853393824e-01 8.236926909149493440e+03
5.428674861028858212e-01 7.779808658509477027e+03
5.963622675339625978e-01 7.319532028107698352e+03
6.551284857587630350e-01 6.921538631887788142e+03
7.196855941730535555e-01 6.514442417267156998e+03
7.906042337028588163e-01 6.122863583231969642e+03
8.685112768820903995e-01 5.756505822563718539e+03
9.540953689793428838e-01 5.400510717251510869e+03
1.048113015153642191e+00 0.000000000000000000e+00
