1.048113066601954503e-02 1.635721684995381656e+04
1.151395323963562076e-02 0.000000000000000000e+00
1.264855132798976302e-02 3.750962202045258164e+04
1.389495400641860279e-02 5.498314813048750511e+04
1.526417862678452857e-02 5.270532927104703413e+04
1.676832820337198493e-02 0.000000000000000000e+00
1.842069839530119726e-02 7.279527565741277067e+04
2.023589503111089191e-02 4.803846537981258007e+04
2.222996321434766651e-02 5.806555391474368662e+04
2.442052915136719640e-02 6.207841562350557797e+04
2.682695595500901239e-02 4.740911899314404582e+04
2.947051480134291537e-02 5.498043712765176315e+04
3.237457295239669353e-02 5.845927105997932085e+04
3.556480030685772731e-02 5.484793176148176281e+04
3.906939630451649464e-02 4.785363918745827687e+04
4.291933919013282694e-02 4.533345677942060865e+04
4.714865984004791566e-02 4.476969262270117179e+04
5.179474257198286163e-02 4.493205007331071829e+04
5.689865559697841746e-02 3.646042056333152868e+04
6.250551403444545850e-02 3.790277960913912830e+04
6.866487869913283359e-02 3.722652180969779147e+04
7.543119418501802176e-02 3.617142247632094950e+04
8.286427011848424007e-02 3.430538450518561149e+04
9.102980983473445142e-02 3.057818383216832444e+04
9.999999115058272325e-02 2.734087834114010911e+04
1.098541043672585787e-01 2.574755874751134252e+04
1.206792531427361148e-01 2.290765126447307557e+04
1.325711244288214907e-01 2.142039198019575997e+04
1.456348342787200378e-01 1.995541697988848318e+04
1.599858570014452974e-01 1.786067220250951141e+04
1.757510458761641914e-01 1.620090777899029490e+04
1.930697544488981787e-01 1.463489059500431176e+04
2.120950683230800604e-01 1.362636538348291651e+04
2.329951583321586417e-01 1.249139635270520012e+04
2.559547670553742882e-01 1.130713030767423697e+04
2.811768418164965477e-01 1.048185259304094507e+04
3.088843286001189403e-01 9.619824102008373302e+03
3.393221427425128778e-01 8.930411731711063112e+03
3.727593338166072523e-01 8.254377562285451859e+03
4.094914638472018087e-01 7.749044700310399094e+03
4.498432198782237879e-01 7.273736728023814067e+03
4.941712839853393824e-01 6.846838987852508581e+03
5.428674861028858212e-01 6.450853398581321017e+03
5.963622675339625978e-01 6.111166128169093099e+03
6.551284857587630350e-01 5.800698706839531951e+03
7.196855941730535555e-01 5.527583271117655386e+03
7.906042337028588163e-01 5.270852828158507691e+03
8.685112768820903995e-01 5.028488562093591099e+03
9.540953689793428838e-01 4.814385042275534943e+03
1.048113015153642191e+00 0.000000000000000000e+00
