1.048113066601954503e-02 5.074563768510256341e+04
1.151395323963562076e-02 0.000000000000000000e+00
1.264855132798976302e-02 1.523124849599537556e+05
1.389495400641860279e-02 5.506423451337531151e+04
1.526417862678452857e-02 1.187091168339521100e+05
1.676832820337198493e-02 0.000000000000000000e+00
1.842069839530119726e-02 1.092762585294532182e+05
2.023589503111089191e-02 1.167194458164426760e+05
2.222996321434766651e-02 9.825060371913033305e+04
2.442052915136719640e-02 1.586519648418774013e+05
2.682695595500901239e-02 1.105966043268524663e+05
2.947051480134291537e-02 8.880589366989638074e+04
3.237457295239669353e-02 7.081014123614467098e+04
3.556480030685772731e-02 8.953222518000235141e+04
3.906939630451649464e-02 9.553564320075852447e+04
4.291933919013282694e-02 7.082162166172161233e+04
4.714865984004791566e-02 6.383750828140429803e+04
5.179474257198286163e-02 6.487345513988302264e+04
5.689865559697841746e-02 6.181289306625498284e+04
6.250551403444545850e-02 5.779421362667417270e+04
6.866487869913283359e-02 5.485957017771292158e+04
7.543119418501802176e-02 4.939603680625160632e+04
8.286427011848424007e-02 4.539367936714345706e+04
9.102980983473445142e-02 4.191791761145775672e+04
9.999999115058272325e-02 3.605353704153249419e+04
1.098541043672585787e-01 3.119713236655995570e+04
1.206792531427361148e-01 2.767575212414828638e+04
1.325711244288214907e-01 2.518721736322490324e+04
1.456348342787200378e-01 2.390749109771147050e+04
1.599858570014452974e-01 2.134088718457889263e+04
1.757510458761641914e-01 1.843803410824800085e+04
1.930697544488981787e-01 1.705400825443556823e+04
2.120950683230800604e-01 1.565182681159447384e+04
2.329951583321586417e-01 1.426183617415947811e+04
2.559547670553742882e-01 1.301344945747614111e+04
2.811768418164965477e-01 1.186261127515415865e+04
3.088843286001189403e-01 1.096473707234546237e+04
3.393221427425128778e-01 1.010658919317835171e+04
3.727593338166072523e-01 9.319278525833229651e+03
4.094914638472018087e-01 8.745479572774202097e+03
4.498432198782237879e-01 8.140552440948091316e+03
4.941712839853393824e-01 7.666020612657519450e+03
5.428674861028858212e-01 7.229587949434957409e+03
5.963622675339625978e-01 6.799655514654421495e+03
6.551284857587630350e-01 6.459071424631368245e+03
7.196855941730535555e-01 6.126190259981710369e+03
7.906042337028588163e-01 5.798213085408349798e+03
8.685112768820903995e-01 5.523337494175795655e+03
9.540953689793428838e-01 5.248145234890427673e+03
1.048113015153642191e+00 0.000000000000000000e+00
