1.048113066601954503e-02 2.115196942124401539e+04
1.151395323963562076e-02 0.000000000000000000e+00
1.264855132798976302e-02 1.235921447295515827e+04
1.389495400641860279e-02 2.239459057011325422e+04
1.526417862678452857e-02 2.018316089232860759e+04
1.676832820337198493e-02 0.000000000000000000e+00
1.842069839530119726e-02 2.470925709149695467e+04
2.023589503111089191e-02 2.438833813973328870e+04
2.222996321434766651e-02 1.474524965370183963e+04
2.442052915136719640e-02 2.434661964917906516e+04
2.682695595500901239e-02 3.077411423451434166e+04
2.947051480134291537e-02 1.787035050279961069e+04
3.237457295239669353e-02 1.851779366984392254e+04
3.556480030685772731e-02 1.952600927372946535e+04
3.906939630451649464e-02 1.520395561189329965e+04
4.291933919013282694e-02 1.573439547227617004e+04
4.714865984004791566e-02 1.810811757434454194e+04
5.179474257198286163e-02 1.528072738813735850e+04
5.689865559697841746e-02 1.133062509918895375e+04
6.250551403444545850e-02 1.196165591323607805e+04
6.866487869913283359e-02 1.159628903326264299e+04
7.543119418501802176e-02 1.046224301880330131e+04
8.286427011848424007e-02 9.294738643734057405e+03
9.102980983473445142e-02 8.758872117781200359e+03
9.999999115058272325e-02 7.426355265769308971e+03
1.098541043672585787e-01 6.618401896383576968e+03
1.206792531427361148e-01 5.699857572270128003e+03
1.325711244288214907e-01 5.192390956790320161e+03
1.456348342787200378e-01 4.684483494065430932e+03
1.599858570014452974e-01 4.221692355807114836e+03
1.757510458761641914e-01 3.571197648956170724e+03
1.930697544488981787e-01 3.203044807463015786e+03
2.120950683230800604e-01 2.833688421826021568e+03
2.329951583321586417e-01 2.508340546045428709e+03
2.559547670553742882e-01 2.228692458117879141e+03
2.811768418164965477e-01 1.975485521941518073e+03
3.088843286001189403e-01 1.758243006094507109e+03
3.393221427425128778e-01 1.572040026769659335e+03
3.727593338166072523e-01 1.409402316663835109e+03
4.094914638472018087e-01 1.267957824489976701e+03
4.498432198782237879e-01 1.141943169520745187e+03
4.941712839853393824e-01 1.035495608234649353e+03
5.428674861028858212e-01 9.413073513893270956e+02
5.963622675339625978e-01 8.592023910277431469e+02
6.551284857587630350e-01 7.877091709382881390e+02
7.196855941730535555e-01 7.240386327367400554e+02
7.906042337028588163e-01 6.659336429123596872e+02
8.685112768820903995e-01 6.149619646387726561e+02
9.540953689793428838e-01 5.695239838279485411e+02
1.048113015153642191e+00 0.000000000000000000e+00
