1.048113066601954503e-02 4.050595884562421270e+04
1.151395323963562076e-02 0.000000000000000000e+00
1.264855132798976302e-02 3.325712421927948890e+04
1.389495400641860279e-02 4.758418534386239480e+04
1.526417862678452857e-02 6.334244160583151825e+04
1.676832820337198493e-02 0.000000000000000000e+00
1.842069839530119726e-02 4.158456085622294631e+04
2.023589503111089191e-02 5.885981676339758269e+04
2.222996321434766651e-02 5.366463456504567148e+04
2.442052915136719640e-02 4.888953490817984857e+04
2.682695595500901239e-02 5.096495963896533794e+04
2.947051480134291537e-02 5.640516890306351706e+04
3.237457295239669353e-02 4.756718014693575969e+04
3.556480030685772731e-02 4.667199577617919567e+04
3.906939630451649464e-02 4.422907485380486469e+04
4.291933919013282694e-02 3.481100509328476619e+04
4.714865984004791566e-02 2.629099909168592058e+04
5.179474257198286163e-02 2.841260342345905519e+04
5.689865559697841746e-02 2.826544508065505215e+04
6.250551403444545850e-02 2.651451266024732467e+04
6.866487869913283359e-02 2.388937061064543013e+04
7.543119418501802176e-02 2.328459717857426585e+04
8.286427011848424007e-02 2.159462766081427617e+04
9.102980983473445142e-02 1.919373164960166469e+04
9.999999115058272325e-02 1.588618751817424527e+04
1.098541043672585787e-01 1.390494618738754798e+04
1.206792531427361148e-01 1.249863650948963186e+04
1.325711244288214907e-01 1.147515268242680577e+04
1.456348342787200378e-01 1.072961092572509369e+04
1.599858570014452974e-01 9.508523691038675679e+03
1.757510458761641914e-01 8.374897170918960910e+03
1.930697544488981787e-01 7.514816598421787603e+03
2.120950683230800604e-01 6.880985345952587522e+03
2.329951583321586417e-01 6.207139894784726494e+03
2.559547670553742882e-01 5.658840469042451332e+03
2.811768418164965477e-01 5.149276476657369130e+03
3.088843286001189403e-01 4.724633269719982309e+03
3.393221427425128778e-01 4.360011742021570171e+03
3.727593338166072523e-01 4.023564185454224571e+03
4.094914638472018087e-01 3.748020910530874062e+03
4.498432198782237879e-01 3.481392913665067226e+03
4.941712839853393824e-01 3.261717264967308438e+03
5.428674861028858212e-01 3.047015739810940431e+03
5.963622675339625978e-01 2.853929357522228202e+03
6.551284857587630350e-01 2.673364189999542305e+03
7.196855941730535555e-01 2.512671827053251036e+03
7.906042337028588163e-01 2.356997502714726579e+03
8.685112768820903995e-01 2.216101729828449152e+03
9.540953689793428838e-01 2.073049649183218662e+03
1.048113015153642191e+00 0.000000000000000000e+00
