1.048113066601954503e-02 1.343675651998849935e+05
1.151395323963562076e-02 0.000000000000000000e+00
1.264855132798976302e-02 8.736853404391516233e+04
1.389495400641860279e-02 1.874394918301982107e+05
1.526417862678452857e-02 1.873250759879638790e+05
1.676832820337198493e-02 0.000000000000000000e+00
1.842069839530119726e-02 2.277019453554507636e+05
2.023589503111089191e-02 2.049975332537740178e+05
2.222996321434766651e-02 1.438410038018546766e+05
2.442052915136719640e-02 1.454291128784221946e+05
2.682695595500901239e-02 1.009338538992972317e+05
2.947051480134291537e-02 7.541864896445829072e+04
3.237457295239669353e-02 7.087621519857909880e+04
3.556480030685772731e-02 7.651603227952035377e+04
3.906939630451649464e-02 6.449736190600264672e+04
4.291933919013282694e-02 5.887990784013695520e+04
4.714865984004791566e-02 5.843870405951312569e+04
5.179474257198286163e-02 5.693714414839080564e+04
5.689865559697841746e-02 5.229357284270152741e+04
6.250551403444545850e-02 4.652439457577785652e+04
6.866487869913283359e-02 3.573980894647317473e+04
7.543119418501802176e-02 2.591693131637267652e+04
8.286427011848424007e-02 2.174235395920412702e+04
9.102980983473445142e-02 2.082110499120909299e+04
9.999999115058272325e-02 2.138262627181898642e+04
1.098541043672585787e-01 1.862111659105225772e+04
1.206792531427361148e-01 1.418475120863744451e+04
1.325711244288214907e-01 1.234417422691219690e+04
1.456348342787200378e-01 1.149103842633567001e+04
1.599858570014452974e-01 1.021136961050583159e+04
1.757510458761641914e-01 8.797000135680924359e+03
1.930697544488981787e-01 7.720220638880380648e+03
2.120950683230800604e-01 6.863218219715308805e+03
2.329951583321586417e-01 5.939544592208265385e+03
2.559547670553742882e-01 5.403646507166459742e+03
2.811768418164965477e-01 4.765527456115744826e+03
3.088843286001189403e-01 4.263689146699838602e+03
3.393221427425128778e-01 3.856410375459365241e+03
3.727593338166072523e-01 3.477985148015156483e+03
4.094914638472018087e-01 3.151328362900844695e+03
4.498432198782237879e-01 2.883209840977092426e+03
4.941712839853393824e-01 2.633522947125519750e+03
5.428674861028858212e-01 2.428564511966169448e+03
5.963622675339625978e-01 2.238456711567965158e+03
6.551284857587630350e-01 2.072644683140565576e+03
7.196855941730535555e-01 1.927331584575427996e+03
7.906042337028588163e-01 1.795084566466237447e+03
8.685112768820903995e-01 1.675476998588973856e+03
9.540953689793428838e-01 1.569343287082807137e+03
1.048113015153642191e+00 0.000000000000000000e+00
