1.048113066601954503e-02 2.207322290461060766e+05
1.151395323963562076e-02 0.000000000000000000e+00
1.264855132798976302e-02 8.912380529502301943e+04
1.389495400641860279e-02 1.325222969150461722e+05
1.526417862678452857e-02 1.409188355841124139e+05
1.676832820337198493e-02 0.000000000000000000e+00
1.842069839530119726e-02 1.912340302266794606e+05
2.023589503111089191e-02 7.870833391125906201e+04
2.222996321434766651e-02 1.409900646820469992e+05
2.442052915136719640e-02 9.698096654810407199e+04
2.682695595500901239e-02 9.149869071844867722e+04
2.947051480134291537e-02 6.980458806315626134e+04
3.237457295239669353e-02 5.762071549429422157e+04
3.556480030685772731e-02 4.543246199163969868e+04
3.906939630451649464e-02 4.580406580092482909e+04
4.291933919013282694e-02 3.648308688447973691e+04
4.714865984004791566e-02 3.981407022400214191e+04
5.179474257198286163e-02 3.739649199709679669e+04
5.689865559697841746e-02 4.021578202315028466e+04
6.250551403444545850e-02 3.020997369970161526e+04
6.866487869913283359e-02 2.603111772013062728e+04
7.543119418501802176e-02 2.091581590397469336e+04
8.286427011848424007e-02 1.610819167246097095e+04
9.102980983473445142e-02 1.506523560725300194e+04
9.999999115058272325e-02 1.515437107235085568e+04
1.098541043672585787e-01 1.391858023259585752e+04
1.206792531427361148e-01 1.117528718090741131e+04
1.325711244288214907e-01 9.106772596707296543e+03
1.456348342787200378e-01 8.280720291771371194e+03
1.599858570014452974e-01 7.630002421205384053e+03
1.757510458761641914e-01 6.422015102901538739e+03
1.930697544488981787e-01 5.616316311752188994e+03
2.120950683230800604e-01 4.986148905667067083e+03
2.329951583321586417e-01 4.406864232308275859e+03
2.559547670553742882e-01 3.910740364656667225e+03
2.811768418164965477e-01 3.504625867845480570e+03
3.088843286001189403e-01 3.118164264283860575e+03
3.393221427425128778e-01 2.793804438837078123e+03
3.727593338166072523e-01 2.508138610563517886e+03
4.094914638472018087e-01 2.274587450528677437e+03
4.498432198782237879e-01 2.073424147289708344e+03
4.941712839853393824e-01 1.883319984824309586e+03
5.428674861028858212e-01 1.731493349015559488e+03
5.963622675339625978e-01 1.593676898010334071e+03
6.551284857587630350e-01 1.474106246878428010e+03
7.196855941730535555e-01 1.358342165823812593e+03
7.906042337028588163e-01 1.260829663266874149e+03
8.685112768820903995e-01 1.174062067309043869e+03
9.540953689793428838e-01 1.096087907331549559e+03
1.048113015153642191e+00 0.000000000000000000e+00
