1.048113066601954503e-02 6.725119533666523057e+04
1.151395323963562076e-02 0.000000000000000000e+00
1.264855132798976302e-02 1.827382589755058871e+04
1.389495400641860279e-02 3.256352690828972118e+04
1.526417862678452857e-02 5.305033280082511192e+04
1.676832820337198493e-02 0.000000000000000000e+00
1.842069839530119726e-02 3.989830042513087392e+04
2.023589503111089191e-02 5.069643405289889779e+04
2.222996321434766651e-02 6.799850863430237223e+04
2.442052915136719640e-02 7.663175622568340623e+04
2.682695595500901239e-02 7.142203219899078249e+04
2.947051480134291537e-02 7.620097044160634687e+04
3.237457295239669353e-02 5.134743032637667784e+04
3.556480030685772731e-02 6.020932039254646224e+04
3.906939630451649464e-02 5.366560465859201940e+04
4.291933919013282694e-02 4.683771214956611220e+04
4.714865984004791566e-02 4.941071504555630963e+04
5.179474257198286163e-02 4.661663355144920206e+04
5.689865559697841746e-02 4.297023185684363125e+04
6.250551403444545850e-02 4.290681720262164163e+04
6.866487869913283359e-02 4.024579826030618278e+04
7.543119418501802176e-02 3.872599831779668602e+04
8.286427011848424007e-02 3.552736516636447050e+04
9.102980983473445142e-02 3.309720630262326449e+04
9.999999115058272325e-02 2.920749754016359657e+04
1.098541043672585787e-01 2.728909265833002064e+04
1.206792531427361148e-01 2.512226233275896811e+04
1.325711244288214907e-01 2.231334217769396491e+04
1.456348342787200378e-01 2.066940149029491658e+04
1.599858570014452974e-01 1.888163986067416772e+04
1.757510458761641914e-01 1.717291185128279903e+04
1.930697544488981787e-01 1.571463756243860735e+04
2.120950683230800604e-01 1.443171266482531064e+04
2.329951583321586417e-01 1.301776330769844571e+04
2.559547670553742882e-01 1.213095101369825716e+04
2.811768418164965477e-01 1.117323685708849735e+04
3.088843286001189403e-01 1.026344654934154460e+04
3.393221427425128778e-01 9.617456138262110471e+03
3.727593338166072523e-01 8.902457793654322813e+03
4.094914638472018087e-01 8.358319632058823117e+03
4.498432198782237879e-01 7.831835882999232126e+03
4.941712839853393824e-01 7.418002960808122225e+03
5.428674861028858212e-01 6.992464893974052757e+03
5.963622675339625978e-01 6.641265077476229635e+03
6.551284857587630350e-01 6.326622682223898664e+03
7.196855941730535555e-01 6.039265097934843652e+03
7.906042337028588163e-01 5.746900377306528753e+03
8.685112768820903995e-01 5.477436511423758930e+03
9.540953689793428838e-01 5.223818492969928229e+03
1.048113015153642191e+00 0.000000000000000000e+00
