1.048113066601954503e-02 2.709242472834008731e+04
1.151395323963562076e-02 0.000000000000000000e+00
1.264855132798976302e-02 3.345215456484556489e+04
1.389495400641860279e-02 2.913584873102897109e+04
1.526417862678452857e-02 3.150415321073573432e+04
1.676832820337198493e-02 0.000000000000000000e+00
1.842069839530119726e-02 4.784176898356160382e+04
2.023589503111089191e-02 2.716629656447024536e+04
2.222996321434766651e-02 2.617527094060642776e+04
2.442052915136719640e-02 3.393381442277973838e+04
2.682695595500901239e-02 3.296015299468314333e+04
2.947051480134291537e-02 2.276949191154332584e+04
3.237457295239669353e-02 2.714831533096453131e+04
3.556480030685772731e-02 2.774222286489739054e+04
3.906939630451649464e-02 2.270816393645975404e+04
4.291933919013282694e-02 2.349721628983556730e+04
4.714865984004791566e-02 1.973411289318375566e+04
5.179474257198286163e-02 1.796612279505616243e+04
5.689865559697841746e-02 1.679695988917180512e+04
6.250551403444545850e-02 1.615694315420727071e+04
6.866487869913283359e-02 1.596703272489241135e+04
7.543119418501802176e-02 1.482504134773601982e+04
8.286427011848424007e-02 1.288653956763047063e+04
9.102980983473445142e-02 1.206520664861213481e+04
9.999999115058272325e-02 9.541274080920680717e+03
1.098541043672585787e-01 8.851806177570435466e+03
1.206792531427361148e-01 8.071626451608910429e+03
1.325711244288214907e-01 7.322973067328419347e+03
1.456348342787200378e-01 6.491166905499834684e+03
1.599858570014452974e-01 5.625856905407908926e+03
1.757510458761641914e-01 4.855238101826305865e+03
1.930697544488981787e-01 4.432429586805994404e+03
2.120950683230800604e-01 3.931539325047744114e+03
2.329951583321586417e-01 3.464740931124583767e+03
2.559547670553742882e-01 3.112591850097624047e+03
2.811768418164965477e-01 2.802094391957960397e+03
3.088843286001189403e-01 2.492814065945898165e+03
3.393221427425128778e-01 2.257693824621684143e+03
3.727593338166072523e-01 2.019689470364090994e+03
4.094914638472018087e-01 1.838620489480052356e+03
4.498432198782237879e-01 1.681208345361121701e+03
4.941712839853393824e-01 1.535202029122341628e+03
5.428674861028858212e-01 1.407772297794686892e+03
5.963622675339625978e-01 1.296426729118282765e+03
6.551284857587630350e-01 1.195099485764606925e+03
7.196855941730535555e-01 1.110111581228170053e+03
7.906042337028588163e-01 1.031322420754512905e+03
8.685112768820903995e-01 9.602177892926586082e+02
9.540953689793428838e-01 8.971811480095879006e+02
1.048113015153642191e+00 0.000000000000000000e+00
