1.048113066601954503e-02 1.293221617241493426e+06
1.151395323963562076e-02 0.000000000000000000e+00
1.264855132798976302e-02 2.689774318682514713e+05
1.389495400641860279e-02 9.343320561500648037e+05
1.526417862678452857e-02 9.496484727634813171e+05
1.676832820337198493e-02 0.000000000000000000e+00
1.842069839530119726e-02 6.574326559250133578e+05
2.023589503111089191e-02 5.453337025994383730e+05
2.222996321434766651e-02 5.947969009501322871e+05
2.442052915136719640e-02 5.135737588000372634e+05
2.682695595500901239e-02 4.346926824366941582e+05
2.947051480134291537e-02 2.951001531328668934e+05
3.237457295239669353e-02 1.606829485454240057e+05
3.556480030685772731e-02 1.457093887570891238e+05
3.906939630451649464e-02 1.083434681663124647e+05
4.291933919013282694e-02 8.549657188992574811e+04
4.714865984004791566e-02 7.492048107856191928e+04
5.179474257198286163e-02 9.205860062197028310e+04
5.689865559697841746e-02 8.529247547232182114e+04
6.250551403444545850e-02 9.410286245800391771e+04
6.866487869913283359e-02 8.302553858034237055e+04
7.543119418501802176e-02 6.939546279437618796e+04
8.286427011848424007e-02 5.396293431853611401e+04
9.102980983473445142e-02 3.966621563884086936e+04
9.999999115058272325e-02 3.394418271380095393e+04
1.098541043672585787e-01 3.161563183526698776e+04
1.206792531427361148e-01 2.927643452699707268e+04
1.325711244288214907e-01 2.598018046779396536e+04
1.456348342787200378e-01 2.306690992879267287e+04
1.599858570014452974e-01 1.952393755937909373e+04
1.757510458761641914e-01 1.763352619074624090e+04
1.930697544488981787e-01 1.581148517954700583e+04
2.120950683230800604e-01 1.408310482018266703e+04
2.329951583321586417e-01 1.276492429490580616e+04
2.559547670553742882e-01 1.144395027003548967e+04
2.811768418164965477e-01 1.049563523115724820e+04
3.088843286001189403e-01 9.465149315814263900e+03
3.393221427425128778e-01 8.618726167431774229e+03
3.727593338166072523e-01 7.932869084591955470e+03
4.094914638472018087e-01 7.293283250688748012e+03
4.498432198782237879e-01 6.754979094681657443e+03
4.941712839853393824e-01 6.253965807286937888e+03
5.428674861028858212e-01 5.786672919652542078e+03
5.963622675339625978e-01 5.393212086242473561e+03
6.551284857587630350e-01 5.003882508498911193e+03
7.196855941730535555e-01 4.639956347060438929e+03
7.906042337028588163e-01 4.300798456165450261e+03
8.685112768820903995e-01 3.949990092017526422e+03
9.540953689793428838e-01 3.626937327506348993e+03
1.048113015153642191e+00 0.000000000000000000e+00
