1.048113066601954503e-02 2.640958411942169914e+04
1.151395323963562076e-02 0.000000000000000000e+00
1.264855132798976302e-02 3.676472930866590468e+04
1.389495400641860279e-02 2.842314925715844583e+04
1.526417862678452857e-02 6.042499229804895549e+03
1.676832820337198493e-02 0.000000000000000000e+00
1.842069839530119726e-02 2.024124739452330687e+04
2.023589503111089191e-02 2.886946266351925078e+04
2.222996321434766651e-02 3.128942690336352825e+04
2.442052915136719640e-02 2.279496931589405722e+04
2.682695595500901239e-02 2.430151359525384032e+04
2.947051480134291537e-02 3.038793687863716332e+04
3.237457295239669353e-02 2.967796023352704287e+04
3.556480030685772731e-02 2.765525855753066207e+04
3.906939630451649464e-02 2.754153679986629868e+04
4.291933919013282694e-02 2.681816410411540710e+04
4.714865984004791566e-02 2.412123702235343808e+04
5.179474257198286163e-02 2.558147464784182739e+04
5.689865559697841746e-02 2.218642000720125725e+04
6.250551403444545850e-02 2.176985722430413807e+04
6.866487869913283359e-02 2.014000370271411884e+04
7.543119418501802176e-02 1.891315292631493503e+04
8.286427011848424007e-02 1.728746634432479186e+04
9.102980983473445142e-02 1.567488862561675887e+04
9.999999115058272325e-02 1.432551798619716465e+04
1.098541043672585787e-01 1.317380890117141826e+04
1.206792531427361148e-01 1.235467728940337474e+04
1.325711244288214907e-01 1.132719961239597978e+04
1.456348342787200378e-01 1.010199198462545064e+04
1.599858570014452974e-01 8.920145104006534893e+03
1.757510458761641914e-01 8.185812436651551252e+03
1.930697544488981787e-01 7.360432289367781777e+03
2.120950683230800604e-01 6.582624602009191221e+03
2.329951583321586417e-01 5.901221341207253317e+03
2.559547670553742882e-01 5.399569272238002668e+03
2.811768418164965477e-01 4.907359137668239782e+03
3.088843286001189403e-01 4.437900045703032447e+03
3.393221427425128778e-01 4.030990708650114357e+03
3.727593338166072523e-01 3.680773851358194406e+03
4.094914638472018087e-01 3.378792136134517477e+03
4.498432198782237879e-01 3.125521544970259129e+03
4.941712839853393824e-01 2.897016277952873224e+03
5.428674861028858212e-01 2.688088790203993540e+03
5.963622675339625978e-01 2.512538935218053666e+03
6.551284857587630350e-01 2.344319637595984204e+03
7.196855941730535555e-01 2.202511109065936125e+03
7.906042337028588163e-01 2.077161277557369431e+03
8.685112768820903995e-01 1.959802740113862455e+03
9.540953689793428838e-01 1.851867281769824331e+03
1.048113015153642191e+00 0.000000000000000000e+00
