1.048113066601954503e-02 6.539608846868848923e+04
1.151395323963562076e-02 0.000000000000000000e+00
1.264855132798976302e-02 1.032125206235965888e+05
1.389495400641860279e-02 9.284787971200051834e+04
1.526417862678452857e-02 1.216632334808412852e+05
1.676832820337198493e-02 0.000000000000000000e+00
1.842069839530119726e-02 8.597592280762495648e+04
2.023589503111089191e-02 7.690447907447197940e+04
2.222996321434766651e-02 6.666570112857698405e+04
2.442052915136719640e-02 5.668522219808987575e+04
2.682695595500901239e-02 8.399348469294389361e+04
2.947051480134291537e-02 7.891963877243797469e+04
3.237457295239669353e-02 6.037930424830496486e+04
3.556480030685772731e-02 5.764957129616122256e+04
3.906939630451649464e-02 4.562382718934572767e+04
4.291933919013282694e-02 3.920528919748005137e+04
4.714865984004791566e-02 3.648423909437338443e+04
5.179474257198286163e-02 3.163442746147074649e+04
5.689865559697841746e-02 2.837717796015261411e+04
6.250551403444545850e-02 2.709303360669113681e+04
6.866487869913283359e-02 2.537266315785553888e+04
7.543119418501802176e-02 2.169822785690029559e+04
8.286427011848424007e-02 1.983400300581952251e+04
9.102980983473445142e-02 1.774596593398432742e+04
9.999999115058272325e-02 1.444885496672029876e+04
1.098541043672585787e-01 1.222623277725155640e+04
1.206792531427361148e-01 1.039239236102228824e+04
1.325711244288214907e-01 9.489946926961469217e+03
1.456348342787200378e-01 8.602328962548766867e+03
1.599858570014452974e-01 7.451277325610829394e+03
1.757510458761641914e-01 6.265280425354529143e+03
1.930697544488981787e-01 5.583002487831460712e+03
2.120950683230800604e-01 4.875674582858486247e+03
2.329951583321586417e-01 4.306762231663195053e+03
2.559547670553742882e-01 3.783070032581295891e+03
2.811768418164965477e-01 3.324695544960591178e+03
3.088843286001189403e-01 2.985167052557272655e+03
3.393221427425128778e-01 2.668828511114420962e+03
3.727593338166072523e-01 2.381053172345228177e+03
4.094914638472018087e-01 2.151079959305226112e+03
4.498432198782237879e-01 1.936500785226069183e+03
4.941712839853393824e-01 1.756591165066749909e+03
5.428674861028858212e-01 1.600326985487698494e+03
5.963622675339625978e-01 1.460477574979839574e+03
6.551284857587630350e-01 1.339302316343750135e+03
7.196855941730535555e-01 1.233395372693298896e+03
7.906042337028588163e-01 1.133533394350290109e+03
8.685112768820903995e-01 1.045516658514637129e+03
9.540953689793428838e-01 9.649599748440004987e+02
1.048113015153642191e+00 0.000000000000000000e+00
