1.048113066601954503e-02 1.807253308739542845e+05
1.151395323963562076e-02 0.000000000000000000e+00
1.264855132798976302e-02 1.333472173446831293e+05
1.389495400641860279e-02 1.292513100996915600e+05
1.526417862678452857e-02 1.006816216956943099e+05
1.676832820337198493e-02 0.000000000000000000e+00
1.842069839530119726e-02 1.404167873273571895e+05
2.023589503111089191e-02 1.022944243446174369e+05
2.222996321434766651e-02 1.087851395388309611e+05
2.442052915136719640e-02 1.113282405655484035e+05
2.682695595500901239e-02 1.095239353451202624e+05
2.947051480134291537e-02 9.203768904998073413e+04
3.237457295239669353e-02 1.180121976257341012e+05
3.556480030685772731e-02 1.126876933229741408e+05
3.906939630451649464e-02 8.957759103830929962e+04
4.291933919013282694e-02 8.419156667714739160e+04
4.714865984004791566e-02 8.516247311319690198e+04
5.179474257198286163e-02 8.261303293467010371e+04
5.689865559697841746e-02 7.585961484405191732e+04
6.250551403444545850e-02 6.832978960146251484e+04
6.866487869913283359e-02 6.472285295059383498e+04
7.543119418501802176e-02 5.824825067757339275e+04
8.286427011848424007e-02 5.429528335630071524e+04
9.102980983473445142e-02 5.224301366888683697e+04
9.999999115058272325e-02 4.461189221921759599e+04
1.098541043672585787e-01 4.064330035399929329e+04
1.206792531427361148e-01 3.708706224599249981e+04
1.325711244288214907e-01 3.375826382863985782e+04
1.456348342787200378e-01 3.135533415342491207e+04
1.599858570014452974e-01 2.774746298734372249e+04
1.757510458761641914e-01 2.557442928791786835e+04
1.930697544488981787e-01 2.309737090768940470e+04
2.120950683230800604e-01 2.144384329804269146e+04
2.329951583321586417e-01 1.936732305149581953e+04
2.559547670553742882e-01 1.809747639371417972e+04
2.811768418164965477e-01 1.657484333305946348e+04
3.088843286001189403e-01 1.540653201910583812e+04
3.393221427425128778e-01 1.435884747613729269e+04
3.727593338166072523e-01 1.342439932780365234e+04
4.094914638472018087e-01 1.257600521929956085e+04
4.498432198782237879e-01 1.186575186094835954e+04
4.941712839853393824e-01 1.125537676525844290e+04
5.428674861028858212e-01 1.066376073219284808e+04
5.963622675339625978e-01 1.009921022924922727e+04
6.551284857587630350e-01 9.606129590281901983e+03
7.196855941730535555e-01 9.122359862949942908e+03
7.906042337028588163e-01 8.691301149580793208e+03
8.685112768820903995e-01 8.244522864292430313e+03
9.540953689793428838e-01 7.829440228110655880e+03
1.048113015153642191e+00 0.000000000000000000e+00
