1.048113066601954503e-02 4.356940740884752449e+04
1.151395323963562076e-02 0.000000000000000000e+00
1.264855132798976302e-02 9.896237851568512269e+03
1.389495400641860279e-02 4.377494651552948926e+04
1.526417862678452857e-02 5.593716806761663611e+04
1.676832820337198493e-02 0.000000000000000000e+00
1.842069839530119726e-02 5.356962298583511438e+04
2.023589503111089191e-02 4.854519278470917197e+04
2.222996321434766651e-02 7.726908101840743620e+04
2.442052915136719640e-02 4.727575676205260970e+04
2.682695595500901239e-02 5.751315886980131472e+04
2.947051480134291537e-02 5.073702477488767181e+04
3.237457295239669353e-02 4.605474677535350929e+04
3.556480030685772731e-02 3.240719355367976095e+04
3.906939630451649464e-02 4.149387930088827125e+04
4.291933919013282694e-02 3.975501282234756945e+04
4.714865984004791566e-02 3.505166090766087291e+04
5.179474257198286163e-02 3.271789933512584685e+04
5.689865559697841746e-02 2.991979584633619379e+04
6.250551403444545850e-02 2.786723708644820726e+04
6.866487869913283359e-02 2.454040603756218115e+04
7.543119418501802176e-02 2.351404177617723326e+04
8.286427011848424007e-02 2.186697892647714616e+04
9.102980983473445142e-02 1.922006369040543723e+04
9.999999115058272325e-02 1.561576511272780408e+04
1.098541043672585787e-01 1.374567217781181171e+04
1.206792531427361148e-01 1.308646718868001335e+04
1.325711244288214907e-01 1.204900746974729373e+04
1.456348342787200378e-01 1.046220553693098736e+04
1.599858570014452974e-01 9.269590222099177481e+03
1.757510458761641914e-01 8.194224945513818966e+03
1.930697544488981787e-01 7.385712922134047403e+03
2.120950683230800604e-01 6.572691843366796093e+03
2.329951583321586417e-01 5.805601350618076140e+03
2.559547670553742882e-01 5.220222072707405459e+03
2.811768418164965477e-01 4.708118071144692294e+03
3.088843286001189403e-01 4.242843762853985936e+03
3.393221427425128778e-01 3.826612576812455700e+03
3.727593338166072523e-01 3.472232013522968373e+03
4.094914638472018087e-01 3.180355201174699687e+03
4.498432198782237879e-01 2.923692446143897541e+03
4.941712839853393824e-01 2.681844812900431862e+03
5.428674861028858212e-01 2.473514626363567459e+03
5.963622675339625978e-01 2.299920056440886128e+03
6.551284857587630350e-01 2.133636639437659142e+03
7.196855941730535555e-01 1.990327329984201924e+03
7.906042337028588163e-01 1.855610115743967071e+03
8.685112768820903995e-01 1.735385367585938184e+03
9.540953689793428838e-01 1.628608285858411591e+03
1.048113015153642191e+00 0.000000000000000000e+00
