1.048113066601954503e-02 2.467230752025071706e+04
1.151395323963562076e-02 0.000000000000000000e+00
1.264855132798976302e-02 3.948910834925335075e+04
1.389495400641860279e-02 1.157045582635284809e+05
1.526417862678452857e-02 7.655527748940516904e+04
1.676832820337198493e-02 0.000000000000000000e+00
1.842069839530119726e-02 5.655333471293908224e+04
2.023589503111089191e-02 1.063895257907831983e+05
2.222996321434766651e-02 6.283611872431443771e+04
2.442052915136719640e-02 5.626811241804803285e+04
2.682695595500901239e-02 5.791313079449846555e+04
2.947051480134291537e-02 4.111568211201533995e+04
3.237457295239669353e-02 3.477961618123859807e+04
3.556480030685772731e-02 2.682358031417133679e+04
3.906939630451649464e-02 2.458901521958964804e+04
4.291933919013282694e-02 2.101771206818412247e+04
4.714865984004791566e-02 2.109457500458733921e+04
5.179474257198286163e-02 2.199602081198561064e+04
5.689865559697841746e-02 2.120644841732249552e+04
6.250551403444545850e-02 2.284280473332742258e+04
6.866487869913283359e-02 1.952850178274684731e+04
7.543119418501802176e-02 1.571431979563429377e+04
8.286427011848424007e-02 1.144032295518144565e+04
9.102980983473445142e-02 8.955725622319088870e+03
9.999999115058272325e-02 7.895166890051465089e+03
1.098541043672585787e-01 8.321410690764158062e+03
1.206792531427361148e-01 7.699335799014750592e+03
1.325711244288214907e-01 6.296376481543604314e+03
1.456348342787200378e-01 4.906996693483486524e+03
1.599858570014452974e-01 4.330626410190585375e+03
1.757510458761641914e-01 4.060116333336341995e+03
1.930697544488981787e-01 3.510570279351893987e+03
2.120950683230800604e-01 2.985402883581019978e+03
2.329951583321586417e-01 2.662890095665349236e+03
2.559547670553742882e-01 2.321564040239788937e+03
2.811768418164965477e-01 2.032816340039538773e+03
3.088843286001189403e-01 1.820517490829932512e+03
3.393221427425128778e-01 1.611858866861555725e+03
3.727593338166072523e-01 1.440955328276442970e+03
4.094914638472018087e-01 1.285006299991988499e+03
4.498432198782237879e-01 1.160578573163054898e+03
4.941712839853393824e-01 1.052105226706873964e+03
5.428674861028858212e-01 9.509245594069514027e+02
5.963622675339625978e-01 8.674894643708921649e+02
6.551284857587630350e-01 7.910178107683872213e+02
7.196855941730535555e-01 7.263994224327030906e+02
7.906042337028588163e-01 6.692622869254822717e+02
8.685112768820903995e-01 6.179768591406889300e+02
9.540953689793428838e-01 5.714511376764252191e+02
1.048113015153642191e+00 0.000000000000000000e+00
