1.048113066601954503e-02 2.060588656436907477e+05
1.151395323963562076e-02 0.000000000000000000e+00
1.264855132798976302e-02 7.210391360614300356e+04
1.389495400641860279e-02 5.254565064221358625e+04
1.526417862678452857e-02 1.038036489286086871e+05
1.676832820337198493e-02 0.000000000000000000e+00
1.842069839530119726e-02 7.960569369565913803e+04
2.023589503111089191e-02 8.966918568336204044e+04
2.222996321434766651e-02 1.352372421304211312e+05
2.442052915136719640e-02 1.083328049261646083e+05
2.682695595500901239e-02 9.116297481362133112e+04
2.947051480134291537e-02 9.304310851159237791e+04
3.237457295239669353e-02 6.775473575683962554e+04
3.556480030685772731e-02 5.106554805753695837e+04
3.906939630451649464e-02 6.004820641841284669e+04
4.291933919013282694e-02 5.035430160555867769e+04
4.714865984004791566e-02 5.035172786415804876e+04
5.179474257198286163e-02 4.536620427084265248e+04
5.689865559697841746e-02 4.088171101835224545e+04
6.250551403444545850e-02 3.666230921314717853e+04
6.866487869913283359e-02 3.386502533701439825e+04
7.543119418501802176e-02 3.257114019110628578e+04
8.286427011848424007e-02 3.009923046582159805e+04
9.102980983473445142e-02 2.653450037272667032e+04
9.999999115058272325e-02 2.265172942737737321e+04
1.098541043672585787e-01 1.780344934022377129e+04
1.206792531427361148e-01 1.699368867676764057e+04
1.325711244288214907e-01 1.542070265799597837e+04
1.456348342787200378e-01 1.423759685308675034e+04
1.599858570014452974e-01 1.244728003292666108e+04
1.757510458761641914e-01 1.100645787074277359e+04
1.930697544488981787e-01 9.751619013039673519e+03
2.120950683230800604e-01 8.829473117797228042e+03
2.329951583321586417e-01 7.882496682975921431e+03
2.559547670553742882e-01 7.202495716545543473e+03
2.811768418164965477e-01 6.559295875996323957e+03
3.088843286001189403e-01 5.959254174082811005e+03
3.393221427425128778e-01 5.470549074990274676e+03
3.727593338166072523e-01 4.989113574839635476e+03
4.094914638472018087e-01 4.637544521982865263e+03
4.498432198782237879e-01 4.282524591933175543e+03
4.941712839853393824e-01 3.984303491409377784e+03
5.428674861028858212e-01 3.704423032292881999e+03
5.963622675339625978e-01 3.471295888324846601e+03
6.551284857587630350e-01 3.256777076235216100e+03
7.196855941730535555e-01 3.053242893863881818e+03
7.906042337028588163e-01 2.862608760781020010e+03
8.685112768820903995e-01 2.686312147984787316e+03
9.540953689793428838e-01 2.519415298090460055e+03
1.048113015153642191e+00 0.000000000000000000e+00
