1.048113066601954503e-02 4.943434180155306967e+04
1.151395323963562076e-02 0.000000000000000000e+00
1.264855132798976302e-02 7.804048366880443064e+04
1.389495400641860279e-02 7.022587083911332593e+04
1.526417862678452857e-02 9.201988630477561674e+04
1.676832820337198493e-02 0.000000000000000000e+00
1.842069839530119726e-02 6.503778297659985401e+04
2.023589503111089191e-02 5.814655820643357583e+04
2.222996321434766651e-02 5.035604457649258984e+04
2.442052915136719640e-02 4.290871901899726072e+04
2.682695595500901239e-02 6.348670816854251461e+04
2.947051480134291537e-02 5.961362239898304688e+04
3.237457295239669353e-02 4.559077413397146302e+04
3.556480030685772731e-02 4.353385279077515588e+04
3.906939630451649464e-02 3.441192224851858191e+04
4.291933919013282694e-02 2.959583033033370884e+04
4.714865984004791566e-02 2.750642474819767085e+04
5.179474257198286163e-02 2.385804084274778870e+04
5.689865559697841746e-02 2.136803659229086770e+04
6.250551403444545850e-02 2.040241776651957844e+04
6.866487869913283359e-02 1.908801501489210568e+04
7.543119418501802176e-02 1.631240352008214359e+04
8.286427011848424007e-02 1.488806861723263319e+04
9.102980983473445142e-02 1.329988945645068088e+04
9.999999115058272325e-02 1.080815829365876925e+04
1.098541043672585787e-01 9.135264940699473300e+03
1.206792531427361148e-01 7.749137335864072156e+03
1.325711244288214907e-01 7.065655622708921328e+03
1.456348342787200378e-01 6.389449688067047646e+03
1.599858570014452974e-01 5.521341001472781500e+03
1.757510458761641914e-01 4.630538751595076064e+03
1.930697544488981787e-01 4.115452242496619874e+03
2.120950683230800604e-01 3.586225280740351536e+03
2.329951583321586417e-01 3.158114608005008449e+03
2.559547670553742882e-01 2.765515794419141457e+03
2.811768418164965477e-01 2.422771288447583174e+03
3.088843286001189403e-01 2.168290639721930347e+03
3.393221427425128778e-01 1.931806895529343365e+03
3.727593338166072523e-01 1.717928021080024337e+03
4.094914638472018087e-01 1.546355744723494581e+03
4.498432198782237879e-01 1.387123116866211149e+03
4.941712839853393824e-01 1.253689858437120620e+03
5.428674861028858212e-01 1.138004051350995496e+03
5.963622675339625978e-01 1.034753302854536059e+03
6.551284857587630350e-01 9.454258112284779827e+02
7.196855941730535555e-01 8.674376127571729285e+02
7.906042337028588163e-01 7.942654039551556480e+02
8.685112768820903995e-01 7.299276534106351164e+02
9.540953689793428838e-01 6.711369587198844329e+02
1.048113015153642191e+00 0.000000000000000000e+00
