1.048113066601954503e-02 3.414349551996678929e+04
1.151395323963562076e-02 0.000000000000000000e+00
1.264855132798976302e-02 1.024329794926048635e+05
1.389495400641860279e-02 3.701501377240942384e+04
1.526417862678452857e-02 7.983301895841100486e+04
1.676832820337198493e-02 0.000000000000000000e+00
1.842069839530119726e-02 7.346627690426722984e+04
2.023589503111089191e-02 7.847172956324194092e+04
2.222996321434766651e-02 6.608284038498582959e+04
2.442052915136719640e-02 1.067283318902187020e+05
2.682695595500901239e-02 7.432538504031028424e+04
2.947051480134291537e-02 5.966339950882619451e+04
3.237457295239669353e-02 4.755368240528378374e+04
3.556480030685772731e-02 6.013260329068288411e+04
3.906939630451649464e-02 6.413101725103237550e+04
4.291933919013282694e-02 4.755859140943573584e+04
4.714865984004791566e-02 4.283606853285979014e+04
5.179474257198286163e-02 4.349553284109066590e+04
5.689865559697841746e-02 4.140435091167491919e+04
6.250551403444545850e-02 3.869831491539769195e+04
6.866487869913283359e-02 3.672267705737155484e+04
7.543119418501802176e-02 3.303792134352318681e+04
8.286427011848424007e-02 3.031204134098133363e+04
9.102980983473445142e-02 2.794940557285499017e+04
9.999999115058272325e-02 2.401511965815723670e+04
1.098541043672585787e-01 2.072654430344256616e+04
1.206792531427361148e-01 1.835678139368520715e+04
1.325711244288214907e-01 1.667339006515995425e+04
1.456348342787200378e-01 1.579352174118141556e+04
1.599858570014452974e-01 1.406305582001251241e+04
1.757510458761641914e-01 1.211619023086176276e+04
1.930697544488981787e-01 1.117127388274318582e+04
2.120950683230800604e-01 1.022066179548506443e+04
2.329951583321586417e-01 9.283609073226212786e+03
2.559547670553742882e-01 8.441863276829506503e+03
2.811768418164965477e-01 7.668906366436949611e+03
3.088843286001189403e-01 7.063947882374085566e+03
3.393221427425128778e-01 6.487917506006700933e+03
3.727593338166072523e-01 5.960982434901168745e+03
4.094914638472018087e-01 5.573651553582983979e+03
4.498432198782237879e-01 5.168742441599099038e+03
4.941712839853393824e-01 4.849611294187991007e+03
5.428674861028858212e-01 4.557178869491183832e+03
5.963622675339625978e-01 4.270721832491276473e+03
6.551284857587630350e-01 4.042052246988378101e+03
7.196855941730535555e-01 3.819611359731656194e+03
7.906042337028588163e-01 3.602120123136421171e+03
8.685112768820903995e-01 3.418762996808409298e+03
9.540953689793428838e-01 3.236027228839973304e+03
1.048113015153642191e+00 0.000000000000000000e+00
