1.048113066601954503e-02 8.046971016764786327e+04
1.151395323963562076e-02 0.000000000000000000e+00
1.264855132798976302e-02 2.883593838242128259e+05
1.389495400641860279e-02 2.184498055434648122e+05
1.526417862678452857e-02 1.178533024536269950e+05
1.676832820337198493e-02 0.000000000000000000e+00
1.842069839530119726e-02 1.869533427839477954e+05
2.023589503111089191e-02 1.758091304466430738e+05
2.222996321434766651e-02 2.002060287145003094e+05
2.442052915136719640e-02 1.446875464027362177e+05
2.682695595500901239e-02 1.284590781526654755e+05
2.947051480134291537e-02 1.315808843789382372e+05
3.237457295239669353e-02 1.261754018352468411e+05
3.556480030685772731e-02 1.201233056171461794e+05
3.906939630451649464e-02 1.036886428621477971e+05
4.291933919013282694e-02 1.031543923181073042e+05
4.714865984004791566e-02 8.515462853471300332e+04
5.179474257198286163e-02 6.852972805081502884e+04
5.689865559697841746e-02 6.454293667371227639e+04
6.250551403444545850e-02 5.838137398776484770e+04
6.866487869913283359e-02 5.831159868096677383e+04
7.543119418501802176e-02 4.927560113541605824e+04
8.286427011848424007e-02 4.814198295091380714e+04
9.102980983473445142e-02 4.202978454082550161e+04
9.999999115058272325e-02 3.507878276079623902e+04
1.098541043672585787e-01 3.020993323797564153e+04
1.206792531427361148e-01 2.792574160147104703e+04
1.325711244288214907e-01 2.555950924867198773e+04
1.456348342787200378e-01 2.328936997189495378e+04
1.599858570014452974e-01 1.958608011301595616e+04
1.757510458761641914e-01 1.780788707326110671e+04
1.930697544488981787e-01 1.573767707562447868e+04
2.120950683230800604e-01 1.450112178148220482e+04
2.329951583321586417e-01 1.290003688667412098e+04
2.559547670553742882e-01 1.179248777511576191e+04
2.811768418164965477e-01 1.057350776488534575e+04
3.088843286001189403e-01 9.577150023590404089e+03
3.393221427425128778e-01 8.788995415185216189e+03
3.727593338166072523e-01 8.034236589556497165e+03
4.094914638472018087e-01 7.419603672538123647e+03
4.498432198782237879e-01 6.895050061615489540e+03
4.941712839853393824e-01 6.387217645253787850e+03
5.428674861028858212e-01 5.935820898749438129e+03
5.963622675339625978e-01 5.540487425219137549e+03
6.551284857587630350e-01 5.178410615065855382e+03
7.196855941730535555e-01 4.852835387497117154e+03
7.906042337028588163e-01 4.553904522721551984e+03
8.685112768820903995e-01 4.283600504445976185e+03
9.540953689793428838e-01 4.026472516046215787e+03
1.048113015153642191e+00 0.000000000000000000e+00
