1.048113066601954503e-02 1.092002768260337325e+05
1.151395323963562076e-02 0.000000000000000000e+00
1.264855132798976302e-02 1.338486294768469525e+05
1.389495400641860279e-02 7.620356443972366105e+04
1.526417862678452857e-02 5.288150656464037456e+04
1.676832820337198493e-02 0.000000000000000000e+00
1.842069839530119726e-02 6.750358377156504139e+04
2.023589503111089191e-02 1.044376184432528098e+05
2.222996321434766651e-02 6.229996061220287811e+04
2.442052915136719640e-02 7.455314699394698255e+04
2.682695595500901239e-02 6.511607874541345518e+04
2.947051480134291537e-02 5.881717769781525567e+04
3.237457295239669353e-02 6.043024706812598015e+04
3.556480030685772731e-02 5.598274951554648578e+04
3.906939630451649464e-02 4.606559090968501550e+04
4.291933919013282694e-02 4.068455664620410971e+04
4.714865984004791566e-02 3.658267602107951825e+04
5.179474257198286163e-02 3.788285865077201015e+04
5.689865559697841746e-02 3.457924320791797800e+04
6.250551403444545850e-02 3.276187651812588956e+04
6.866487869913283359e-02 2.740734072177387498e+04
7.543119418501802176e-02 2.405579494939783399e+04
8.286427011848424007e-02 1.967507363633708519e+04
9.102980983473445142e-02 1.739457615024372353e+04
9.999999115058272325e-02 1.552543371033733274e+04
1.098541043672585787e-01 1.448593578964259359e+04
1.206792531427361148e-01 1.288552322987408115e+04
1.325711244288214907e-01 1.090981715643339521e+04
1.456348342787200378e-01 9.708601249759609345e+03
1.599858570014452974e-01 8.494577401075872331e+03
1.757510458761641914e-01 7.429905867636630319e+03
1.930697544488981787e-01 6.567571763063569961e+03
2.120950683230800604e-01 5.971683319764448242e+03
2.329951583321586417e-01 5.259591132143941650e+03
2.559547670553742882e-01 4.699596417862747330e+03
2.811768418164965477e-01 4.223372228358047323e+03
3.088843286001189403e-01 3.817106252850244800e+03
3.393221427425128778e-01 3.462633989221797492e+03
3.727593338166072523e-01 3.142784031188786685e+03
4.094914638472018087e-01 2.867830906823908208e+03
4.498432198782237879e-01 2.632024392250937126e+03
4.941712839853393824e-01 2.430256071377066291e+03
5.428674861028858212e-01 2.243514084016161178e+03
5.963622675339625978e-01 2.082190276149826786e+03
6.551284857587630350e-01 1.933442256212702887e+03
7.196855941730535555e-01 1.797621794998367022e+03
7.906042337028588163e-01 1.676174917637025601e+03
8.685112768820903995e-01 1.562681587912998111e+03
9.540953689793428838e-01 1.459437720260378228e+03
1.048113015153642191e+00 0.000000000000000000e+00
