1.048113066601954503e-02 1.165158264959260559e+05
1.151395323963562076e-02 0.000000000000000000e+00
1.264855132798976302e-02 7.773699623123707715e+04
1.389495400641860279e-02 9.277872385100858810e+04
1.526417862678452857e-02 9.331902572239450819e+04
1.676832820337198493e-02 0.000000000000000000e+00
1.842069839530119726e-02 4.862959137969241419e+04
2.023589503111089191e-02 6.934531318644979910e+04
2.222996321434766651e-02 6.316088351255540329e+04
2.442052915136719640e-02 1.025723191300174076e+05
2.682695595500901239e-02 7.698810348864698608e+04
2.947051480134291537e-02 6.492493918443351140e+04
3.237457295239669353e-02 7.073277705075489939e+04
3.556480030685772731e-02 7.095487446198872931e+04
3.906939630451649464e-02 5.677009781581631978e+04
4.291933919013282694e-02 5.488333414006243402e+04
4.714865984004791566e-02 5.057642473729787162e+04
5.179474257198286163e-02 4.621548429986910196e+04
5.689865559697841746e-02 4.374269056092995743e+04
6.250551403444545850e-02 4.130099265103961807e+04
6.866487869913283359e-02 3.913638466669620539e+04
7.543119418501802176e-02 3.527378028889630514e+04
8.286427011848424007e-02 3.127123060065329628e+04
9.102980983473445142e-02 2.684755150520226744e+04
9.999999115058272325e-02 2.322403151888770662e+04
1.098541043672585787e-01 2.095010876147625822e+04
1.206792531427361148e-01 1.908600920474740997e+04
1.325711244288214907e-01 1.754504006791273423e+04
1.456348342787200378e-01 1.600552622025356686e+04
1.599858570014452974e-01 1.370287217579981007e+04
1.757510458761641914e-01 1.231122681668105724e+04
1.930697544488981787e-01 1.124128752986461950e+04
2.120950683230800604e-01 1.014025521794455926e+04
2.329951583321586417e-01 9.204616193176552770e+03
2.559547670553742882e-01 8.348616241526713566e+03
2.811768418164965477e-01 7.588415775318919259e+03
3.088843286001189403e-01 6.952973524874733812e+03
3.393221427425128778e-01 6.344228623093120405e+03
3.727593338166072523e-01 5.905376192740097395e+03
4.094914638472018087e-01 5.479885402581403469e+03
4.498432198782237879e-01 5.080764043592082089e+03
4.941712839853393824e-01 4.730403989566580094e+03
5.428674861028858212e-01 4.421151700366226578e+03
5.963622675339625978e-01 4.153004610941537976e+03
6.551284857587630350e-01 3.896161235261524780e+03
7.196855941730535555e-01 3.656096631172636990e+03
7.906042337028588163e-01 3.446287978760296937e+03
8.685112768820903995e-01 3.249574997253972469e+03
9.540953689793428838e-01 3.061282239317673884e+03
1.048113015153642191e+00 0.000000000000000000e+00
