1.048113066601954503e-02 1.950118122521498590e+05
1.151395323963562076e-02 0.000000000000000000e+00
1.264855132798976302e-02 2.437515111193310295e+05
1.389495400641860279e-02 3.191175682552757207e+05
1.526417862678452857e-02 2.750344232441650238e+05
1.676832820337198493e-02 0.000000000000000000e+00
1.842069839530119726e-02 2.807255040253991610e+05
2.023589503111089191e-02 2.009679455050107208e+05
2.222996321434766651e-02 2.144635233412604721e+05
2.442052915136719640e-02 1.391533736527102592e+05
2.682695595500901239e-02 1.631748340790764196e+05
2.947051480134291537e-02 1.761764980809240951e+05
3.237457295239669353e-02 1.224101078463746962e+05
3.556480030685772731e-02 8.401697678991156863e+04
3.906939630451649464e-02 8.790625365814541874e+04
4.291933919013282694e-02 8.329627938196879404e+04
4.714865984004791566e-02 7.036048475709995546e+04
5.179474257198286163e-02 6.096492337921319995e+04
5.689865559697841746e-02 6.352406426609689515e+04
6.250551403444545850e-02 5.765362545343501552e+04
6.866487869913283359e-02 5.370842937616796553e+04
7.543119418501802176e-02 4.213408421007420839e+04
8.286427011848424007e-02 3.389349450598279509e+04
9.102980983473445142e-02 2.817047052275042734e+04
9.999999115058272325e-02 2.504295170174537998e+04
1.098541043672585787e-01 2.180380575354826215e+04
1.206792531427361148e-01 2.055301133211073466e+04
1.325711244288214907e-01 1.824221210035746481e+04
1.456348342787200378e-01 1.525564066722892312e+04
1.599858570014452974e-01 1.323589816588810572e+04
1.757510458761641914e-01 1.194653707302656585e+04
1.930697544488981787e-01 1.067384447060536513e+04
2.120950683230800604e-01 9.373193952268034991e+03
2.329951583321586417e-01 8.392939250294093654e+03
2.559547670553742882e-01 7.588332714215288433e+03
2.811768418164965477e-01 6.742439526693815424e+03
3.088843286001189403e-01 6.068265789276321811e+03
3.393221427425128778e-01 5.543256026294644471e+03
3.727593338166072523e-01 5.068631166347985527e+03
4.094914638472018087e-01 4.636172401984960743e+03
4.498432198782237879e-01 4.257677675572855151e+03
4.941712839853393824e-01 3.910266420971124717e+03
5.428674861028858212e-01 3.616034938882956340e+03
5.963622675339625978e-01 3.359317299031547918e+03
6.551284857587630350e-01 3.120928483769926970e+03
7.196855941730535555e-01 2.909976533560804000e+03
7.906042337028588163e-01 2.705328679874806312e+03
8.685112768820903995e-01 2.517877754308126896e+03
9.540953689793428838e-01 2.340673137964562557e+03
1.048113015153642191e+00 0.000000000000000000e+00
