1.048113066601954503e-02 3.752582544730670634e+04
1.151395323963562076e-02 0.000000000000000000e+00
1.264855132798976302e-02 3.726059153189972130e+04
1.389495400641860279e-02 1.004735024292233866e+05
1.526417862678452857e-02 7.456777892693001195e+04
1.676832820337198493e-02 0.000000000000000000e+00
1.842069839530119726e-02 3.095307287783858919e+04
2.023589503111089191e-02 6.105975748865252535e+04
2.222996321434766651e-02 5.395127229664424522e+04
2.442052915136719640e-02 5.919414795129589038e+04
2.682695595500901239e-02 6.304529535523306549e+04
2.947051480134291537e-02 6.502384927523638180e+04
3.237457295239669353e-02 5.231523129080320359e+04
3.556480030685772731e-02 6.375364851212886424e+04
3.906939630451649464e-02 5.162193544744653627e+04
4.291933919013282694e-02 4.312331549098666437e+04
4.714865984004791566e-02 4.160900211914680403e+04
5.179474257198286163e-02 4.363582037672573642e+04
5.689865559697841746e-02 3.802364085941865778e+04
6.250551403444545850e-02 3.755830831092702283e+04
6.866487869913283359e-02 3.367753645397676883e+04
7.543119418501802176e-02 3.226837301003706671e+04
8.286427011848424007e-02 2.988883719254027528e+04
9.102980983473445142e-02 2.706701148908536561e+04
9.999999115058272325e-02 2.402596000023539455e+04
1.098541043672585787e-01 2.032664374945959207e+04
1.206792531427361148e-01 1.904253509118278816e+04
1.325711244288214907e-01 1.783560450922276868e+04
1.456348342787200378e-01 1.619800512232658730e+04
1.599858570014452974e-01 1.425365023566652599e+04
1.757510458761641914e-01 1.291002357947033852e+04
1.930697544488981787e-01 1.169306319283516132e+04
2.120950683230800604e-01 1.089575042409825983e+04
2.329951583321586417e-01 9.892943197432190573e+03
2.559547670553742882e-01 9.134620494849177703e+03
2.811768418164965477e-01 8.344522294540827716e+03
3.088843286001189403e-01 7.728678596423002091e+03
3.393221427425128778e-01 7.167295767684974635e+03
3.727593338166072523e-01 6.677861646987917993e+03
4.094914638472018087e-01 6.267770076796789908e+03
4.498432198782237879e-01 5.878255040775638008e+03
4.941712839853393824e-01 5.540291689983776450e+03
5.428674861028858212e-01 5.211232140994205110e+03
5.963622675339625978e-01 4.917832568364537110e+03
6.551284857587630350e-01 4.637246240274554111e+03
7.196855941730535555e-01 4.379547636906984735e+03
7.906042337028588163e-01 4.129405811609861303e+03
8.685112768820903995e-01 3.897258197275418297e+03
9.540953689793428838e-01 3.666404811601141773e+03
1.048113015153642191e+00 0.000000000000000000e+00
