1.048113066601954503e-02 2.516208075580911245e+05
1.151395323963562076e-02 0.000000000000000000e+00
1.264855132798976302e-02 2.263338168354497175e+05
1.389495400641860279e-02 2.887668698882664903e+05
1.526417862678452857e-02 2.641302750138205010e+05
1.676832820337198493e-02 0.000000000000000000e+00
1.842069839530119726e-02 2.208320263311383605e+05
2.023589503111089191e-02 2.420709569106929994e+05
2.222996321434766651e-02 2.633092482850862434e+05
2.442052915136719640e-02 2.358380275485765596e+05
2.682695595500901239e-02 2.252801860483900527e+05
2.947051480134291537e-02 1.735361612066341331e+05
3.237457295239669353e-02 1.690081952354916721e+05
3.556480030685772731e-02 1.540114910336964822e+05
3.906939630451649464e-02 1.384777366214782523e+05
4.291933919013282694e-02 1.295339314383444726e+05
4.714865984004791566e-02 1.155429314401392476e+05
5.179474257198286163e-02 1.101830916541748156e+05
5.689865559697841746e-02 9.258664898468369211e+04
6.250551403444545850e-02 9.048676284303866851e+04
6.866487869913283359e-02 8.048598155143667827e+04
7.543119418501802176e-02 7.730019090813779621e+04
8.286427011848424007e-02 6.341166259979670576e+04
9.102980983473445142e-02 5.490153699591587065e+04
9.999999115058272325e-02 4.836221302828969783e+04
1.098541043672585787e-01 4.272345733929424750e+04
1.206792531427361148e-01 4.069722990209078125e+04
1.325711244288214907e-01 3.658187760042477021e+04
1.456348342787200378e-01 3.216311917938888655e+04
1.599858570014452974e-01 2.858331853992194374e+04
1.757510458761641914e-01 2.588514530261166510e+04
1.930697544488981787e-01 2.397833333297767604e+04
2.120950683230800604e-01 2.164594685005042265e+04
2.329951583321586417e-01 1.964844396473880624e+04
2.559547670553742882e-01 1.787154719877219031e+04
2.811768418164965477e-01 1.646082341725077640e+04
3.088843286001189403e-01 1.520729469685578806e+04
3.393221427425128778e-01 1.413567043612982343e+04
3.727593338166072523e-01 1.313776302097461303e+04
4.094914638472018087e-01 1.230892943604676657e+04
4.498432198782237879e-01 1.151737655004975932e+04
4.941712839853393824e-01 1.081229071513142662e+04
5.428674861028858212e-01 1.018378267335313649e+04
5.963622675339625978e-01 9.606079734381793969e+03
6.551284857587630350e-01 9.031587028893110983e+03
7.196855941730535555e-01 8.527565019107196349e+03
7.906042337028588163e-01 8.035237723725014803e+03
8.685112768820903995e-01 7.538735518639830843e+03
9.540953689793428838e-01 7.067867921316608772e+03
1.048113015153642191e+00 0.000000000000000000e+00
