1.048113066601954503e-02 4.273974902840953437e+05
1.151395323963562076e-02 0.000000000000000000e+00
1.264855132798976302e-02 1.936601411477182992e+05
1.389495400641860279e-02 2.605015072967229353e+05
1.526417862678452857e-02 2.650884296036451124e+05
1.676832820337198493e-02 0.000000000000000000e+00
1.842069839530119726e-02 1.961869346245285706e+05
2.023589503111089191e-02 1.259843329024948325e+05
2.222996321434766651e-02 9.214497263686796941e+04
2.442052915136719640e-02 1.139637048432601150e+05
2.682695595500901239e-02 1.170269768064278469e+05
2.947051480134291537e-02 7.071648920434655156e+04
3.237457295239669353e-02 5.986565310695191874e+04
3.556480030685772731e-02 5.502161377098786761e+04
3.906939630451649464e-02 4.222565841632308729e+04
4.291933919013282694e-02 4.343946289590874221e+04
4.714865984004791566e-02 3.899259320574281446e+04
5.179474257198286163e-02 3.705759667798377632e+04
5.689865559697841746e-02 3.517285459446229652e+04
6.250551403444545850e-02 3.158937359256238415e+04
6.866487869913283359e-02 2.687174860246621392e+04
7.543119418501802176e-02 2.075751664448211886e+04
8.286427011848424007e-02 1.701896093786230995e+04
9.102980983473445142e-02 1.361843468760752148e+04
9.999999115058272325e-02 1.255190620049223071e+04
1.098541043672585787e-01 1.099101609114774874e+04
1.206792531427361148e-01 9.727925558151910082e+03
1.325711244288214907e-01 8.080078836289296305e+03
1.456348342787200378e-01 6.755556133867525205e+03
1.599858570014452974e-01 5.920217567936786509e+03
1.757510458761641914e-01 5.170337727465857824e+03
1.930697544488981787e-01 4.407021961335027299e+03
2.120950683230800604e-01 3.890927093471630542e+03
2.329951583321586417e-01 3.354327035730395437e+03
2.559547670553742882e-01 2.952715820415327471e+03
2.811768418164965477e-01 2.592834019673928651e+03
3.088843286001189403e-01 2.268515419950401792e+03
3.393221427425128778e-01 2.003649763249296939e+03
3.727593338166072523e-01 1.785384674532809640e+03
4.094914638472018087e-01 1.595497976434995962e+03
4.498432198782237879e-01 1.427974236892764338e+03
4.941712839853393824e-01 1.286610826356749158e+03
5.428674861028858212e-01 1.160848551838387266e+03
5.963622675339625978e-01 1.048682943077792288e+03
6.551284857587630350e-01 9.521093243283555694e+02
7.196855941730535555e-01 8.672533559457857564e+02
7.906042337028588163e-01 7.945403504716122143e+02
8.685112768820903995e-01 7.269800297255562782e+02
9.540953689793428838e-01 6.642976971195689657e+02
1.048113015153642191e+00 0.000000000000000000e+00
