1.048113066601954503e-02 1.599531958131587598e+05
1.151395323963562076e-02 0.000000000000000000e+00
1.264855132798976302e-02 1.769339997546059312e+05
1.389495400641860279e-02 8.233402803556903382e+04
1.526417862678452857e-02 8.535849884160871443e+04
1.676832820337198493e-02 0.000000000000000000e+00
1.842069839530119726e-02 1.135264738903997641e+05
2.023589503111089191e-02 6.933255984007520601e+04
2.222996321434766651e-02 8.878177053809174686e+04
2.442052915136719640e-02 8.370153424876308418e+04
2.682695595500901239e-02 7.509810456388304010e+04
2.947051480134291537e-02 6.310865165432865615e+04
3.237457295239669353e-02 6.615996323255320021e+04
3.556480030685772731e-02 6.795027912891478627e+04
3.906939630451649464e-02 4.877031644399098877e+04
4.291933919013282694e-02 5.231825562334580172e+04
4.714865984004791566e-02 4.740394417290495767e+04
5.179474257198286163e-02 4.031230478870622755e+04
5.689865559697841746e-02 3.787648726774809620e+04
6.250551403444545850e-02 3.480241153328052314e+04
6.866487869913283359e-02 3.248599584894208238e+04
7.543119418501802176e-02 2.790923085917959543e+04
8.286427011848424007e-02 2.367868166659101553e+04
9.102980983473445142e-02 1.903317534414445981e+04
9.999999115058272325e-02 1.711085160332067971e+04
1.098541043672585787e-01 1.563584001185964371e+04
1.206792531427361148e-01 1.443593167087050824e+04
1.325711244288214907e-01 1.235403037286406288e+04
1.456348342787200378e-01 1.040094791304105456e+04
1.599858570014452974e-01 9.185978079747890661e+03
1.757510458761641914e-01 8.187581871761090952e+03
1.930697544488981787e-01 7.341845020330886655e+03
2.120950683230800604e-01 6.285308893434330457e+03
2.329951583321586417e-01 5.587948608794948086e+03
2.559547670553742882e-01 4.953783540862544214e+03
2.811768418164965477e-01 4.370297014861344906e+03
3.088843286001189403e-01 3.922907535042070322e+03
3.393221427425128778e-01 3.511891805672131341e+03
3.727593338166072523e-01 3.141620674775289444e+03
4.094914638472018087e-01 2.833229804278726533e+03
4.498432198782237879e-01 2.572845121161505631e+03
4.941712839853393824e-01 2.338623090991817662e+03
5.428674861028858212e-01 2.146051955744900624e+03
5.963622675339625978e-01 1.965459151755745552e+03
6.551284857587630350e-01 1.800313542440786023e+03
7.196855941730535555e-01 1.663029043622387917e+03
7.906042337028588163e-01 1.539807057732619796e+03
8.685112768820903995e-01 1.427559266598874274e+03
9.540953689793428838e-01 1.329582078838036068e+03
1.048113015153642191e+00 0.000000000000000000e+00
