1.048113066601954503e-02 8.184199040188730578e+04
1.151395323963562076e-02 0.000000000000000000e+00
1.264855132798976302e-02 3.555311764022508869e+05
1.389495400641860279e-02 1.775101304601315351e+05
1.526417862678452857e-02 6.181035877157579671e+04
1.676832820337198493e-02 0.000000000000000000e+00
1.842069839530119726e-02 1.031061975526149326e+05
2.023589503111089191e-02 1.135756962366927182e+05
2.222996321434766651e-02 1.528180380522843916e+05
2.442052915136719640e-02 1.563599219189338037e+05
2.682695595500901239e-02 1.031276204337499948e+05
2.947051480134291537e-02 9.041387350229287404e+04
3.237457295239669353e-02 7.095507998294963909e+04
3.556480030685772731e-02 5.252975390216873348e+04
3.906939630451649464e-02 5.076464071149061783e+04
4.291933919013282694e-02 4.624736930655667675e+04
4.714865984004791566e-02 4.836654023492874694e+04
5.179474257198286163e-02 4.646471650753659924e+04
5.689865559697841746e-02 4.435663245012713014e+04
6.250551403444545850e-02 4.402839805726977647e+04
6.866487869913283359e-02 3.895432573059910646e+04
7.543119418501802176e-02 2.950829837818076339e+04
8.286427011848424007e-02 2.304539421041786773e+04
9.102980983473445142e-02 1.921392498593230630e+04
9.999999115058272325e-02 1.657004400518378679e+04
1.098541043672585787e-01 1.584316626187126349e+04
1.206792531427361148e-01 1.499092653330421672e+04
1.325711244288214907e-01 1.251027510762803468e+04
1.456348342787200378e-01 1.018181326272731167e+04
1.599858570014452974e-01 9.168435062406906582e+03
1.757510458761641914e-01 8.311430301684387814e+03
1.930697544488981787e-01 7.160788197820047571e+03
2.120950683230800604e-01 6.219309517363011764e+03
2.329951583321586417e-01 5.574488536666015534e+03
2.559547670553742882e-01 4.874463624736166821e+03
2.811768418164965477e-01 4.360384289649940001e+03
3.088843286001189403e-01 3.863793490049832144e+03
3.393221427425128778e-01 3.469422139620788130e+03
3.727593338166072523e-01 3.113334302453165492e+03
4.094914638472018087e-01 2.806113476645075934e+03
4.498432198782237879e-01 2.547980996195447460e+03
4.941712839853393824e-01 2.301244039652750871e+03
5.428674861028858212e-01 2.111875223722237934e+03
5.963622675339625978e-01 1.942866243540421237e+03
6.551284857587630350e-01 1.787729106393054735e+03
7.196855941730535555e-01 1.653733499279023135e+03
7.906042337028588163e-01 1.535856322121192761e+03
8.685112768820903995e-01 1.431296394594914091e+03
9.540953689793428838e-01 1.331067184482361426e+03
1.048113015153642191e+00 0.000000000000000000e+00
