1.048113066601954503e-02 3.168802228097256011e+04
1.151395323963562076e-02 0.000000000000000000e+00
1.264855132798976302e-02 1.856825668018962824e+04
1.389495400641860279e-02 3.365663372263218480e+04
1.526417862678452857e-02 3.031275536014139288e+04
1.676832820337198493e-02 0.000000000000000000e+00
1.842069839530119726e-02 3.711120022015323048e+04
2.023589503111089191e-02 3.661981796434865100e+04
2.222996321434766651e-02 2.217943148528797974e+04
2.442052915136719640e-02 3.658253806139406515e+04
2.682695595500901239e-02 4.629246316782465146e+04
2.947051480134291537e-02 2.686449050465363689e+04
3.237457295239669353e-02 2.786476197214328931e+04
3.556480030685772731e-02 2.935864106671718037e+04
3.906939630451649464e-02 2.287191369165608921e+04
4.291933919013282694e-02 2.368736076873277489e+04
4.714865984004791566e-02 2.730118771024307716e+04
5.179474257198286163e-02 2.302869680081143451e+04
5.689865559697841746e-02 1.707030927120256456e+04
6.250551403444545850e-02 1.805827869909522633e+04
6.866487869913283359e-02 1.750911766720699961e+04
7.543119418501802176e-02 1.582894809700825863e+04
8.286427011848424007e-02 1.406377203444493898e+04
9.102980983473445142e-02 1.327654167398289064e+04
9.999999115058272325e-02 1.128133405664426209e+04
1.098541043672585787e-01 1.006165325206213311e+04
1.206792531427361148e-01 8.690162724817890194e+03
1.325711244288214907e-01 7.927144973547114205e+03
1.456348342787200378e-01 7.170310783807994085e+03
1.599858570014452974e-01 6.480527875706945451e+03
1.757510458761641914e-01 5.497165437821526211e+03
1.930697544488981787e-01 4.947006104560195126e+03
2.120950683230800604e-01 4.393838355610008875e+03
2.329951583321586417e-01 3.901994951020602457e+03
2.559547670553742882e-01 3.482560202056575690e+03
2.811768418164965477e-01 3.100798310976243556e+03
3.088843286001189403e-01 2.772433487441028319e+03
3.393221427425128778e-01 2.489877244525423976e+03
3.727593338166072523e-01 2.243808625563580335e+03
4.094914638472018087e-01 2.029601476633247330e+03
4.498432198782237879e-01 1.837469114198101124e+03
4.941712839853393824e-01 1.674975599272164800e+03
5.428674861028858212e-01 1.531060255532551992e+03
5.963622675339625978e-01 1.405457744311624992e+03
6.551284857587630350e-01 1.295676244439053107e+03
7.196855941730535555e-01 1.197608906016687570e+03
7.906042337028588163e-01 1.107752181483732102e+03
8.685112768820903995e-01 1.028813434325794788e+03
9.540953689793428838e-01 9.583525761903956663e+02
1.048113015153642191e+00 0.000000000000000000e+00
