1.048113066601954503e-02 1.122073240325135994e+05
1.151395323963562076e-02 0.000000000000000000e+00
1.264855132798976302e-02 1.539515112232748652e+05
1.389495400641860279e-02 1.132811576635687670e+05
1.526417862678452857e-02 1.630806617752189632e+05
1.676832820337198493e-02 0.000000000000000000e+00
1.842069839530119726e-02 7.906943373689668078e+04
2.023589503111089191e-02 1.034578117880946957e+05
2.222996321434766651e-02 7.065955595996286138e+04
2.442052915136719640e-02 1.361071886733468855e+05
2.682695595500901239e-02 9.229595268924810807e+04
2.947051480134291537e-02 8.708732884786433715e+04
3.237457295239669353e-02 7.006303404704714194e+04
3.556480030685772731e-02 7.385367114692738687e+04
3.906939630451649464e-02 5.492924707163838320e+04
4.291933919013282694e-02 6.121171067617540393e+04
4.714865984004791566e-02 5.263570440047092416e+04
5.179474257198286163e-02 4.899663896356294572e+04
5.689865559697841746e-02 4.050552195784647483e+04
6.250551403444545850e-02 3.942147288200376352e+04
6.866487869913283359e-02 3.616805187462687172e+04
7.543119418501802176e-02 3.480767801487504039e+04
8.286427011848424007e-02 3.025342124875550871e+04
9.102980983473445142e-02 2.733402255797012549e+04
9.999999115058272325e-02 2.403272843934735647e+04
1.098541043672585787e-01 1.999523492485000679e+04
1.206792531427361148e-01 1.717645972924866146e+04
1.325711244288214907e-01 1.622059589989844244e+04
1.456348342787200378e-01 1.453267961489416120e+04
1.599858570014452974e-01 1.267311991191961715e+04
1.757510458761641914e-01 1.086995776258050864e+04
1.930697544488981787e-01 9.637944110318079765e+03
2.120950683230800604e-01 8.781452154856451671e+03
2.329951583321586417e-01 7.774727490192427467e+03
2.559547670553742882e-01 6.980543182234012420e+03
2.811768418164965477e-01 6.261994507977340618e+03
3.088843286001189403e-01 5.630944350123077129e+03
3.393221427425128778e-01 5.091707346673629218e+03
3.727593338166072523e-01 4.631841338501842074e+03
4.094914638472018087e-01 4.204102958500247951e+03
4.498432198782237879e-01 3.867345249931900526e+03
4.941712839853393824e-01 3.542429498825185874e+03
5.428674861028858212e-01 3.264090462788716195e+03
5.963622675339625978e-01 3.020752999477655067e+03
6.551284857587630350e-01 2.808955840046627600e+03
7.196855941730535555e-01 2.613576782496946180e+03
7.906042337028588163e-01 2.438055395437234438e+03
8.685112768820903995e-01 2.283097963537126816e+03
9.540953689793428838e-01 2.137673965092080834e+03
1.048113015153642191e+00 0.000000000000000000e+00
