1.048113066601954503e-02 4.682785024741481175e+04
1.151395323963562076e-02 0.000000000000000000e+00
1.264855132798976302e-02 3.846011375409307220e+04
1.389495400641860279e-02 5.502016143800738791e+04
1.526417862678452857e-02 7.322039183859791956e+04
1.676832820337198493e-02 0.000000000000000000e+00
1.842069839530119726e-02 4.809642101882038696e+04
2.023589503111089191e-02 6.805945831042487407e+04
2.222996321434766651e-02 6.211259262756894168e+04
2.442052915136719640e-02 5.655614943959729862e+04
2.682695595500901239e-02 5.898278101095654711e+04
2.947051480134291537e-02 6.527594044973923155e+04
3.237457295239669353e-02 5.504686085703050776e+04
3.556480030685772731e-02 5.403271023497772694e+04
3.906939630451649464e-02 5.118866358784341719e+04
4.291933919013282694e-02 4.031386671356920851e+04
4.714865984004791566e-02 3.043979893667559736e+04
5.179474257198286163e-02 3.293475252079059283e+04
5.689865559697841746e-02 3.276333061641521272e+04
6.250551403444545850e-02 3.074852510008071476e+04
6.866487869913283359e-02 2.772674303421028890e+04
7.543119418501802176e-02 2.704001203940395135e+04
8.286427011848424007e-02 2.509961527246652258e+04
9.102980983473445142e-02 2.232320485775329144e+04
9.999999115058272325e-02 1.849855632198457533e+04
1.098541043672585787e-01 1.620804116986773442e+04
1.206792531427361148e-01 1.458817621646784573e+04
1.325711244288214907e-01 1.340998451480208496e+04
1.456348342787200378e-01 1.255814206105853191e+04
1.599858570014452974e-01 1.114504041931953543e+04
1.757510458761641914e-01 9.836816130145742136e+03
1.930697544488981787e-01 8.842460757847075001e+03
2.120950683230800604e-01 8.108565858573919286e+03
2.329951583321586417e-01 7.328815847535343892e+03
2.559547670553742882e-01 6.695901287637076166e+03
2.811768418164965477e-01 6.105883609718443040e+03
3.088843286001189403e-01 5.614837831447975987e+03
3.393221427425128778e-01 5.193269444130693955e+03
3.727593338166072523e-01 4.802869440602364193e+03
4.094914638472018087e-01 4.484201818775803986e+03
4.498432198782237879e-01 4.174639889418588609e+03
4.941712839853393824e-01 3.920357380940340136e+03
5.428674861028858212e-01 3.670390508114150180e+03
5.963622675339625978e-01 3.445791270136470303e+03
6.551284857587630350e-01 3.235142490724421350e+03
7.196855941730535555e-01 3.047673309941323168e+03
7.906042337028588163e-01 2.865708072103329414e+03
8.685112768820903995e-01 2.700936085134648692e+03
9.540953689793428838e-01 2.532827664080627528e+03
1.048113015153642191e+00 0.000000000000000000e+00
