1.048113066601954503e-02 3.200548985181372700e+04
1.151395323963562076e-02 0.000000000000000000e+00
1.264855132798976302e-02 1.334613015837793318e+04
1.389495400641860279e-02 1.922498481932682989e+04
1.526417862678452857e-02 2.309575848753546597e+04
1.676832820337198493e-02 0.000000000000000000e+00
1.842069839530119726e-02 2.993139773448135384e+04
2.023589503111089191e-02 3.256172732740338688e+04
2.222996321434766651e-02 3.639784707583195996e+04
2.442052915136719640e-02 4.329079826770877116e+04
2.682695595500901239e-02 4.102649842493885808e+04
2.947051480134291537e-02 3.561419383071482298e+04
3.237457295239669353e-02 3.411815543042450008e+04
3.556480030685772731e-02 3.257232849396110032e+04
3.906939630451649464e-02 3.023106265593933495e+04
4.291933919013282694e-02 2.928888900732697948e+04
4.714865984004791566e-02 2.673195178233581100e+04
5.179474257198286163e-02 2.714471752901738364e+04
5.689865559697841746e-02 2.634524414371651801e+04
6.250551403444545850e-02 2.768088110054158460e+04
6.866487869913283359e-02 2.366987481578248480e+04
7.543119418501802176e-02 2.209992927910573417e+04
8.286427011848424007e-02 2.013343464575665712e+04
9.102980983473445142e-02 1.852894947217020308e+04
9.999999115058272325e-02 1.668399335179868285e+04
1.098541043672585787e-01 1.528214189076746879e+04
1.206792531427361148e-01 1.351707496865123903e+04
1.325711244288214907e-01 1.250258006005597599e+04
1.456348342787200378e-01 1.171515707277279216e+04
1.599858570014452974e-01 1.053473016089152406e+04
1.757510458761641914e-01 9.344997362978991077e+03
1.930697544488981787e-01 8.624900465788776273e+03
2.120950683230800604e-01 7.897013650429544214e+03
2.329951583321586417e-01 7.138063196100902132e+03
2.559547670553742882e-01 6.518378770095223445e+03
2.811768418164965477e-01 6.028681819422699846e+03
3.088843286001189403e-01 5.499411184500182571e+03
3.393221427425128778e-01 5.108098673939332002e+03
3.727593338166072523e-01 4.732766734007785089e+03
4.094914638472018087e-01 4.426083411533749313e+03
4.498432198782237879e-01 4.131731825044495963e+03
4.941712839853393824e-01 3.867155484857885313e+03
5.428674861028858212e-01 3.641855279860313203e+03
5.963622675339625978e-01 3.432273627104482330e+03
6.551284857587630350e-01 3.246581589317753242e+03
7.196855941730535555e-01 3.062059663645833552e+03
7.906042337028588163e-01 2.890532697920673399e+03
8.685112768820903995e-01 2.725680563081696619e+03
9.540953689793428838e-01 2.564803496769067351e+03
1.048113015153642191e+00 0.000000000000000000e+00
