1.048113066601954503e-02 1.053810127790366969e+05
1.151395323963562076e-02 0.000000000000000000e+00
1.264855132798976302e-02 1.820781584860737203e+05
1.389495400641860279e-02 1.200256431605285907e+05
1.526417862678452857e-02 1.484264820044595399e+05
1.676832820337198493e-02 0.000000000000000000e+00
1.842069839530119726e-02 1.395033651131582446e+05
2.023589503111089191e-02 9.042403233984371764e+04
2.222996321434766651e-02 9.326514499867754057e+04
2.442052915136719640e-02 1.356297776041993347e+05
2.682695595500901239e-02 8.389649140585600981e+04
2.947051480134291537e-02 8.652617124548688298e+04
3.237457295239669353e-02 9.670096274904203892e+04
3.556480030685772731e-02 7.940564411818824010e+04
3.906939630451649464e-02 6.117271045729176694e+04
4.291933919013282694e-02 6.696480825807589281e+04
4.714865984004791566e-02 5.623520833361629775e+04
5.179474257198286163e-02 5.827082636324228952e+04
5.689865559697841746e-02 4.725948491650501091e+04
6.250551403444545850e-02 4.742135270910831605e+04
6.866487869913283359e-02 4.510886975725110096e+04
7.543119418501802176e-02 4.056466664515782031e+04
8.286427011848424007e-02 3.586041894385807973e+04
9.102980983473445142e-02 3.154208434582297195e+04
9.999999115058272325e-02 2.549792100523306726e+04
1.098541043672585787e-01 2.350171338333896711e+04
1.206792531427361148e-01 2.089226065988500704e+04
1.325711244288214907e-01 1.983088658030714578e+04
1.456348342787200378e-01 1.765806741323547612e+04
1.599858570014452974e-01 1.560044758816265676e+04
1.757510458761641914e-01 1.395381880056727277e+04
1.930697544488981787e-01 1.295007127820436108e+04
2.120950683230800604e-01 1.174535444184444532e+04
2.329951583321586417e-01 1.061964060785026595e+04
2.559547670553742882e-01 9.744511359811385773e+03
2.811768418164965477e-01 8.904544468799664173e+03
3.088843286001189403e-01 8.177458610089768626e+03
3.393221427425128778e-01 7.595548541573325565e+03
3.727593338166072523e-01 7.021734294577675428e+03
4.094914638472018087e-01 6.557900076110764530e+03
4.498432198782237879e-01 6.146662383115582998e+03
4.941712839853393824e-01 5.749551744970655818e+03
5.428674861028858212e-01 5.426594330078346502e+03
5.963622675339625978e-01 5.087802495900567010e+03
6.551284857587630350e-01 4.805642056377218978e+03
7.196855941730535555e-01 4.522485140459042668e+03
7.906042337028588163e-01 4.235756225234601516e+03
8.685112768820903995e-01 3.971670410084579544e+03
9.540953689793428838e-01 3.717340339799865433e+03
1.048113015153642191e+00 0.000000000000000000e+00
