1.048113066601954503e-02 4.720412279037234839e+04
1.151395323963562076e-02 0.000000000000000000e+00
1.264855132798976302e-02 3.615114588806557731e+04
1.389495400641860279e-02 5.066359370231463254e+04
1.526417862678452857e-02 7.701450198343100783e+04
1.676832820337198493e-02 0.000000000000000000e+00
1.842069839530119726e-02 9.052473444068848039e+04
2.023589503111089191e-02 6.858788675646561023e+04
2.222996321434766651e-02 8.010294158154280740e+04
2.442052915136719640e-02 4.128814061223487806e+04
2.682695595500901239e-02 4.771062822592354496e+04
2.947051480134291537e-02 5.430331988379309041e+04
3.237457295239669353e-02 4.642621111255022697e+04
3.556480030685772731e-02 4.747720657201055292e+04
3.906939630451649464e-02 4.698180737161613797e+04
4.291933919013282694e-02 3.937984436476070550e+04
4.714865984004791566e-02 3.488265262135078228e+04
5.179474257198286163e-02 3.318166144257141423e+04
5.689865559697841746e-02 3.153958797590258109e+04
6.250551403444545850e-02 2.979900994059953518e+04
6.866487869913283359e-02 2.923884011134037428e+04
7.543119418501802176e-02 2.666719452160748551e+04
8.286427011848424007e-02 2.181910480456221921e+04
9.102980983473445142e-02 1.894652529713738841e+04
9.999999115058272325e-02 1.650613360743505837e+04
1.098541043672585787e-01 1.528371165191330874e+04
1.206792531427361148e-01 1.418182745799049371e+04
1.325711244288214907e-01 1.271220331798179177e+04
1.456348342787200378e-01 1.080854516593442895e+04
1.599858570014452974e-01 9.680267048718098522e+03
1.757510458761641914e-01 8.685121837672191759e+03
1.930697544488981787e-01 7.669637993430498682e+03
2.120950683230800604e-01 6.784525023548191712e+03
2.329951583321586417e-01 6.048453707294633205e+03
2.559547670553742882e-01 5.464475550679443586e+03
2.811768418164965477e-01 4.929497496577674610e+03
3.088843286001189403e-01 4.400623559709214533e+03
3.393221427425128778e-01 3.988767269101371312e+03
3.727593338166072523e-01 3.615729378408266712e+03
4.094914638472018087e-01 3.293292027177647469e+03
4.498432198782237879e-01 3.023900858178119961e+03
4.941712839853393824e-01 2.774232555101416892e+03
5.428674861028858212e-01 2.556298960133954097e+03
5.963622675339625978e-01 2.371134209541446126e+03
6.551284857587630350e-01 2.200285015430995827e+03
7.196855941730535555e-01 2.052006789824353291e+03
7.906042337028588163e-01 1.916338290453793888e+03
8.685112768820903995e-01 1.794577674315778950e+03
9.540953689793428838e-01 1.684803166311974110e+03
1.048113015153642191e+00 0.000000000000000000e+00
