1.048113066601954503e-02 2.472630073471669675e+04
1.151395323963562076e-02 0.000000000000000000e+00
1.264855132798976302e-02 2.216125283615314402e+04
1.389495400641860279e-02 3.209147370119018524e+04
1.526417862678452857e-02 2.008477460061702732e+04
1.676832820337198493e-02 0.000000000000000000e+00
1.842069839530119726e-02 2.612056970369298506e+04
2.023589503111089191e-02 3.036125180582315443e+04
2.222996321434766651e-02 2.087063573124404502e+04
2.442052915136719640e-02 2.025241713233530027e+04
2.682695595500901239e-02 2.497979650095444595e+04
2.947051480134291537e-02 3.334648211849708605e+04
3.237457295239669353e-02 2.592376102812787576e+04
3.556480030685772731e-02 2.375076761692374930e+04
3.906939630451649464e-02 2.666938890966765757e+04
4.291933919013282694e-02 2.540924645100707858e+04
4.714865984004791566e-02 2.294592647429209683e+04
5.179474257198286163e-02 2.122592825611895023e+04
5.689865559697841746e-02 2.140608182857218708e+04
6.250551403444545850e-02 2.085453617602973463e+04
6.866487869913283359e-02 1.985867742457109125e+04
7.543119418501802176e-02 1.956126351927806900e+04
8.286427011848424007e-02 1.801560306908686107e+04
9.102980983473445142e-02 1.605008992085688988e+04
9.999999115058272325e-02 1.444276859552446876e+04
1.098541043672585787e-01 1.309459460425635734e+04
1.206792531427361148e-01 1.259646580780280601e+04
1.325711244288214907e-01 1.161403843043450433e+04
1.456348342787200378e-01 1.064876171254746805e+04
1.599858570014452974e-01 9.466040760301966657e+03
1.757510458761641914e-01 8.564778590416859515e+03
1.930697544488981787e-01 7.924034732360051748e+03
2.120950683230800604e-01 7.261264458108345934e+03
2.329951583321586417e-01 6.522797597901833797e+03
2.559547670553742882e-01 6.050716709969377007e+03
2.811768418164965477e-01 5.544078755188625109e+03
3.088843286001189403e-01 5.167182110826642202e+03
3.393221427425128778e-01 4.769340055513715924e+03
3.727593338166072523e-01 4.424681491704715881e+03
4.094914638472018087e-01 4.137097291729403878e+03
4.498432198782237879e-01 3.886235872007701801e+03
4.941712839853393824e-01 3.637850339289138901e+03
5.428674861028858212e-01 3.441373441336064388e+03
5.963622675339625978e-01 3.258711160242149163e+03
6.551284857587630350e-01 3.084468641246813149e+03
7.196855941730535555e-01 2.921894363997649180e+03
7.906042337028588163e-01 2.769369527614871458e+03
8.685112768820903995e-01 2.623550351665228391e+03
9.540953689793428838e-01 2.488481113989895675e+03
1.048113015153642191e+00 0.000000000000000000e+00
