1.048113066601954503e-02 2.060877830525788522e+04
1.151395323963562076e-02 0.000000000000000000e+00
1.264855132798976302e-02 4.115115564688493032e+04
1.389495400641860279e-02 3.698617285625819204e+04
1.526417862678452857e-02 5.667191346849627735e+04
1.676832820337198493e-02 0.000000000000000000e+00
1.842069839530119726e-02 4.310776390728002298e+04
2.023589503111089191e-02 2.305325408321565919e+04
2.222996321434766651e-02 2.670626707401538806e+04
2.442052915136719640e-02 2.610551062040159377e+04
2.682695595500901239e-02 3.958434360670304886e+04
2.947051480134291537e-02 4.677784188143299252e+04
3.237457295239669353e-02 4.401824837490909704e+04
3.556480030685772731e-02 4.817440835951590998e+04
3.906939630451649464e-02 4.852035923848587845e+04
4.291933919013282694e-02 3.956078200949625170e+04
4.714865984004791566e-02 3.577386101904620591e+04
5.179474257198286163e-02 3.441157889622121002e+04
5.689865559697841746e-02 3.494237800326801516e+04
6.250551403444545850e-02 3.218703001796313038e+04
6.866487869913283359e-02 2.910610307718750119e+04
7.543119418501802176e-02 2.830341237612520490e+04
8.286427011848424007e-02 2.807920339518373294e+04
9.102980983473445142e-02 2.578539682849830569e+04
9.999999115058272325e-02 2.260887329952419168e+04
1.098541043672585787e-01 1.944154890980192431e+04
1.206792531427361148e-01 1.792736940135319310e+04
1.325711244288214907e-01 1.640697920496273218e+04
1.456348342787200378e-01 1.546076447692881084e+04
1.599858570014452974e-01 1.413198849161677208e+04
1.757510458761641914e-01 1.256815688576971115e+04
1.930697544488981787e-01 1.142769817070553472e+04
2.120950683230800604e-01 1.048177833190851015e+04
2.329951583321586417e-01 9.569817893858637035e+03
2.559547670553742882e-01 8.792939621765310221e+03
2.811768418164965477e-01 7.985180383735090800e+03
3.088843286001189403e-01 7.399459521804043106e+03
3.393221427425128778e-01 6.803516049732879765e+03
3.727593338166072523e-01 6.282869875386897547e+03
4.094914638472018087e-01 5.879000460505058072e+03
4.498432198782237879e-01 5.516533161990316330e+03
4.941712839853393824e-01 5.178199166853188217e+03
5.428674861028858212e-01 4.879574988335473790e+03
5.963622675339625978e-01 4.593350685294947652e+03
6.551284857587630350e-01 4.358064303821496651e+03
7.196855941730535555e-01 4.130986235376907644e+03
7.906042337028588163e-01 3.922198485921128849e+03
8.685112768820903995e-01 3.738156312763691858e+03
9.540953689793428838e-01 3.563723896899752617e+03
1.048113015153642191e+00 0.000000000000000000e+00
