1.048113066601954503e-02 3.651214394604939735e+05
1.151395323963562076e-02 0.000000000000000000e+00
1.264855132798976302e-02 1.637711352139239316e+05
1.389495400641860279e-02 6.022492948954895837e+05
1.526417862678452857e-02 3.766583904875539010e+05
1.676832820337198493e-02 0.000000000000000000e+00
1.842069839530119726e-02 3.559401264628626523e+05
2.023589503111089191e-02 3.662149932527791243e+05
2.222996321434766651e-02 2.729843093691606773e+05
2.442052915136719640e-02 3.146629362176214927e+05
2.682695595500901239e-02 2.424741717558313976e+05
2.947051480134291537e-02 2.267713794577659282e+05
3.237457295239669353e-02 1.649596796578241047e+05
3.556480030685772731e-02 1.699891943928234105e+05
3.906939630451649464e-02 1.164770450926782796e+05
4.291933919013282694e-02 1.159353346504198416e+05
4.714865984004791566e-02 9.836784287657227833e+04
5.179474257198286163e-02 9.840259175296976173e+04
5.689865559697841746e-02 9.868147951367357746e+04
6.250551403444545850e-02 9.768411895505055145e+04
6.866487869913283359e-02 8.207970519142394187e+04
7.543119418501802176e-02 6.638300185981988034e+04
8.286427011848424007e-02 5.744166590334186913e+04
9.102980983473445142e-02 4.600835428401124955e+04
9.999999115058272325e-02 4.206225465974659892e+04
1.098541043672585787e-01 3.862372183605051396e+04
1.206792531427361148e-01 3.587523476835928159e+04
1.325711244288214907e-01 3.056636593546253062e+04
1.456348342787200378e-01 2.722378921821236872e+04
1.599858570014452974e-01 2.448474333275719982e+04
1.757510458761641914e-01 2.214427623998981289e+04
1.930697544488981787e-01 2.016954291351495340e+04
2.120950683230800604e-01 1.830647041250593975e+04
2.329951583321586417e-01 1.653187262198139069e+04
2.559547670553742882e-01 1.514217052889481420e+04
2.811768418164965477e-01 1.402880619173549348e+04
3.088843286001189403e-01 1.280474880121838942e+04
3.393221427425128778e-01 1.195516302493739568e+04
3.727593338166072523e-01 1.106022859072243409e+04
4.094914638472018087e-01 1.029956516206272499e+04
4.498432198782237879e-01 9.646053952132413542e+03
4.941712839853393824e-01 9.084298389948940894e+03
5.428674861028858212e-01 8.491160779403842753e+03
5.963622675339625978e-01 7.989909747115316350e+03
6.551284857587630350e-01 7.502983611664900309e+03
7.196855941730535555e-01 7.033482585470959748e+03
7.906042337028588163e-01 6.546698246278714578e+03
8.685112768820903995e-01 6.118695581186457275e+03
9.540953689793428838e-01 5.693783421221792196e+03
1.048113015153642191e+00 0.000000000000000000e+00
