1.048113066601954503e-02 7.948047592898661969e+04
1.151395323963562076e-02 0.000000000000000000e+00
1.264855132798976302e-02 6.988435853032280284e+04
1.389495400641860279e-02 8.575736121112160617e+04
1.526417862678452857e-02 6.727203061383646855e+04
1.676832820337198493e-02 0.000000000000000000e+00
1.842069839530119726e-02 1.036733675697766448e+05
2.023589503111089191e-02 1.179660802986574854e+05
2.222996321434766651e-02 8.427394432067807065e+04
2.442052915136719640e-02 9.573811776829508017e+04
2.682695595500901239e-02 1.143909372718684317e+05
2.947051480134291537e-02 9.753814452465221984e+04
3.237457295239669353e-02 9.684619793350581313e+04
3.556480030685772731e-02 9.321521597755786206e+04
3.906939630451649464e-02 7.943929500451206695e+04
4.291933919013282694e-02 7.768672370983453584e+04
4.714865984004791566e-02 6.850218224260813440e+04
5.179474257198286163e-02 6.012841980393508857e+04
5.689865559697841746e-02 5.699181305105697538e+04
6.250551403444545850e-02 5.408864457416548248e+04
6.866487869913283359e-02 5.072835531751305825e+04
7.543119418501802176e-02 4.984669861571664660e+04
8.286427011848424007e-02 4.756710052358094254e+04
9.102980983473445142e-02 4.094991310082408745e+04
9.999999115058272325e-02 3.576171368167879700e+04
1.098541043672585787e-01 3.104215875578286068e+04
1.206792531427361148e-01 2.831561879176438379e+04
1.325711244288214907e-01 2.621175092302661142e+04
1.456348342787200378e-01 2.347842028271434174e+04
1.599858570014452974e-01 2.164977794692359021e+04
1.757510458761641914e-01 1.915448546441224971e+04
1.930697544488981787e-01 1.738461189237676081e+04
2.120950683230800604e-01 1.582856366143256673e+04
2.329951583321586417e-01 1.445632830926574388e+04
2.559547670553742882e-01 1.310333083299859572e+04
2.811768418164965477e-01 1.217797930476701731e+04
3.088843286001189403e-01 1.114553259379124938e+04
3.393221427425128778e-01 1.042461275622830544e+04
3.727593338166072523e-01 9.664812345264352189e+03
4.094914638472018087e-01 9.003243069858392118e+03
4.498432198782237879e-01 8.464479526709326819e+03
4.941712839853393824e-01 7.965785870025221811e+03
5.428674861028858212e-01 7.527707870042750073e+03
5.963622675339625978e-01 7.112991588983841211e+03
6.551284857587630350e-01 6.732867026126936253e+03
7.196855941730535555e-01 6.363367738461446606e+03
7.906042337028588163e-01 6.032323000139198484e+03
8.685112768820903995e-01 5.680522007327969732e+03
9.540953689793428838e-01 5.359366357472174059e+03
1.048113015153642191e+00 0.000000000000000000e+00
