1.048113066601954503e-02 8.847374410173486467e+03
1.151395323963562076e-02 0.000000000000000000e+00
1.264855132798976302e-02 2.339770517381018726e+04
1.389495400641860279e-02 2.317687459281990596e+04
1.526417862678452857e-02 2.470978663488268649e+04
1.676832820337198493e-02 0.000000000000000000e+00
1.842069839530119726e-02 2.842795387210857007e+04
2.023589503111089191e-02 2.886246842771749652e+04
2.222996321434766651e-02 1.607240170195996507e+04
2.442052915136719640e-02 3.437160308401032671e+04
2.682695595500901239e-02 2.493506024334833637e+04
2.947051480134291537e-02 2.012145729995020884e+04
3.237457295239669353e-02 2.724810627892290358e+04
3.556480030685772731e-02 3.049029929206573433e+04
3.906939630451649464e-02 2.552209936602372545e+04
4.291933919013282694e-02 2.383207504864367729e+04
4.714865984004791566e-02 2.224002534569213094e+04
5.179474257198286163e-02 2.278747366766307823e+04
5.689865559697841746e-02 2.056766989402383842e+04
6.250551403444545850e-02 1.981659436099274535e+04
6.866487869913283359e-02 1.923253037120027875e+04
7.543119418501802176e-02 1.816389161787663033e+04
8.286427011848424007e-02 1.654920819199216203e+04
9.102980983473445142e-02 1.412060809408900423e+04
9.999999115058272325e-02 1.334974219659223672e+04
1.098541043672585787e-01 1.235436023269549878e+04
1.206792531427361148e-01 1.142417774095784080e+04
1.325711244288214907e-01 1.051678530818978470e+04
1.456348342787200378e-01 9.349043258409488772e+03
1.599858570014452974e-01 8.427771225129959930e+03
1.757510458761641914e-01 7.531929114570082675e+03
1.930697544488981787e-01 6.857681213582225610e+03
2.120950683230800604e-01 6.109970850430986502e+03
2.329951583321586417e-01 5.460285807769081657e+03
2.559547670553742882e-01 5.011341102426903490e+03
2.811768418164965477e-01 4.527033811670424257e+03
3.088843286001189403e-01 4.109244199746780396e+03
3.393221427425128778e-01 3.751208719179451691e+03
3.727593338166072523e-01 3.432945191399754549e+03
4.094914638472018087e-01 3.169407438195669783e+03
4.498432198782237879e-01 2.925249379366976427e+03
4.941712839853393824e-01 2.708575571790136564e+03
5.428674861028858212e-01 2.516785599785147042e+03
5.963622675339625978e-01 2.344494159237828626e+03
6.551284857587630350e-01 2.199915703461359499e+03
7.196855941730535555e-01 2.066900836974150479e+03
7.906042337028588163e-01 1.949271913097531069e+03
8.685112768820903995e-01 1.845422384417448711e+03
9.540953689793428838e-01 1.750474032563243782e+03
1.048113015153642191e+00 0.000000000000000000e+00
