1.048113066601954503e-02 6.106575754191281885e+04
1.151395323963562076e-02 0.000000000000000000e+00
1.264855132798976302e-02 1.658654246020216306e+04
1.389495400641860279e-02 2.956679615527938950e+04
1.526417862678452857e-02 4.816515324383405095e+04
1.676832820337198493e-02 0.000000000000000000e+00
1.842069839530119726e-02 3.620785146473235363e+04
2.023589503111089191e-02 4.603141199920874351e+04
2.222996321434766651e-02 6.174398610555262712e+04
2.442052915136719640e-02 6.954585365493397694e+04
2.682695595500901239e-02 6.483213033918010478e+04
2.947051480134291537e-02 6.916211458477780980e+04
3.237457295239669353e-02 4.660159207001497271e+04
3.556480030685772731e-02 5.464737332271114428e+04
3.906939630451649464e-02 4.871339249432455836e+04
4.291933919013282694e-02 4.250596388051384565e+04
4.714865984004791566e-02 4.483967270072910469e+04
5.179474257198286163e-02 4.229311890471548395e+04
5.689865559697841746e-02 3.897878059462166129e+04
6.250551403444545850e-02 3.892007208157113200e+04
6.866487869913283359e-02 3.649554020782070438e+04
7.543119418501802176e-02 3.511331499849045213e+04
8.286427011848424007e-02 3.220274341278545398e+04
9.102980983473445142e-02 2.999413590359583759e+04
9.999999115058272325e-02 2.645727453146607149e+04
1.098541043672585787e-01 2.471004031330363796e+04
1.206792531427361148e-01 2.273639882597559335e+04
1.325711244288214907e-01 2.018820031134027158e+04
1.456348342787200378e-01 1.868773825785377267e+04
1.599858570014452974e-01 1.706358439841421568e+04
1.757510458761641914e-01 1.550803647227690635e+04
1.930697544488981787e-01 1.418068798172126117e+04
2.120950683230800604e-01 1.301341584206408152e+04
2.329951583321586417e-01 1.172876266654098436e+04
2.559547670553742882e-01 1.092090334860777511e+04
2.811768418164965477e-01 1.005035770557700016e+04
3.088843286001189403e-01 9.223672916072189764e+03
3.393221427425128778e-01 8.635618960976524249e+03
3.727593338166072523e-01 7.986563522373988235e+03
4.094914638472018087e-01 7.491557161181894116e+03
4.498432198782237879e-01 7.013329760535239075e+03
4.941712839853393824e-01 6.636685315895522763e+03
5.428674861028858212e-01 6.250495804103139562e+03
5.963622675339625978e-01 5.931212886903742401e+03
6.551284857587630350e-01 5.644954104399372227e+03
7.196855941730535555e-01 5.383851895466479618e+03
7.906042337028588163e-01 5.118553445910256414e+03
8.685112768820903995e-01 4.874104374262695274e+03
9.540953689793428838e-01 4.644116071826318148e+03
1.048113015153642191e+00 0.000000000000000000e+00
