1.048113066601954503e-02 7.809093263818726700e+04
1.151395323963562076e-02 0.000000000000000000e+00
1.264855132798976302e-02 1.099377331263812957e+05
1.389495400641860279e-02 1.357267565065008239e+05
1.526417862678452857e-02 6.915247035897649766e+04
1.676832820337198493e-02 0.000000000000000000e+00
1.842069839530119726e-02 7.795100972191453911e+04
2.023589503111089191e-02 7.712133814592752606e+04
2.222996321434766651e-02 1.247012917364541790e+05
2.442052915136719640e-02 8.627690838622883894e+04
2.682695595500901239e-02 9.679110166226729052e+04
2.947051480134291537e-02 8.157118022158423264e+04
3.237457295239669353e-02 8.028337720551184611e+04
3.556480030685772731e-02 6.681390575026556326e+04
3.906939630451649464e-02 6.889675044473347953e+04
4.291933919013282694e-02 5.468347002294939011e+04
4.714865984004791566e-02 5.199977478057648841e+04
5.179474257198286163e-02 5.029664415481950709e+04
5.689865559697841746e-02 4.504413788575425133e+04
6.250551403444545850e-02 3.985055415440846991e+04
6.866487869913283359e-02 3.923620807321168832e+04
7.543119418501802176e-02 3.430538137774704228e+04
8.286427011848424007e-02 2.878577800709858275e+04
9.102980983473445142e-02 2.566141406599032416e+04
9.999999115058272325e-02 2.350980144379334524e+04
1.098541043672585787e-01 2.060286704836575882e+04
1.206792531427361148e-01 1.870757363529024587e+04
1.325711244288214907e-01 1.668460523349213327e+04
1.456348342787200378e-01 1.410743769613393670e+04
1.599858570014452974e-01 1.255867224068875294e+04
1.757510458761641914e-01 1.129512639257791307e+04
1.930697544488981787e-01 1.015421705502920122e+04
2.120950683230800604e-01 8.751030430373622949e+03
2.329951583321586417e-01 7.807386259468787102e+03
2.559547670553742882e-01 6.957562247920601294e+03
2.811768418164965477e-01 6.253331942289097242e+03
3.088843286001189403e-01 5.572374399134065243e+03
3.393221427425128778e-01 5.012689357190671217e+03
3.727593338166072523e-01 4.512267655900384852e+03
4.094914638472018087e-01 4.085919582525736587e+03
4.498432198782237879e-01 3.737262316297269081e+03
4.941712839853393824e-01 3.403202199233334341e+03
5.428674861028858212e-01 3.123135651196134859e+03
5.963622675339625978e-01 2.876361038961612394e+03
6.551284857587630350e-01 2.655234464451939402e+03
7.196855941730535555e-01 2.464574303672640326e+03
7.906042337028588163e-01 2.292373453857753248e+03
8.685112768820903995e-01 2.139046953724582181e+03
9.540953689793428838e-01 2.005678055323755416e+03
1.048113015153642191e+00 0.000000000000000000e+00
