1.048113066601954503e-02 3.895099068808173615e+04
1.151395323963562076e-02 0.000000000000000000e+00
1.264855132798976302e-02 1.287345198312956491e+05
1.389495400641860279e-02 9.923822870984533802e+04
1.526417862678452857e-02 6.716871010203653714e+04
1.676832820337198493e-02 0.000000000000000000e+00
1.842069839530119726e-02 9.320143412882080884e+04
2.023589503111089191e-02 1.114410604347542248e+05
2.222996321434766651e-02 1.335350448081914510e+05
2.442052915136719640e-02 1.411037047887037043e+05
2.682695595500901239e-02 6.529266013303793443e+04
2.947051480134291537e-02 8.243014076708798530e+04
3.237457295239669353e-02 1.087326240864465362e+05
3.556480030685772731e-02 9.730414781787074753e+04
3.906939630451649464e-02 8.486304969297196658e+04
4.291933919013282694e-02 7.922259216531564016e+04
4.714865984004791566e-02 7.371567218361661071e+04
5.179474257198286163e-02 6.842007430424106133e+04
5.689865559697841746e-02 6.295434035757522361e+04
6.250551403444545850e-02 5.705577160663816903e+04
6.866487869913283359e-02 5.485624122412022552e+04
7.543119418501802176e-02 5.114691976091507240e+04
8.286427011848424007e-02 4.954413446414987266e+04
9.102980983473445142e-02 4.154093289168208139e+04
9.999999115058272325e-02 3.717752785106636293e+04
1.098541043672585787e-01 3.244886949579738575e+04
1.206792531427361148e-01 2.933978553682206257e+04
1.325711244288214907e-01 2.696647748200060960e+04
1.456348342787200378e-01 2.500662685546182183e+04
1.599858570014452974e-01 2.203540848081175500e+04
1.757510458761641914e-01 1.973892360353386175e+04
1.930697544488981787e-01 1.832327979395534931e+04
2.120950683230800604e-01 1.679336081106606071e+04
2.329951583321586417e-01 1.530077016056798311e+04
2.559547670553742882e-01 1.413939777057208994e+04
2.811768418164965477e-01 1.288883558338823968e+04
3.088843286001189403e-01 1.203024751585100967e+04
3.393221427425128778e-01 1.115767053730562111e+04
3.727593338166072523e-01 1.035418353415212550e+04
4.094914638472018087e-01 9.767920421628798067e+03
4.498432198782237879e-01 9.211975487978439560e+03
4.941712839853393824e-01 8.654070129451214598e+03
5.428674861028858212e-01 8.191008236611877692e+03
5.963622675339625978e-01 7.744151407636882141e+03
6.551284857587630350e-01 7.339533288090385213e+03
7.196855941730535555e-01 6.939100123560056090e+03
7.906042337028588163e-01 6.578473633610685283e+03
8.685112768820903995e-01 6.211823431782206171e+03
9.540953689793428838e-01 5.858151166831627961e+03
1.048113015153642191e+00 0.000000000000000000e+00
