1.048113066601954503e-02 1.211400581758900662e+05
1.151395323963562076e-02 0.000000000000000000e+00
1.264855132798976302e-02 1.939527588719859777e+05
1.389495400641860279e-02 1.526489195449559193e+05
1.526417862678452857e-02 1.451579146312569501e+05
1.676832820337198493e-02 0.000000000000000000e+00
1.842069839530119726e-02 1.413363792037467938e+05
2.023589503111089191e-02 1.583943218513762113e+05
2.222996321434766651e-02 1.229822984393831430e+05
2.442052915136719640e-02 9.918528550272122084e+04
2.682695595500901239e-02 1.008815703772937122e+05
2.947051480134291537e-02 1.299335600520794396e+05
3.237457295239669353e-02 1.095008579633042100e+05
3.556480030685772731e-02 7.215345865848667745e+04
3.906939630451649464e-02 7.874038619336792908e+04
4.291933919013282694e-02 6.764640908067840792e+04
4.714865984004791566e-02 6.550022694948675780e+04
5.179474257198286163e-02 5.676415710954631504e+04
5.689865559697841746e-02 5.810425412762178894e+04
6.250551403444545850e-02 5.321655006488200888e+04
6.866487869913283359e-02 4.829332388212590013e+04
7.543119418501802176e-02 4.950131447405181098e+04
8.286427011848424007e-02 4.166532559974840115e+04
9.102980983473445142e-02 3.638595926005615911e+04
9.999999115058272325e-02 2.916080812314090144e+04
1.098541043672585787e-01 2.581986903010398237e+04
1.206792531427361148e-01 2.334959128868706830e+04
1.325711244288214907e-01 2.297268279839814932e+04
1.456348342787200378e-01 2.043576199602421912e+04
1.599858570014452974e-01 1.734668292219908835e+04
1.757510458761641914e-01 1.567474760532822620e+04
1.930697544488981787e-01 1.444264023545804048e+04
2.120950683230800604e-01 1.333027575773485296e+04
2.329951583321586417e-01 1.176976573627263315e+04
2.559547670553742882e-01 1.082231410312551816e+04
2.811768418164965477e-01 9.854182876234845025e+03
3.088843286001189403e-01 9.009665189837032813e+03
3.393221427425128778e-01 8.346110915986224427e+03
3.727593338166072523e-01 7.714091992603606741e+03
4.094914638472018087e-01 7.157230244282183776e+03
4.498432198782237879e-01 6.701063282260285632e+03
4.941712839853393824e-01 6.285463472045601520e+03
5.428674861028858212e-01 5.888661793072862565e+03
5.963622675339625978e-01 5.549183018393404382e+03
6.551284857587630350e-01 5.228003268903416938e+03
7.196855941730535555e-01 4.929222799566667163e+03
7.906042337028588163e-01 4.658047179185694404e+03
8.685112768820903995e-01 4.394463837599037106e+03
9.540953689793428838e-01 4.160633914569831177e+03
1.048113015153642191e+00 0.000000000000000000e+00
