1.048113066601954503e-02 1.092133035369177582e+06
1.151395323963562076e-02 0.000000000000000000e+00
1.264855132798976302e-02 1.041049033193694660e+06
1.389495400641860279e-02 1.146115679464694113e+06
1.526417862678452857e-02 3.127934354934199946e+05
1.676832820337198493e-02 0.000000000000000000e+00
1.842069839530119726e-02 4.827354848263313179e+05
2.023589503111089191e-02 6.227544320415158290e+05
2.222996321434766651e-02 5.039596742111513740e+05
2.442052915136719640e-02 4.709386863685653079e+05
2.682695595500901239e-02 3.167721339859793661e+05
2.947051480134291537e-02 2.902161379497165908e+05
3.237457295239669353e-02 1.523619400426953798e+05
3.556480030685772731e-02 1.458397134254304692e+05
3.906939630451649464e-02 1.229282601274437329e+05
4.291933919013282694e-02 8.382294384024746250e+04
4.714865984004791566e-02 7.960636874791981245e+04
5.179474257198286163e-02 7.205559653899907426e+04
5.689865559697841746e-02 7.452116716845693009e+04
6.250551403444545850e-02 6.855998551203779061e+04
6.866487869913283359e-02 6.512441209090995835e+04
7.543119418501802176e-02 5.760248522902505647e+04
8.286427011848424007e-02 4.802792824826520518e+04
9.102980983473445142e-02 3.655948698836636322e+04
9.999999115058272325e-02 2.829469344446020114e+04
1.098541043672585787e-01 2.558052678455813657e+04
1.206792531427361148e-01 2.362823364466050407e+04
1.325711244288214907e-01 2.088127272783295848e+04
1.456348342787200378e-01 1.808582083845598390e+04
1.599858570014452974e-01 1.530132270434235761e+04
1.757510458761641914e-01 1.359045318177957233e+04
1.930697544488981787e-01 1.210786309163852820e+04
2.120950683230800604e-01 1.052407894542768190e+04
2.329951583321586417e-01 9.245247415278252447e+03
2.559547670553742882e-01 8.287946251461815336e+03
2.811768418164965477e-01 7.437134945057667210e+03
3.088843286001189403e-01 6.607031506244615230e+03
3.393221427425128778e-01 6.015270492377134360e+03
3.727593338166072523e-01 5.383609205900480447e+03
4.094914638472018087e-01 4.882912434001478687e+03
4.498432198782237879e-01 4.489624694608657592e+03
4.941712839853393824e-01 4.078695307097533259e+03
5.428674861028858212e-01 3.725101683311253510e+03
5.963622675339625978e-01 3.426018216857991320e+03
6.551284857587630350e-01 3.155594211962055851e+03
7.196855941730535555e-01 2.899939499846698254e+03
7.906042337028588163e-01 2.655749540785402132e+03
8.685112768820903995e-01 2.435673837389795608e+03
9.540953689793428838e-01 2.228657162480372335e+03
1.048113015153642191e+00 0.000000000000000000e+00
