1.048113066601954503e-02 7.893160045512910001e+05
1.151395323963562076e-02 0.000000000000000000e+00
1.264855132798976302e-02 7.328067669930814300e+05
1.389495400641860279e-02 3.933205085218680906e+05
1.526417862678452857e-02 3.369900122917089029e+05
1.676832820337198493e-02 0.000000000000000000e+00
1.842069839530119726e-02 5.352105808299393393e+05
2.023589503111089191e-02 3.297951949442778714e+05
2.222996321434766651e-02 2.761495106691855472e+05
2.442052915136719640e-02 2.519892003041476128e+05
2.682695595500901239e-02 2.352165792882601963e+05
2.947051480134291537e-02 1.263525444118793966e+05
3.237457295239669353e-02 9.935556564175419044e+04
3.556480030685772731e-02 1.025486076837721630e+05
3.906939630451649464e-02 8.505106936833534564e+04
4.291933919013282694e-02 6.564682453849140438e+04
4.714865984004791566e-02 5.595177124253829970e+04
5.179474257198286163e-02 5.539328954554775555e+04
5.689865559697841746e-02 5.946583553141646553e+04
6.250551403444545850e-02 6.091662994219227403e+04
6.866487869913283359e-02 5.424656674736917921e+04
7.543119418501802176e-02 4.685103477843520523e+04
8.286427011848424007e-02 3.214166369493232196e+04
9.102980983473445142e-02 2.313054312757468506e+04
9.999999115058272325e-02 1.936536368035716441e+04
1.098541043672585787e-01 1.933422587121133620e+04
1.206792531427361148e-01 1.965499997113087375e+04
1.325711244288214907e-01 1.594712689457372471e+04
1.456348342787200378e-01 1.246466525961207662e+04
1.599858570014452974e-01 1.048410415550463586e+04
1.757510458761641914e-01 9.751684211380033958e+03
1.930697544488981787e-01 8.633521673617640772e+03
2.120950683230800604e-01 7.139346859254015726e+03
2.329951583321586417e-01 6.353392005571420668e+03
2.559547670553742882e-01 5.633036252639256418e+03
2.811768418164965477e-01 4.889487470066593232e+03
3.088843286001189403e-01 4.310381020101440299e+03
3.393221427425128778e-01 3.829038812826454887e+03
3.727593338166072523e-01 3.399139263613449657e+03
4.094914638472018087e-01 3.057281353359853711e+03
4.498432198782237879e-01 2.734253908037286237e+03
4.941712839853393824e-01 2.484308908327705467e+03
5.428674861028858212e-01 2.245362908725127454e+03
5.963622675339625978e-01 2.037900918114722572e+03
6.551284857587630350e-01 1.861003632790072515e+03
7.196855941730535555e-01 1.708287965872850691e+03
7.906042337028588163e-01 1.569935651950912415e+03
8.685112768820903995e-01 1.443836837885434306e+03
9.540953689793428838e-01 1.333227958949027425e+03
1.048113015153642191e+00 0.000000000000000000e+00
