1.048113066601954503e-02 2.030593268184612971e+05
1.151395323963562076e-02 0.000000000000000000e+00
1.264855132798976302e-02 6.450283528330943082e+05
1.389495400641860279e-02 3.673078728779056692e+05
1.526417862678452857e-02 2.905597329279822879e+05
1.676832820337198493e-02 0.000000000000000000e+00
1.842069839530119726e-02 3.008999710018297774e+05
2.023589503111089191e-02 3.061707282438268303e+05
2.222996321434766651e-02 2.169908693850203999e+05
2.442052915136719640e-02 1.916190266633539286e+05
2.682695595500901239e-02 1.393028089481837815e+05
2.947051480134291537e-02 1.308611201625411341e+05
3.237457295239669353e-02 9.440429990470915800e+04
3.556480030685772731e-02 9.752794547032189439e+04
3.906939630451649464e-02 7.329013256979567814e+04
4.291933919013282694e-02 5.796434130015230767e+04
4.714865984004791566e-02 4.980146581177702319e+04
5.179474257198286163e-02 4.747598955112069962e+04
5.689865559697841746e-02 4.764888487086009991e+04
6.250551403444545850e-02 4.172980559735165298e+04
6.866487869913283359e-02 3.848787667702249018e+04
7.543119418501802176e-02 3.063153145422375746e+04
8.286427011848424007e-02 2.368043618952757242e+04
9.102980983473445142e-02 1.926424713783072730e+04
9.999999115058272325e-02 1.671607946957703462e+04
1.098541043672585787e-01 1.500103798720359919e+04
1.206792531427361148e-01 1.414497481698359115e+04
1.325711244288214907e-01 1.185814452166418414e+04
1.456348342787200378e-01 1.007397914656689682e+04
1.599858570014452974e-01 8.527934072275154904e+03
1.757510458761641914e-01 7.467840276738461398e+03
1.930697544488981787e-01 6.622079584785682528e+03
2.120950683230800604e-01 5.787147298873921500e+03
2.329951583321586417e-01 5.065913439007317720e+03
2.559547670553742882e-01 4.469162214608305476e+03
2.811768418164965477e-01 3.973937452669590130e+03
3.088843286001189403e-01 3.547195853613339750e+03
3.393221427425128778e-01 3.150371906235959159e+03
3.727593338166072523e-01 2.823661836295906141e+03
4.094914638472018087e-01 2.545199315427650617e+03
4.498432198782237879e-01 2.306926439812276385e+03
4.941712839853393824e-01 2.099719979148413586e+03
5.428674861028858212e-01 1.911166678719931951e+03
5.963622675339625978e-01 1.750768950350769046e+03
6.551284857587630350e-01 1.601683756751252986e+03
7.196855941730535555e-01 1.469299872953911972e+03
7.906042337028588163e-01 1.349587499554908391e+03
8.685112768820903995e-01 1.248288891202112382e+03
9.540953689793428838e-01 1.152641126917838392e+03
1.048113015153642191e+00 0.000000000000000000e+00
