1.048113066601954503e-02 2.394860711562169672e+04
1.151395323963562076e-02 0.000000000000000000e+00
1.264855132798976302e-02 2.331066165209236715e+04
1.389495400641860279e-02 1.158425750020577652e+04
1.526417862678452857e-02 1.931929595160815370e+04
1.676832820337198493e-02 0.000000000000000000e+00
1.842069839530119726e-02 2.964073422424414093e+04
2.023589503111089191e-02 1.839302546173367591e+04
2.222996321434766651e-02 2.948861918611204237e+04
2.442052915136719640e-02 2.629491402373592427e+04
2.682695595500901239e-02 2.186519549739266949e+04
2.947051480134291537e-02 2.024120747116729035e+04
3.237457295239669353e-02 1.953278439945008722e+04
3.556480030685772731e-02 1.580628932984099993e+04
3.906939630451649464e-02 1.693285576352165299e+04
4.291933919013282694e-02 1.669255517578990111e+04
4.714865984004791566e-02 1.298657308339764495e+04
5.179474257198286163e-02 1.465353429057196081e+04
5.689865559697841746e-02 1.252133525993724834e+04
6.250551403444545850e-02 1.268472685512265707e+04
6.866487869913283359e-02 1.184014091162424120e+04
7.543119418501802176e-02 1.104208671391746793e+04
8.286427011848424007e-02 9.861007212305401481e+03
9.102980983473445142e-02 9.058008213057630201e+03
9.999999115058272325e-02 7.958167814198814995e+03
1.098541043672585787e-01 7.244082896315805556e+03
1.206792531427361148e-01 6.232124128745525923e+03
1.325711244288214907e-01 5.831229105433758377e+03
1.456348342787200378e-01 5.229786422436790417e+03
1.599858570014452974e-01 4.672237547398091920e+03
1.757510458761641914e-01 4.047230430856871862e+03
1.930697544488981787e-01 3.641290042077150247e+03
2.120950683230800604e-01 3.260323912931523409e+03
2.329951583321586417e-01 2.911416783945010593e+03
2.559547670553742882e-01 2.602138080206951145e+03
2.811768418164965477e-01 2.310595231477540437e+03
3.088843286001189403e-01 2.081195234927639376e+03
3.393221427425128778e-01 1.895091711033328465e+03
3.727593338166072523e-01 1.707225653515403337e+03
4.094914638472018087e-01 1.544036142530739653e+03
4.498432198782237879e-01 1.413899911788045529e+03
4.941712839853393824e-01 1.290587138582249054e+03
5.428674861028858212e-01 1.183797666935457528e+03
5.963622675339625978e-01 1.094058737467402125e+03
6.551284857587630350e-01 1.006997702752129271e+03
7.196855941730535555e-01 9.359216037991234316e+02
7.906042337028588163e-01 8.686246532490800973e+02
8.685112768820903995e-01 8.099206615051798508e+02
9.540953689793428838e-01 7.552067042592850612e+02
1.048113015153642191e+00 0.000000000000000000e+00
