1.048113066601954503e-02 5.475757530490583740e+05
1.151395323963562076e-02 0.000000000000000000e+00
1.264855132798976302e-02 9.844504938541648444e+05
1.389495400641860279e-02 4.619548891649728757e+05
1.526417862678452857e-02 7.441507538604077417e+05
1.676832820337198493e-02 0.000000000000000000e+00
1.842069839530119726e-02 5.684219550490399124e+05
2.023589503111089191e-02 3.562229406306904275e+05
2.222996321434766651e-02 3.085391727446652367e+05
2.442052915136719640e-02 3.612576694844456506e+05
2.682695595500901239e-02 2.037512717544955958e+05
2.947051480134291537e-02 1.640258172003431828e+05
3.237457295239669353e-02 1.261786197725643578e+05
3.556480030685772731e-02 9.959514012602763250e+04
3.906939630451649464e-02 8.539531223058786418e+04
4.291933919013282694e-02 7.613367170348648506e+04
4.714865984004791566e-02 7.245353651270363480e+04
5.179474257198286163e-02 6.978078643045337230e+04
5.689865559697841746e-02 7.545209536786962417e+04
6.250551403444545850e-02 6.645233868361941131e+04
6.866487869913283359e-02 5.845038699524739059e+04
7.543119418501802176e-02 4.422410042921785498e+04
8.286427011848424007e-02 3.115880069788999390e+04
9.102980983473445142e-02 2.544835098773613208e+04
9.999999115058272325e-02 2.487272350793791702e+04
1.098541043672585787e-01 2.474051895663340110e+04
1.206792531427361148e-01 2.056574789682257688e+04
1.325711244288214907e-01 1.619146773563189345e+04
1.456348342787200378e-01 1.416122092339920346e+04
1.599858570014452974e-01 1.283498691979541763e+04
1.757510458761641914e-01 1.104105271236804765e+04
1.930697544488981787e-01 9.578011323863131111e+03
2.120950683230800604e-01 8.598369742143227995e+03
2.329951583321586417e-01 7.445348313362580484e+03
2.559547670553742882e-01 6.606536701468819956e+03
2.811768418164965477e-01 5.909486383572771956e+03
3.088843286001189403e-01 5.241644457822425466e+03
3.393221427425128778e-01 4.712054472280977279e+03
3.727593338166072523e-01 4.232565421067914940e+03
4.094914638472018087e-01 3.820063265858629165e+03
4.498432198782237879e-01 3.482713907903047584e+03
4.941712839853393824e-01 3.176536781477491786e+03
5.428674861028858212e-01 2.906552556692621692e+03
5.963622675339625978e-01 2.667307209405653339e+03
6.551284857587630350e-01 2.449996840340319977e+03
7.196855941730535555e-01 2.252623523101625324e+03
7.906042337028588163e-01 2.072441627205447730e+03
8.685112768820903995e-01 1.906952385964275891e+03
9.540953689793428838e-01 1.761832549402670566e+03
1.048113015153642191e+00 0.000000000000000000e+00
