1.048113066601954503e-02 8.677501307046602597e+04
1.151395323963562076e-02 0.000000000000000000e+00
1.264855132798976302e-02 5.401339303794981242e+04
1.389495400641860279e-02 1.098964256365650217e+05
1.526417862678452857e-02 1.151772143999690597e+05
1.676832820337198493e-02 0.000000000000000000e+00
1.842069839530119726e-02 1.314460827716097410e+05
2.023589503111089191e-02 1.079943869541871682e+05
2.222996321434766651e-02 7.137103459258354269e+04
2.442052915136719640e-02 1.040371981840958761e+05
2.682695595500901239e-02 1.193566096693646687e+05
2.947051480134291537e-02 1.333681561276844586e+05
3.237457295239669353e-02 1.065708514004807366e+05
3.556480030685772731e-02 9.564149414175261336e+04
3.906939630451649464e-02 7.990163571053843771e+04
4.291933919013282694e-02 8.415014645858263248e+04
4.714865984004791566e-02 7.127199271571931604e+04
5.179474257198286163e-02 6.735101966883525893e+04
5.689865559697841746e-02 7.072821649277370307e+04
6.250551403444545850e-02 6.382341682200275682e+04
6.866487869913283359e-02 6.300085194432460412e+04
7.543119418501802176e-02 5.239933859383652452e+04
8.286427011848424007e-02 4.905479360228330916e+04
9.102980983473445142e-02 4.439166795228902629e+04
9.999999115058272325e-02 3.639108556773125747e+04
1.098541043672585787e-01 3.317792849678861239e+04
1.206792531427361148e-01 3.169476824586459406e+04
1.325711244288214907e-01 2.937644659018066523e+04
1.456348342787200378e-01 2.564840538110936905e+04
1.599858570014452974e-01 2.259277604124923164e+04
1.757510458761641914e-01 2.083968531588141559e+04
1.930697544488981787e-01 1.933237840277146461e+04
2.120950683230800604e-01 1.751932160532348644e+04
2.329951583321586417e-01 1.599537195868632261e+04
2.559547670553742882e-01 1.483407296480975492e+04
2.811768418164965477e-01 1.374867986554363961e+04
3.088843286001189403e-01 1.273819380582336089e+04
3.393221427425128778e-01 1.179358451876085564e+04
3.727593338166072523e-01 1.101401165233824395e+04
4.094914638472018087e-01 1.038039742813739576e+04
4.498432198782237879e-01 9.785011888494262166e+03
4.941712839853393824e-01 9.238983484211781615e+03
5.428674861028858212e-01 8.772554288990417263e+03
5.963622675339625978e-01 8.295421986123794341e+03
6.551284857587630350e-01 7.886547647199659878e+03
7.196855941730535555e-01 7.504181167449946770e+03
7.906042337028588163e-01 7.121367213259666642e+03
8.685112768820903995e-01 6.741939717280287368e+03
9.540953689793428838e-01 6.394106590223394051e+03
1.048113015153642191e+00 0.000000000000000000e+00
