1.048113066601954503e-02 2.265844987062927103e+05
1.151395323963562076e-02 0.000000000000000000e+00
1.264855132798976302e-02 4.415198326307425741e+05
1.389495400641860279e-02 5.031465098397188121e+05
1.526417862678452857e-02 5.619736710931282723e+05
1.676832820337198493e-02 0.000000000000000000e+00
1.842069839530119726e-02 2.434680557466907485e+05
2.023589503111089191e-02 2.938095289225532906e+05
2.222996321434766651e-02 2.634094115520500345e+05
2.442052915136719640e-02 2.441663950279268902e+05
2.682695595500901239e-02 1.984165162440759595e+05
2.947051480134291537e-02 1.467208976849166502e+05
3.237457295239669353e-02 1.511772232960831607e+05
3.556480030685772731e-02 9.961155813952424796e+04
3.906939630451649464e-02 1.102986802622529649e+05
4.291933919013282694e-02 9.651192770365074102e+04
4.714865984004791566e-02 9.415587434632131772e+04
5.179474257198286163e-02 8.175545197227860626e+04
5.689865559697841746e-02 7.903756504112646508e+04
6.250551403444545850e-02 7.190644977845973335e+04
6.866487869913283359e-02 5.601256632739214547e+04
7.543119418501802176e-02 4.588708991581491136e+04
8.286427011848424007e-02 3.618846591399453609e+04
9.102980983473445142e-02 3.267044040441800462e+04
9.999999115058272325e-02 3.167585691046546708e+04
1.098541043672585787e-01 2.819365021443377555e+04
1.206792531427361148e-01 2.370345299297312158e+04
1.325711244288214907e-01 2.062464089159909418e+04
1.456348342787200378e-01 1.808975530850653013e+04
1.599858570014452974e-01 1.617271708068317639e+04
1.757510458761641914e-01 1.447138878818705234e+04
1.930697544488981787e-01 1.304739488225321838e+04
2.120950683230800604e-01 1.160043417206609956e+04
2.329951583321586417e-01 1.031611264758127254e+04
2.559547670553742882e-01 9.354562589614222816e+03
2.811768418164965477e-01 8.593431896167181549e+03
3.088843286001189403e-01 7.750329867302984894e+03
3.393221427425128778e-01 7.103936323044669734e+03
3.727593338166072523e-01 6.559220490789734868e+03
4.094914638472018087e-01 6.045525566433094355e+03
4.498432198782237879e-01 5.576372555301857574e+03
4.941712839853393824e-01 5.149481647441134555e+03
5.428674861028858212e-01 4.790366672814550839e+03
5.963622675339625978e-01 4.426323536236851396e+03
6.551284857587630350e-01 4.122101334722620777e+03
7.196855941730535555e-01 3.824347384127505848e+03
7.906042337028588163e-01 3.542831903811877055e+03
8.685112768820903995e-01 3.261632448317518993e+03
9.540953689793428838e-01 2.990469344611072302e+03
1.048113015153642191e+00 0.000000000000000000e+00
