1.048113066601954503e-02 4.128404757015059295e+04
1.151395323963562076e-02 0.000000000000000000e+00
1.264855132798976302e-02 2.558656755183926725e+04
1.389495400641860279e-02 5.224863455580269510e+04
1.526417862678452857e-02 5.482426701121585211e+04
1.676832820337198493e-02 0.000000000000000000e+00
1.842069839530119726e-02 6.234099808676006069e+04
2.023589503111089191e-02 5.121618306526879314e+04
2.222996321434766651e-02 3.402850827397019748e+04
2.442052915136719640e-02 4.938321509486388823e+04
2.682695595500901239e-02 5.643728332624566974e+04
2.947051480134291537e-02 6.312069823124747927e+04
3.237457295239669353e-02 5.042487192990328913e+04
3.556480030685772731e-02 4.510161994901089929e+04
3.906939630451649464e-02 3.772812067476010998e+04
4.291933919013282694e-02 3.956367724305442243e+04
4.714865984004791566e-02 3.345860341879200132e+04
5.179474257198286163e-02 3.165887273634902158e+04
5.689865559697841746e-02 3.308540692936863343e+04
6.250551403444545850e-02 2.979797357302003002e+04
6.866487869913283359e-02 2.940286733526050375e+04
7.543119418501802176e-02 2.435498596143574468e+04
8.286427011848424007e-02 2.273035606157408256e+04
9.102980983473445142e-02 2.045168452274115771e+04
9.999999115058272325e-02 1.667773629960194376e+04
1.098541043672585787e-01 1.513276218933721793e+04
1.206792531427361148e-01 1.438265782216579828e+04
1.325711244288214907e-01 1.327638762148795468e+04
1.456348342787200378e-01 1.150278340898998613e+04
1.599858570014452974e-01 1.005157738776579208e+04
1.757510458761641914e-01 9.199888350578501559e+03
1.930697544488981787e-01 8.466476563271846317e+03
2.120950683230800604e-01 7.608588843716206611e+03
2.329951583321586417e-01 6.885966673907703807e+03
2.559547670553742882e-01 6.330803665988933062e+03
2.811768418164965477e-01 5.810413602209674536e+03
3.088843286001189403e-01 5.337208661253053833e+03
3.393221427425128778e-01 4.892802212377310752e+03
3.727593338166072523e-01 4.526820082944744172e+03
4.094914638472018087e-01 4.227458349841797826e+03
4.498432198782237879e-01 3.947234729825102477e+03
4.941712839853393824e-01 3.691739977295557765e+03
5.428674861028858212e-01 3.472728763300906394e+03
5.963622675339625978e-01 3.253211146468532661e+03
6.551284857587630350e-01 3.063578221759492408e+03
7.196855941730535555e-01 2.887677557233741027e+03
7.906042337028588163e-01 2.713788050225069583e+03
8.685112768820903995e-01 2.544287287679400833e+03
9.540953689793428838e-01 2.388953117209265656e+03
1.048113015153642191e+00 0.000000000000000000e+00
