1.048113066601954503e-02 2.273232784494375301e+04
1.151395323963562076e-02 0.000000000000000000e+00
1.264855132798976302e-02 1.971693930284064481e+04
1.389495400641860279e-02 2.801317322759526724e+04
1.526417862678452857e-02 3.908982309705258376e+04
1.676832820337198493e-02 0.000000000000000000e+00
1.842069839530119726e-02 3.269576708973862333e+04
2.023589503111089191e-02 2.503131878273235998e+04
2.222996321434766651e-02 4.006679309809221013e+04
2.442052915136719640e-02 4.038311846055454953e+04
2.682695595500901239e-02 3.388891799923888175e+04
2.947051480134291537e-02 4.474108151126365556e+04
3.237457295239669353e-02 3.293486479981146840e+04
3.556480030685772731e-02 3.170610837944832747e+04
3.906939630451649464e-02 2.592666205011049897e+04
4.291933919013282694e-02 2.980725442578175716e+04
4.714865984004791566e-02 2.693110146599054860e+04
5.179474257198286163e-02 2.522631376590790751e+04
5.689865559697841746e-02 2.428292286232546030e+04
6.250551403444545850e-02 2.344335601529185078e+04
6.866487869913283359e-02 2.223781322948738307e+04
7.543119418501802176e-02 2.012736220761819641e+04
8.286427011848424007e-02 2.006172564856820100e+04
9.102980983473445142e-02 1.755808272631610089e+04
9.999999115058272325e-02 1.517284251322936871e+04
1.098541043672585787e-01 1.423684357560341959e+04
1.206792531427361148e-01 1.270281710032124647e+04
1.325711244288214907e-01 1.186872321656904751e+04
1.456348342787200378e-01 1.063545772042448516e+04
1.599858570014452974e-01 9.453143732182114036e+03
1.757510458761641914e-01 8.647115539433511003e+03
1.930697544488981787e-01 7.955681027949629424e+03
2.120950683230800604e-01 7.154828015368101660e+03
2.329951583321586417e-01 6.441915817647043696e+03
2.559547670553742882e-01 5.924642748143558492e+03
2.811768418164965477e-01 5.388876296852886298e+03
3.088843286001189403e-01 4.906462073801196311e+03
3.393221427425128778e-01 4.563136615258690654e+03
3.727593338166072523e-01 4.206807229886642745e+03
4.094914638472018087e-01 3.906899637159262056e+03
4.498432198782237879e-01 3.634384750882020853e+03
4.941712839853393824e-01 3.398911741376422469e+03
5.428674861028858212e-01 3.186599413268347234e+03
5.963622675339625978e-01 2.999555546386766764e+03
6.551284857587630350e-01 2.839535589299436197e+03
7.196855941730535555e-01 2.677832474766821178e+03
7.906042337028588163e-01 2.533574632367691265e+03
8.685112768820903995e-01 2.404431803777689765e+03
9.540953689793428838e-01 2.278459245807682692e+03
1.048113015153642191e+00 0.000000000000000000e+00
