1.048113066601954503e-02 1.490835027852534549e+05
1.151395323963562076e-02 0.000000000000000000e+00
1.264855132798976302e-02 2.499741474368386553e+05
1.389495400641860279e-02 1.045608661951343238e+05
1.526417862678452857e-02 8.777127004314912483e+04
1.676832820337198493e-02 0.000000000000000000e+00
1.842069839530119726e-02 1.300788056044116383e+05
2.023589503111089191e-02 1.022764044896406995e+05
2.222996321434766651e-02 7.679906452667502163e+04
2.442052915136719640e-02 1.128026437628354470e+05
2.682695595500901239e-02 7.563319420928906766e+04
2.947051480134291537e-02 8.862634425123839173e+04
3.237457295239669353e-02 8.423286398215089866e+04
3.556480030685772731e-02 7.872677890805478091e+04
3.906939630451649464e-02 6.719024799368510139e+04
4.291933919013282694e-02 7.476835740221080778e+04
4.714865984004791566e-02 6.771289942991815042e+04
5.179474257198286163e-02 6.538264595572264079e+04
5.689865559697841746e-02 5.703317273564187781e+04
6.250551403444545850e-02 4.910042589771470375e+04
6.866487869913283359e-02 5.184040098169850535e+04
7.543119418501802176e-02 4.903092889196045871e+04
8.286427011848424007e-02 4.106366161275054037e+04
9.102980983473445142e-02 3.771404966334283381e+04
9.999999115058272325e-02 3.376399557204041048e+04
1.098541043672585787e-01 2.977356867183501163e+04
1.206792531427361148e-01 2.641768404516816736e+04
1.325711244288214907e-01 2.404316791018000367e+04
1.456348342787200378e-01 2.171587909900660088e+04
1.599858570014452974e-01 1.892918090232691611e+04
1.757510458761641914e-01 1.733147168721224079e+04
1.930697544488981787e-01 1.552969151970770326e+04
2.120950683230800604e-01 1.420055209367335010e+04
2.329951583321586417e-01 1.262847825565405947e+04
2.559547670553742882e-01 1.149037539136364467e+04
2.811768418164965477e-01 1.053101254719460121e+04
3.088843286001189403e-01 9.599239642619639199e+03
3.393221427425128778e-01 8.797111485483424985e+03
3.727593338166072523e-01 8.041476033952912985e+03
4.094914638472018087e-01 7.499539903051960209e+03
4.498432198782237879e-01 6.912473222314363738e+03
4.941712839853393824e-01 6.446172715568947751e+03
5.428674861028858212e-01 6.039169046607354176e+03
5.963622675339625978e-01 5.661216370060055851e+03
6.551284857587630350e-01 5.315161778099791263e+03
7.196855941730535555e-01 5.005021872499088204e+03
7.906042337028588163e-01 4.718938612263786126e+03
8.685112768820903995e-01 4.452816804451798816e+03
9.540953689793428838e-01 4.202166374232680027e+03
1.048113015153642191e+00 0.000000000000000000e+00
