1.048113066601954503e-02 3.772195592180086533e+04
1.151395323963562076e-02 0.000000000000000000e+00
1.264855132798976302e-02 5.256213620056183572e+04
1.389495400641860279e-02 7.444775990637129871e+04
1.526417862678452857e-02 9.396882536201542825e+04
1.676832820337198493e-02 0.000000000000000000e+00
1.842069839530119726e-02 5.297004922385083046e+04
2.023589503111089191e-02 8.032605484649501159e+04
2.222996321434766651e-02 1.106484272070106817e+05
2.442052915136719640e-02 7.102661050054412044e+04
2.682695595500901239e-02 6.654876567398456973e+04
2.947051480134291537e-02 6.324985943759023212e+04
3.237457295239669353e-02 5.795817743699061975e+04
3.556480030685772731e-02 5.516093326134281233e+04
3.906939630451649464e-02 5.384545267773536034e+04
4.291933919013282694e-02 4.659085013368243381e+04
4.714865984004791566e-02 3.965950885702205414e+04
5.179474257198286163e-02 3.953942054110195022e+04
5.689865559697841746e-02 4.172641245824233920e+04
6.250551403444545850e-02 3.763985414873044647e+04
6.866487869913283359e-02 3.588747181204885419e+04
7.543119418501802176e-02 3.184097139936990425e+04
8.286427011848424007e-02 2.936880996834106918e+04
9.102980983473445142e-02 2.464623269385627646e+04
9.999999115058272325e-02 2.197191059338497871e+04
1.098541043672585787e-01 1.929158580742240883e+04
1.206792531427361148e-01 1.725835594571412730e+04
1.325711244288214907e-01 1.642824964102129525e+04
1.456348342787200378e-01 1.468240359564046594e+04
1.599858570014452974e-01 1.257472836681571425e+04
1.757510458761641914e-01 1.102889759436198983e+04
1.930697544488981787e-01 1.008113446917006513e+04
2.120950683230800604e-01 9.034338500159678006e+03
2.329951583321586417e-01 7.925330710316004115e+03
2.559547670553742882e-01 7.188398123206053242e+03
2.811768418164965477e-01 6.474979698101378744e+03
3.088843286001189403e-01 5.828195444646600663e+03
3.393221427425128778e-01 5.271085797818745050e+03
3.727593338166072523e-01 4.790683290559101806e+03
4.094914638472018087e-01 4.382876490342225225e+03
4.498432198782237879e-01 4.031316823775779994e+03
4.941712839853393824e-01 3.715846764361841451e+03
5.428674861028858212e-01 3.438963933220384206e+03
5.963622675339625978e-01 3.181346739029693708e+03
6.551284857587630350e-01 2.966495780286000809e+03
7.196855941730535555e-01 2.774767817979965912e+03
7.906042337028588163e-01 2.600120929041725958e+03
8.685112768820903995e-01 2.446174663006552692e+03
9.540953689793428838e-01 2.306505171780185265e+03
1.048113015153642191e+00 0.000000000000000000e+00
