1.048113066601954503e-02 1.776121016917788074e+05
1.151395323963562076e-02 0.000000000000000000e+00
1.264855132798976302e-02 5.636294513856376288e+05
1.389495400641860279e-02 3.209656317832897766e+05
1.526417862678452857e-02 2.540072429524997133e+05
1.676832820337198493e-02 0.000000000000000000e+00
1.842069839530119726e-02 2.630184904450238682e+05
2.023589503111089191e-02 2.675080096963364631e+05
2.222996321434766651e-02 1.894391283993051620e+05
2.442052915136719640e-02 1.673165831252269563e+05
2.682695595500901239e-02 1.216150900755571056e+05
2.947051480134291537e-02 1.142475444698440988e+05
3.237457295239669353e-02 8.248227919756404299e+04
3.556480030685772731e-02 8.516164667517530324e+04
3.906939630451649464e-02 6.397165053566196002e+04
4.291933919013282694e-02 5.058072826420732599e+04
4.714865984004791566e-02 4.344390517519900459e+04
5.179474257198286163e-02 4.141446161797602690e+04
5.689865559697841746e-02 4.153860950400317961e+04
6.250551403444545850e-02 3.636237961694085243e+04
6.866487869913283359e-02 3.352353784669549350e+04
7.543119418501802176e-02 2.665909440061484202e+04
8.286427011848424007e-02 2.059355702905721409e+04
9.102980983473445142e-02 1.673217855289252111e+04
9.999999115058272325e-02 1.451543680730744018e+04
1.098541043672585787e-01 1.301610146121475918e+04
1.206792531427361148e-01 1.226767448296085604e+04
1.325711244288214907e-01 1.027174821656516178e+04
1.456348342787200378e-01 8.717001539175140351e+03
1.599858570014452974e-01 7.368295715476709120e+03
1.757510458761641914e-01 6.446912560530204246e+03
1.930697544488981787e-01 5.708923251246606014e+03
2.120950683230800604e-01 4.982331093191938635e+03
2.329951583321586417e-01 4.355622573105186348e+03
2.559547670553742882e-01 3.837010120984708010e+03
2.811768418164965477e-01 3.406758383883858187e+03
3.088843286001189403e-01 3.036707728549297826e+03
3.393221427425128778e-01 2.692906472704791213e+03
3.727593338166072523e-01 2.409850966335077828e+03
4.094914638472018087e-01 2.168739394927377361e+03
4.498432198782237879e-01 1.962676344534152349e+03
4.941712839853393824e-01 1.783691870773109258e+03
5.428674861028858212e-01 1.620910527799163447e+03
5.963622675339625978e-01 1.482604340960283025e+03
6.551284857587630350e-01 1.354341816519174699e+03
7.196855941730535555e-01 1.240454866363588280e+03
7.906042337028588163e-01 1.137669252734056499e+03
8.685112768820903995e-01 1.050620352999197621e+03
9.540953689793428838e-01 9.686034298874860724e+02
1.048113015153642191e+00 0.000000000000000000e+00
