1.048113066601954503e-02 2.125824661992182155e+04
1.151395323963562076e-02 0.000000000000000000e+00
1.264855132798976302e-02 7.079958917345848749e+04
1.389495400641860279e-02 5.435412575800812192e+04
1.526417862678452857e-02 3.685472265913498268e+04
1.676832820337198493e-02 0.000000000000000000e+00
1.842069839530119726e-02 5.103348854248745920e+04
2.023589503111089191e-02 6.112578582106572139e+04
2.222996321434766651e-02 7.315520923242237768e+04
2.442052915136719640e-02 7.724763426650242764e+04
2.682695595500901239e-02 3.570183101733504736e+04
2.947051480134291537e-02 4.503462345605354494e+04
3.237457295239669353e-02 5.945856900132402370e+04
3.556480030685772731e-02 5.325778034497212502e+04
3.906939630451649464e-02 4.633943200078351947e+04
4.291933919013282694e-02 4.320710197503073869e+04
4.714865984004791566e-02 4.017470054842431273e+04
5.179474257198286163e-02 3.723409422737026762e+04
5.689865559697841746e-02 3.415578553484203439e+04
6.250551403444545850e-02 3.098077862349163843e+04
6.866487869913283359e-02 2.974827732501770151e+04
7.543119418501802176e-02 2.763493713376770029e+04
8.286427011848424007e-02 2.671491080853253152e+04
9.102980983473445142e-02 2.232009894624572917e+04
9.999999115058272325e-02 1.989523187382168908e+04
1.098541043672585787e-01 1.730183929618422917e+04
1.206792531427361148e-01 1.557831424384146703e+04
1.325711244288214907e-01 1.424189673693023360e+04
1.456348342787200378e-01 1.315206147732060344e+04
1.599858570014452974e-01 1.152340198660313399e+04
1.757510458761641914e-01 1.026443504722768375e+04
1.930697544488981787e-01 9.461071542733739989e+03
2.120950683230800604e-01 8.614568663902420667e+03
2.329951583321586417e-01 7.796400762360975932e+03
2.559547670553742882e-01 7.154611768925925389e+03
2.811768418164965477e-01 6.478114951793784712e+03
3.088843286001189403e-01 6.003090417942842578e+03
3.393221427425128778e-01 5.525145973500178116e+03
3.727593338166072523e-01 5.091642436035885112e+03
4.094914638472018087e-01 4.768341437969960680e+03
4.498432198782237879e-01 4.464393954485511131e+03
4.941712839853393824e-01 4.163570690174131414e+03
5.428674861028858212e-01 3.912363012006456302e+03
5.963622675339625978e-01 3.671923913075844212e+03
6.551284857587630350e-01 3.455033135816338472e+03
7.196855941730535555e-01 3.242696476649782653e+03
7.906042337028588163e-01 3.051257681823167331e+03
8.685112768820903995e-01 2.859593712825063449e+03
9.540953689793428838e-01 2.675960457707155911e+03
1.048113015153642191e+00 0.000000000000000000e+00
