1.048113066601954503e-02 9.731313183995732106e+04
1.151395323963562076e-02 0.000000000000000000e+00
1.264855132798976302e-02 1.142560149408824072e+05
1.389495400641860279e-02 1.351303052241193654e+05
1.526417862678452857e-02 2.503990807119733072e+05
1.676832820337198493e-02 0.000000000000000000e+00
1.842069839530119726e-02 9.280276449256428168e+04
2.023589503111089191e-02 1.300685162218609330e+05
2.222996321434766651e-02 1.510013660400219378e+05
2.442052915136719640e-02 1.378933250934261596e+05
2.682695595500901239e-02 1.011218179957892862e+05
2.947051480134291537e-02 1.205494042861282505e+05
3.237457295239669353e-02 7.489054361701739253e+04
3.556480030685772731e-02 7.590020369839925843e+04
3.906939630451649464e-02 5.177072486658472917e+04
4.291933919013282694e-02 6.960074239428181318e+04
4.714865984004791566e-02 6.635189587537839543e+04
5.179474257198286163e-02 6.088216683945893601e+04
5.689865559697841746e-02 5.457225553802721697e+04
6.250551403444545850e-02 4.807238792316670879e+04
6.866487869913283359e-02 3.943923166903945094e+04
7.543119418501802176e-02 3.275482299290541778e+04
8.286427011848424007e-02 2.713586378687240358e+04
9.102980983473445142e-02 2.507232776761854257e+04
9.999999115058272325e-02 2.276029671547285761e+04
1.098541043672585787e-01 1.970308807849475488e+04
1.206792531427361148e-01 1.660222142898539823e+04
1.325711244288214907e-01 1.457971929417381216e+04
1.456348342787200378e-01 1.300028011929192871e+04
1.599858570014452974e-01 1.142312606718262396e+04
1.757510458761641914e-01 9.841622929157527324e+03
1.930697544488981787e-01 8.743698870388157957e+03
2.120950683230800604e-01 7.748262091108223103e+03
2.329951583321586417e-01 6.905463125312974626e+03
2.559547670553742882e-01 6.098456700897137125e+03
2.811768418164965477e-01 5.459502631651605043e+03
3.088843286001189403e-01 4.938039787231253285e+03
3.393221427425128778e-01 4.474784413892776683e+03
3.727593338166072523e-01 4.018455477807876377e+03
4.094914638472018087e-01 3.666789480924163399e+03
4.498432198782237879e-01 3.364867412622518714e+03
4.941712839853393824e-01 3.106949958494778912e+03
5.428674861028858212e-01 2.849487101375943894e+03
5.963622675339625978e-01 2.649925876377486020e+03
6.551284857587630350e-01 2.449512514733150510e+03
7.196855941730535555e-01 2.274397804285952134e+03
7.906042337028588163e-01 2.112619303903492437e+03
8.685112768820903995e-01 1.971390066782279746e+03
9.540953689793428838e-01 1.839589493851096677e+03
1.048113015153642191e+00 0.000000000000000000e+00
