1.048113066601954503e-02 5.014028207801609096e+04
1.151395323963562076e-02 0.000000000000000000e+00
1.264855132798976302e-02 6.203625516827576939e+04
1.389495400641860279e-02 5.879645931772348558e+04
1.526417862678452857e-02 5.426093002973246621e+04
1.676832820337198493e-02 0.000000000000000000e+00
1.842069839530119726e-02 7.666311375277541811e+04
2.023589503111089191e-02 9.716306363623480138e+04
2.222996321434766651e-02 6.280649295523080218e+04
2.442052915136719640e-02 4.880289532545816473e+04
2.682695595500901239e-02 5.250937503982477938e+04
2.947051480134291537e-02 4.513356536080427031e+04
3.237457295239669353e-02 5.194576950185650639e+04
3.556480030685772731e-02 4.818276648751840548e+04
3.906939630451649464e-02 4.120217771263888426e+04
4.291933919013282694e-02 4.209238841198296723e+04
4.714865984004791566e-02 3.473995042360648222e+04
5.179474257198286163e-02 3.473726819965516188e+04
5.689865559697841746e-02 3.115977456044229984e+04
6.250551403444545850e-02 3.113708248635492055e+04
6.866487869913283359e-02 2.579124794658074097e+04
7.543119418501802176e-02 2.404258509715871332e+04
8.286427011848424007e-02 2.095308662183495471e+04
9.102980983473445142e-02 1.786217538629886985e+04
9.999999115058272325e-02 1.574291918490515309e+04
1.098541043672585787e-01 1.339863610012322897e+04
1.206792531427361148e-01 1.212807393372487604e+04
1.325711244288214907e-01 1.127243949827856704e+04
1.456348342787200378e-01 9.686483223697094218e+03
1.599858570014452974e-01 8.350789084098825697e+03
1.757510458761641914e-01 7.412484322241463815e+03
1.930697544488981787e-01 6.561000601334890234e+03
2.120950683230800604e-01 5.767762504053739576e+03
2.329951583321586417e-01 5.132100300110442731e+03
2.559547670553742882e-01 4.581271829802219145e+03
2.811768418164965477e-01 4.083210292199310970e+03
3.088843286001189403e-01 3.669115412388475761e+03
3.393221427425128778e-01 3.304276180208451478e+03
3.727593338166072523e-01 2.966291703797009177e+03
4.094914638472018087e-01 2.685847740213529505e+03
4.498432198782237879e-01 2.455587390929396406e+03
4.941712839853393824e-01 2.236362126809677648e+03
5.428674861028858212e-01 2.060868781055613908e+03
5.963622675339625978e-01 1.889318481806180444e+03
6.551284857587630350e-01 1.749294632173211085e+03
7.196855941730535555e-01 1.611814174518893651e+03
7.906042337028588163e-01 1.503473031821055429e+03
8.685112768820903995e-01 1.394185681164261950e+03
9.540953689793428838e-01 1.300218856490474309e+03
1.048113015153642191e+00 0.000000000000000000e+00
