1.048113066601954503e-02 4.126884253432980040e+05
1.151395323963562076e-02 0.000000000000000000e+00
1.264855132798976302e-02 5.336009078078215243e+05
1.389495400641860279e-02 1.070392602497460088e+06
1.526417862678452857e-02 4.151707518678428023e+05
1.676832820337198493e-02 0.000000000000000000e+00
1.842069839530119726e-02 4.258937403465376701e+05
2.023589503111089191e-02 4.939609411620325409e+05
2.222996321434766651e-02 2.999001550230880966e+05
2.442052915136719640e-02 3.936214700510817347e+05
2.682695595500901239e-02 1.753429926716939954e+05
2.947051480134291537e-02 1.542165950848477369e+05
3.237457295239669353e-02 1.287643619911382702e+05
3.556480030685772731e-02 9.805619169569648511e+04
3.906939630451649464e-02 9.389489081730190082e+04
4.291933919013282694e-02 8.842458634691272164e+04
4.714865984004791566e-02 8.961281905827045557e+04
5.179474257198286163e-02 9.895393552188381727e+04
5.689865559697841746e-02 8.671336934138930519e+04
6.250551403444545850e-02 6.470402010918768065e+04
6.866487869913283359e-02 4.949734027760642493e+04
7.543119418501802176e-02 3.337347034095109848e+04
8.286427011848424007e-02 2.783108554813249430e+04
9.102980983473445142e-02 2.827577812156708751e+04
9.999999115058272325e-02 2.837230129549416597e+04
1.098541043672585787e-01 2.368389644464808953e+04
1.206792531427361148e-01 1.752311314717763162e+04
1.325711244288214907e-01 1.501679550754707816e+04
1.456348342787200378e-01 1.386742287126454903e+04
1.599858570014452974e-01 1.173790687545233959e+04
1.757510458761641914e-01 9.923247576475547248e+03
1.930697544488981787e-01 8.857511895157362233e+03
2.120950683230800604e-01 7.727406364488625513e+03
2.329951583321586417e-01 6.598876849005731856e+03
2.559547670553742882e-01 5.880395533952981168e+03
2.811768418164965477e-01 5.141582147832206829e+03
3.088843286001189403e-01 4.544151022722290691e+03
3.393221427425128778e-01 4.048324319007930171e+03
3.727593338166072523e-01 3.577080588285612066e+03
4.094914638472018087e-01 3.175935319138222894e+03
4.498432198782237879e-01 2.863870355977137933e+03
4.941712839853393824e-01 2.597607221580482474e+03
5.428674861028858212e-01 2.348204803467168404e+03
5.963622675339625978e-01 2.135909248639572979e+03
6.551284857587630350e-01 1.950358999169648996e+03
7.196855941730535555e-01 1.789103102686555985e+03
7.906042337028588163e-01 1.635310310846941320e+03
8.685112768820903995e-01 1.504293400199472671e+03
9.540953689793428838e-01 1.377541935113056297e+03
1.048113015153642191e+00 0.000000000000000000e+00
