1.048113066601954503e-02 4.260673487853159895e+04
1.151395323963562076e-02 0.000000000000000000e+00
1.264855132798976302e-02 3.692730556724462076e+04
1.389495400641860279e-02 5.259054766332775762e+04
1.526417862678452857e-02 7.336050667438030359e+04
1.676832820337198493e-02 0.000000000000000000e+00
1.842069839530119726e-02 6.140435070067307242e+04
2.023589503111089191e-02 4.699717053094984294e+04
2.222996321434766651e-02 7.513203182801154617e+04
2.442052915136719640e-02 7.584451837535302911e+04
2.682695595500901239e-02 6.364582932310166507e+04
2.947051480134291537e-02 8.404963850257371087e+04
3.237457295239669353e-02 6.188033559874592174e+04
3.556480030685772731e-02 5.961588963683896873e+04
3.906939630451649464e-02 4.878039440303412266e+04
4.291933919013282694e-02 5.615535571153515048e+04
4.714865984004791566e-02 5.069966497193621035e+04
5.179474257198286163e-02 4.755386931279249256e+04
5.689865559697841746e-02 4.581721896339746309e+04
6.250551403444545850e-02 4.427103969258491998e+04
6.866487869913283359e-02 4.203487498696748662e+04
7.543119418501802176e-02 3.807916052837231837e+04
8.286427011848424007e-02 3.804797315557090042e+04
9.102980983473445142e-02 3.336973287150435499e+04
9.999999115058272325e-02 2.888858910668921817e+04
1.098541043672585787e-01 2.718048590791935931e+04
1.206792531427361148e-01 2.433759169572819155e+04
1.325711244288214907e-01 2.279225467578063035e+04
1.456348342787200378e-01 2.052456634467669210e+04
1.599858570014452974e-01 1.831997456233091361e+04
1.757510458761641914e-01 1.682587321050084938e+04
1.930697544488981787e-01 1.555396076719937628e+04
2.120950683230800604e-01 1.406057841226533674e+04
2.329951583321586417e-01 1.272694194304267148e+04
2.559547670553742882e-01 1.177023296253860281e+04
2.811768418164965477e-01 1.077429542299914647e+04
3.088843286001189403e-01 9.870111380049049330e+03
3.393221427425128778e-01 9.232860003807374596e+03
3.727593338166072523e-01 8.570653812996944907e+03
4.094914638472018087e-01 8.010391874001376891e+03
4.498432198782237879e-01 7.499033105287671788e+03
4.941712839853393824e-01 7.060578018536926720e+03
5.428674861028858212e-01 6.662846558879605254e+03
5.963622675339625978e-01 6.312448850753758961e+03
6.551284857587630350e-01 6.015332530387456245e+03
7.196855941730535555e-01 5.709531607222273124e+03
7.906042337028588163e-01 5.436718324559671601e+03
8.685112768820903995e-01 5.193821428786382057e+03
9.540953689793428838e-01 4.954495002927273163e+03
1.048113015153642191e+00 0.000000000000000000e+00
