1.048113066601954503e-02 5.645024886117116548e+05
1.151395323963562076e-02 0.000000000000000000e+00
1.264855132798976302e-02 5.247100112395574106e+05
1.389495400641860279e-02 2.809046627561477362e+05
1.526417862678452857e-02 2.405072623778349953e+05
1.676832820337198493e-02 0.000000000000000000e+00
1.842069839530119726e-02 3.823511681262118509e+05
2.023589503111089191e-02 2.352463198704129609e+05
2.222996321434766651e-02 1.969745457041409973e+05
2.442052915136719640e-02 1.799833407088206441e+05
2.682695595500901239e-02 1.680502998771336861e+05
2.947051480134291537e-02 9.007904166358435759e+04
3.237457295239669353e-02 7.078875095727210282e+04
3.556480030685772731e-02 7.308043740222349879e+04
3.906939630451649464e-02 6.060125334104395006e+04
4.291933919013282694e-02 4.676044789477421000e+04
4.714865984004791566e-02 3.985923876813841343e+04
5.179474257198286163e-02 3.941890593084857392e+04
5.689865559697841746e-02 4.229988871456794732e+04
6.250551403444545850e-02 4.329699740810498042e+04
6.866487869913283359e-02 3.852879994388101477e+04
7.543119418501802176e-02 3.321525619350032503e+04
8.286427011848424007e-02 2.274311403633161171e+04
9.102980983473445142e-02 1.632884714489689759e+04
9.999999115058272325e-02 1.365008142031400712e+04
1.098541043672585787e-01 1.363411885045376766e+04
1.206792531427361148e-01 1.383802678902120169e+04
1.325711244288214907e-01 1.120688237148487315e+04
1.456348342787200378e-01 8.728433683064309662e+03
1.599858570014452974e-01 7.329081409908472779e+03
1.757510458761641914e-01 6.807706484514793374e+03
1.930697544488981787e-01 6.012693956658427851e+03
2.120950683230800604e-01 4.956731302728398077e+03
2.329951583321586417e-01 4.401477719465594419e+03
2.559547670553742882e-01 3.891539999449646530e+03
2.811768418164965477e-01 3.369952573778632541e+03
3.088843286001189403e-01 2.961895940666406659e+03
3.393221427425128778e-01 2.623986902451152218e+03
3.727593338166072523e-01 2.322550672540553023e+03
4.094914638472018087e-01 2.082925142649979534e+03
4.498432198782237879e-01 1.857270028278463997e+03
4.941712839853393824e-01 1.682366283221799677e+03
5.428674861028858212e-01 1.515887782301266043e+03
5.963622675339625978e-01 1.371807154300259754e+03
6.551284857587630350e-01 1.249015648838908874e+03
7.196855941730535555e-01 1.143047243864547454e+03
7.906042337028588163e-01 1.047355980072477905e+03
8.685112768820903995e-01 9.603529850772667942e+02
9.540953689793428838e-01 8.841164523569850644e+02
1.048113015153642191e+00 0.000000000000000000e+00
