1.048113066601954503e-02 1.623189739413187490e+05
1.151395323963562076e-02 0.000000000000000000e+00
1.264855132798976302e-02 1.456726278737739194e+05
1.389495400641860279e-02 1.863568127044471912e+05
1.526417862678452857e-02 1.703967873440017574e+05
1.676832820337198493e-02 0.000000000000000000e+00
1.842069839530119726e-02 1.422281946710301854e+05
2.023589503111089191e-02 1.555613588374981191e+05
2.222996321434766651e-02 1.693134629534056294e+05
2.442052915136719640e-02 1.519565824751884793e+05
2.682695595500901239e-02 1.448823431433396181e+05
2.947051480134291537e-02 1.118105760505064391e+05
3.237457295239669353e-02 1.086231253047347418e+05
3.556480030685772731e-02 9.904823481542522495e+04
3.906939630451649464e-02 8.896444135217557778e+04
4.291933919013282694e-02 8.308643348664476071e+04
4.714865984004791566e-02 7.414740688531732303e+04
5.179474257198286163e-02 7.071759073139580141e+04
5.689865559697841746e-02 5.930132025374568184e+04
6.250551403444545850e-02 5.786338808076937130e+04
6.866487869913283359e-02 5.136609031624703493e+04
7.543119418501802176e-02 4.926659469781596272e+04
8.286427011848424007e-02 4.033350671829939529e+04
9.102980983473445142e-02 3.480600837020551990e+04
9.999999115058272325e-02 3.057555039550615402e+04
1.098541043672585787e-01 2.694813220756754527e+04
1.206792531427361148e-01 2.557925001313017856e+04
1.325711244288214907e-01 2.291396086391508652e+04
1.456348342787200378e-01 2.006533020703418151e+04
1.599858570014452974e-01 1.776297749568165818e+04
1.757510458761641914e-01 1.602676594409131212e+04
1.930697544488981787e-01 1.479368441760614951e+04
2.120950683230800604e-01 1.329275414118821755e+04
2.329951583321586417e-01 1.201533862876227431e+04
2.559547670553742882e-01 1.088404334114444464e+04
2.811768418164965477e-01 9.982918332768369510e+03
3.088843286001189403e-01 9.179753725131526153e+03
3.393221427425128778e-01 8.496455873067223365e+03
3.727593338166072523e-01 7.863528651963124503e+03
4.094914638472018087e-01 7.335058614912850317e+03
4.498432198782237879e-01 6.834018077164953866e+03
4.941712839853393824e-01 6.388240167583589937e+03
5.428674861028858212e-01 5.991287940656902720e+03
5.963622675339625978e-01 5.627638124885681464e+03
6.551284857587630350e-01 5.268499192568804574e+03
7.196855941730535555e-01 4.953014354336674842e+03
7.906042337028588163e-01 4.646596400636890394e+03
8.685112768820903995e-01 4.340425896991247100e+03
9.540953689793428838e-01 4.050986516794035197e+03
1.048113015153642191e+00 0.000000000000000000e+00
