1.048113066601954503e-02 7.767109197144460632e+04
1.151395323963562076e-02 0.000000000000000000e+00
1.264855132798976302e-02 9.611089543015873642e+04
1.389495400641860279e-02 9.118073785685347684e+04
1.526417862678452857e-02 8.400543034082886879e+04
1.676832820337198493e-02 0.000000000000000000e+00
1.842069839530119726e-02 1.185732834898017318e+05
2.023589503111089191e-02 1.504830472683061962e+05
2.222996321434766651e-02 9.719384744677229901e+04
2.442052915136719640e-02 7.554274381408531917e+04
2.682695595500901239e-02 8.144696501044262550e+04
2.947051480134291537e-02 6.998939756549114827e+04
3.237457295239669353e-02 8.067010094959251001e+04
3.556480030685772731e-02 7.478824759942878154e+04
3.906939630451649464e-02 6.397304429390316363e+04
4.291933919013282694e-02 6.543478785660958965e+04
4.714865984004791566e-02 5.397429066914230498e+04
5.179474257198286163e-02 5.404187105902950134e+04
5.689865559697841746e-02 4.853106575283401617e+04
6.250551403444545850e-02 4.847977141559673328e+04
6.866487869913283359e-02 4.023038742595497752e+04
7.543119418501802176e-02 3.758762349007850571e+04
8.286427011848424007e-02 3.277287685284172767e+04
9.102980983473445142e-02 2.797412062142610375e+04
9.999999115058272325e-02 2.470533854774473002e+04
1.098541043672585787e-01 2.106227439370188222e+04
1.206792531427361148e-01 1.911793162056652727e+04
1.325711244288214907e-01 1.780106203340927823e+04
1.456348342787200378e-01 1.533496479701602948e+04
1.599858570014452974e-01 1.326251155525349895e+04
1.757510458761641914e-01 1.180892582086411858e+04
1.930697544488981787e-01 1.048496093889697659e+04
2.120950683230800604e-01 9.245433314684498328e+03
2.329951583321586417e-01 8.255881323811830953e+03
2.559547670553742882e-01 7.398041093476585957e+03
2.811768418164965477e-01 6.619754489563999414e+03
3.088843286001189403e-01 5.972136224782223508e+03
3.393221427425128778e-01 5.400364944096959334e+03
3.727593338166072523e-01 4.867564498144807658e+03
4.094914638472018087e-01 4.425916265951384958e+03
4.498432198782237879e-01 4.064337524005947216e+03
4.941712839853393824e-01 3.717249761149741971e+03
5.428674861028858212e-01 3.440227219130094454e+03
5.963622675339625978e-01 3.166862892017737067e+03
6.551284857587630350e-01 2.944825484545061045e+03
7.196855941730535555e-01 2.725085288899505940e+03
7.906042337028588163e-01 2.552840662269121822e+03
8.685112768820903995e-01 2.377403878677498597e+03
9.540953689793428838e-01 2.226920724215958217e+03
1.048113015153642191e+00 0.000000000000000000e+00
