1.048113066601954503e-02 5.424171135305175267e+04
1.151395323963562076e-02 0.000000000000000000e+00
1.264855132798976302e-02 1.229514901466053925e+04
1.389495400641860279e-02 5.450450751220341044e+04
1.526417862678452857e-02 6.966031515714019770e+04
1.676832820337198493e-02 0.000000000000000000e+00
1.842069839530119726e-02 6.670789696682785871e+04
2.023589503111089191e-02 6.041559223418196780e+04
2.222996321434766651e-02 9.619080459533279645e+04
2.442052915136719640e-02 5.887951973185988027e+04
2.682695595500901239e-02 7.159250725188788783e+04
2.947051480134291537e-02 6.315181723667245387e+04
3.237457295239669353e-02 5.735118952979656751e+04
3.556480030685772731e-02 4.038013887018568494e+04
3.906939630451649464e-02 5.170148923328473757e+04
4.291933919013282694e-02 4.955081347984838067e+04
4.714865984004791566e-02 4.370088384152619983e+04
5.179474257198286163e-02 4.079571510029210185e+04
5.689865559697841746e-02 3.731842587486770208e+04
6.250551403444545850e-02 3.478467661589781346e+04
6.866487869913283359e-02 3.062855457533438312e+04
7.543119418501802176e-02 2.936647384083972429e+04
8.286427011848424007e-02 2.733105792393993397e+04
9.102980983473445142e-02 2.403012364271963452e+04
9.999999115058272325e-02 1.954871671474744289e+04
1.098541043672585787e-01 1.722278747833366288e+04
1.206792531427361148e-01 1.640836697288537107e+04
1.325711244288214907e-01 1.512256422015415046e+04
1.456348342787200378e-01 1.314963372426371279e+04
1.599858570014452974e-01 1.166706912173474848e+04
1.757510458761641914e-01 1.033099490028113178e+04
1.930697544488981787e-01 9.326755837137723574e+03
2.120950683230800604e-01 8.313429361568349123e+03
2.329951583321586417e-01 7.355362285244519626e+03
2.559547670553742882e-01 6.625637971472425306e+03
2.811768418164965477e-01 5.988130533177694815e+03
3.088843286001189403e-01 5.407192516652121412e+03
3.393221427425128778e-01 4.887285610907901173e+03
3.727593338166072523e-01 4.443889924126436199e+03
4.094914638472018087e-01 4.079119347004564133e+03
4.498432198782237879e-01 3.758338614716480151e+03
4.941712839853393824e-01 3.454999091066290475e+03
5.428674861028858212e-01 3.193786099700636896e+03
5.963622675339625978e-01 2.976324169878403609e+03
6.551284857587630350e-01 2.767230789661183280e+03
7.196855941730535555e-01 2.587049786991891779e+03
7.906042337028588163e-01 2.417366805252057929e+03
8.685112768820903995e-01 2.265798647495789737e+03
9.540953689793428838e-01 2.131290197838924541e+03
1.048113015153642191e+00 0.000000000000000000e+00
