1.048113066601954503e-02 1.107285253011055902e+05
1.151395323963562076e-02 0.000000000000000000e+00
1.264855132798976302e-02 4.808958854686149862e+05
1.389495400641860279e-02 2.400944588678105210e+05
1.526417862678452857e-02 8.358954939730266051e+04
1.676832820337198493e-02 0.000000000000000000e+00
1.842069839530119726e-02 1.395599435688694357e+05
2.023589503111089191e-02 1.537412792305478652e+05
2.222996321434766651e-02 2.066751814865096239e+05
2.442052915136719640e-02 2.116354487534500659e+05
2.682695595500901239e-02 1.396237132408151519e+05
2.947051480134291537e-02 1.224311948420135595e+05
3.237457295239669353e-02 9.618791213052920648e+04
3.556480030685772731e-02 7.118759626101891627e+04
3.906939630451649464e-02 6.886218220714226482e+04
4.291933919013282694e-02 6.274475113356938527e+04
4.714865984004791566e-02 6.560284355108656746e+04
5.179474257198286163e-02 6.300381590236173361e+04
5.689865559697841746e-02 6.020297548054259096e+04
6.250551403444545850e-02 5.980266925994376652e+04
6.866487869913283359e-02 5.293111062722334464e+04
7.543119418501802176e-02 4.014733453164466482e+04
8.286427011848424007e-02 3.139151742560435378e+04
9.102980983473445142e-02 2.620592274278846890e+04
9.999999115058272325e-02 2.262010584556544200e+04
1.098541043672585787e-01 2.163215461835004317e+04
1.206792531427361148e-01 2.049290692803001002e+04
1.325711244288214907e-01 1.712945220445110317e+04
1.456348342787200378e-01 1.397327750342750733e+04
1.599858570014452974e-01 1.259803652425040127e+04
1.757510458761641914e-01 1.143633082925696544e+04
1.930697544488981787e-01 9.873030045779498323e+03
2.120950683230800604e-01 8.594303129368718146e+03
2.329951583321586417e-01 7.717439199972366623e+03
2.559547670553742882e-01 6.762908360499282935e+03
2.811768418164965477e-01 6.063422267181947063e+03
3.088843286001189403e-01 5.386194595400751496e+03
3.393221427425128778e-01 4.847625340479568877e+03
3.727593338166072523e-01 4.360455675857566348e+03
4.094914638472018087e-01 3.940259656892136263e+03
4.498432198782237879e-01 3.586707212407833595e+03
4.941712839853393824e-01 3.247343325405296127e+03
5.428674861028858212e-01 2.987688197231555478e+03
5.963622675339625978e-01 2.755686046963591252e+03
6.551284857587630350e-01 2.542112797111095006e+03
7.196855941730535555e-01 2.357484850543683933e+03
7.906042337028588163e-01 2.195110092154720860e+03
8.685112768820903995e-01 2.050919498948750515e+03
9.540953689793428838e-01 1.912269706972109816e+03
1.048113015153642191e+00 0.000000000000000000e+00
