1.048113066601954503e-02 1.778743287182944478e+05
1.151395323963562076e-02 0.000000000000000000e+00
1.264855132798976302e-02 4.799291028235979611e+05
1.389495400641860279e-02 4.865956573150752229e+05
1.526417862678452857e-02 2.607695847842416551e+05
1.676832820337198493e-02 0.000000000000000000e+00
1.842069839530119726e-02 3.256609030531348544e+05
2.023589503111089191e-02 2.164988529534736008e+05
2.222996321434766651e-02 2.608008152169976383e+05
2.442052915136719640e-02 2.105050686695715995e+05
2.682695595500901239e-02 1.926039174390804255e+05
2.947051480134291537e-02 2.352229667736346601e+05
3.237457295239669353e-02 1.300920910489621601e+05
3.556480030685772731e-02 1.140257480546513543e+05
3.906939630451649464e-02 1.093236334359817120e+05
4.291933919013282694e-02 1.037591056414632476e+05
4.714865984004791566e-02 1.051116447207709425e+05
5.179474257198286163e-02 8.204297660794149851e+04
5.689865559697841746e-02 8.821636645740843960e+04
6.250551403444545850e-02 8.796979256597644417e+04
6.866487869913283359e-02 7.843616789566441730e+04
7.543119418501802176e-02 6.310951826883727335e+04
8.286427011848424007e-02 4.752827429032539658e+04
9.102980983473445142e-02 4.156966112081104075e+04
9.999999115058272325e-02 3.750979877036133985e+04
1.098541043672585787e-01 3.655786739383501845e+04
1.206792531427361148e-01 3.317814148502334865e+04
1.325711244288214907e-01 2.746059384854335076e+04
1.456348342787200378e-01 2.397095807581575718e+04
1.599858570014452974e-01 2.199551360965199638e+04
1.757510458761641914e-01 1.994535944298137474e+04
1.930697544488981787e-01 1.751991500906997317e+04
2.120950683230800604e-01 1.586101231443855431e+04
2.329951583321586417e-01 1.430433075814336553e+04
2.559547670553742882e-01 1.306019900124761807e+04
2.811768418164965477e-01 1.181707686362674758e+04
3.088843286001189403e-01 1.078585232781767263e+04
3.393221427425128778e-01 1.007681652597460925e+04
3.727593338166072523e-01 9.216286417782102944e+03
4.094914638472018087e-01 8.548938042461235455e+03
4.498432198782237879e-01 7.975057269922914202e+03
4.941712839853393824e-01 7.465080915921216729e+03
5.428674861028858212e-01 6.982913255399276750e+03
5.963622675339625978e-01 6.543043051547523646e+03
6.551284857587630350e-01 6.157652117777775857e+03
7.196855941730535555e-01 5.788894681404824951e+03
7.906042337028588163e-01 5.450024948197500635e+03
8.685112768820903995e-01 5.134081320975837116e+03
9.540953689793428838e-01 4.845090748408520085e+03
1.048113015153642191e+00 0.000000000000000000e+00
