1.048113066601954503e-02 3.630148645733129524e+04
1.151395323963562076e-02 0.000000000000000000e+00
1.264855132798976302e-02 1.295052442238891381e+05
1.389495400641860279e-02 9.883020095634864992e+04
1.526417862678452857e-02 5.319178022608831088e+04
1.676832820337198493e-02 0.000000000000000000e+00
1.842069839530119726e-02 8.425163513406136190e+04
2.023589503111089191e-02 7.938329617726460856e+04
2.222996321434766651e-02 9.051946608558131265e+04
2.442052915136719640e-02 6.511698725495999679e+04
2.682695595500901239e-02 5.798791208089257998e+04
2.947051480134291537e-02 5.915346213163205539e+04
3.237457295239669353e-02 5.677798298987280577e+04
3.556480030685772731e-02 5.396554162247866770e+04
3.906939630451649464e-02 4.649329501161756343e+04
4.291933919013282694e-02 4.624969054381736350e+04
4.714865984004791566e-02 3.816504934081710962e+04
5.179474257198286163e-02 3.068271734108570672e+04
5.689865559697841746e-02 2.884345276896928044e+04
6.250551403444545850e-02 2.603662226813636516e+04
6.866487869913283359e-02 2.591545437513570869e+04
7.543119418501802176e-02 2.184965446604309182e+04
8.286427011848424007e-02 2.127076766679848515e+04
9.102980983473445142e-02 1.852240523844642667e+04
9.999999115058272325e-02 1.539816074212054264e+04
1.098541043672585787e-01 1.319120537864152539e+04
1.206792531427361148e-01 1.213542501921010262e+04
1.325711244288214907e-01 1.105690879655270328e+04
1.456348342787200378e-01 1.000986762847145292e+04
1.599858570014452974e-01 8.369909546530627267e+03
1.757510458761641914e-01 7.561334752787009165e+03
1.930697544488981787e-01 6.632494024987217017e+03
2.120950683230800604e-01 6.073299932807091864e+03
2.329951583321586417e-01 5.360631708245646223e+03
2.559547670553742882e-01 4.863941024818763253e+03
2.811768418164965477e-01 4.324616550897926572e+03
3.088843286001189403e-01 3.885694884249907318e+03
3.393221427425128778e-01 3.536947283508824512e+03
3.727593338166072523e-01 3.206260250702105623e+03
4.094914638472018087e-01 2.936341100267205093e+03
4.498432198782237879e-01 2.706386194824830909e+03
4.941712839853393824e-01 2.485131317422352367e+03
5.428674861028858212e-01 2.291088163808111858e+03
5.963622675339625978e-01 2.120237869825963571e+03
6.551284857587630350e-01 1.965288789604166823e+03
7.196855941730535555e-01 1.826325525397988486e+03
7.906042337028588163e-01 1.699463565871553556e+03
8.685112768820903995e-01 1.584963382870367241e+03
9.540953689793428838e-01 1.476744752335352132e+03
1.048113015153642191e+00 0.000000000000000000e+00
