1.048113066601954503e-02 5.840395425331381557e+04
1.151395323963562076e-02 0.000000000000000000e+00
1.264855132798976302e-02 2.436988350630126297e+04
1.389495400641860279e-02 3.507019154899074783e+04
1.526417862678452857e-02 4.218431886735796434e+04
1.676832820337198493e-02 0.000000000000000000e+00
1.842069839530119726e-02 5.472212057533706684e+04
2.023589503111089191e-02 5.934563413408699853e+04
2.222996321434766651e-02 6.642783130052550405e+04
2.442052915136719640e-02 7.915015004113441682e+04
2.682695595500901239e-02 7.499925465923274169e+04
2.947051480134291537e-02 6.517851175156790123e+04
3.237457295239669353e-02 6.248061716387895285e+04
3.556480030685772731e-02 5.961607950442492438e+04
3.906939630451649464e-02 5.542953518998103391e+04
4.291933919013282694e-02 5.377595422450581100e+04
4.714865984004791566e-02 4.914234233073201176e+04
5.179474257198286163e-02 4.991342416224988119e+04
5.689865559697841746e-02 4.853807773853723484e+04
6.250551403444545850e-02 5.102203381858720968e+04
6.866487869913283359e-02 4.370652832752729591e+04
7.543119418501802176e-02 4.089904930819497531e+04
8.286427011848424007e-02 3.734985104308426526e+04
9.102980983473445142e-02 3.443541615558604826e+04
9.999999115058272325e-02 3.112215535820928199e+04
1.098541043672585787e-01 2.864847624817514588e+04
1.206792531427361148e-01 2.543641761521546869e+04
1.325711244288214907e-01 2.361808457723963511e+04
1.456348342787200378e-01 2.222899208191566868e+04
1.599858570014452974e-01 2.011396281486143562e+04
1.757510458761641914e-01 1.794149719440333865e+04
1.930697544488981787e-01 1.666622101109525829e+04
2.120950683230800604e-01 1.535320924338913392e+04
2.329951583321586417e-01 1.397625327824605665e+04
2.559547670553742882e-01 1.285176720295742416e+04
2.811768418164965477e-01 1.197621063617219806e+04
3.088843286001189403e-01 1.100122353130407100e+04
3.393221427425128778e-01 1.029443107051305560e+04
3.727593338166072523e-01 9.609199640071239628e+03
4.094914638472018087e-01 9.056304613248355963e+03
4.498432198782237879e-01 8.518757610995206051e+03
4.941712839853393824e-01 8.033369206173684688e+03
5.428674861028858212e-01 7.624057891118198313e+03
5.963622675339625978e-01 7.238717038228223828e+03
6.551284857587630350e-01 6.900364059666158937e+03
7.196855941730535555e-01 6.558899287637030284e+03
7.906042337028588163e-01 6.239623743065423696e+03
8.685112768820903995e-01 5.930627475055258401e+03
9.540953689793428838e-01 5.625709004312961042e+03
1.048113015153642191e+00 0.000000000000000000e+00
