1.048113066601954503e-02 8.971766876614667126e+04
1.151395323963562076e-02 0.000000000000000000e+00
1.264855132798976302e-02 1.504092159634402778e+05
1.389495400641860279e-02 6.285438477770840109e+04
1.526417862678452857e-02 5.271177147999547014e+04
1.676832820337198493e-02 0.000000000000000000e+00
1.842069839530119726e-02 7.816996747169506853e+04
2.023589503111089191e-02 6.147203666633206740e+04
2.222996321434766651e-02 4.615835882395424414e+04
2.442052915136719640e-02 6.778224804786688765e+04
2.682695595500901239e-02 4.540340615445620642e+04
2.947051480134291537e-02 5.321764827367480757e+04
3.237457295239669353e-02 5.056961078338645166e+04
3.556480030685772731e-02 4.727500849715866934e+04
3.906939630451649464e-02 4.032184975686106918e+04
4.291933919013282694e-02 4.485944751624350465e+04
4.714865984004791566e-02 4.060364140139993833e+04
5.179474257198286163e-02 3.919861079922546196e+04
5.689865559697841746e-02 3.415560169334587408e+04
6.250551403444545850e-02 2.934634328530132552e+04
6.866487869913283359e-02 3.096377502332480799e+04
7.543119418501802176e-02 2.925017628680826238e+04
8.286427011848424007e-02 2.446354878639791059e+04
9.102980983473445142e-02 2.244147629108186084e+04
9.999999115058272325e-02 2.003381025226999191e+04
1.098541043672585787e-01 1.763215808239376929e+04
1.206792531427361148e-01 1.560822258922158653e+04
1.325711244288214907e-01 1.416957133505523416e+04
1.456348342787200378e-01 1.275468000346599001e+04
1.599858570014452974e-01 1.108229913911645417e+04
1.757510458761641914e-01 1.011356124135288883e+04
1.930697544488981787e-01 9.025578943884884211e+03
2.120950683230800604e-01 8.223447843658837883e+03
2.329951583321586417e-01 7.280856663335403937e+03
2.559547670553742882e-01 6.597125281866930891e+03
2.811768418164965477e-01 6.018251592977238943e+03
3.088843286001189403e-01 5.461890643925437871e+03
3.393221427425128778e-01 4.981530730147273971e+03
3.727593338166072523e-01 4.532436200798164464e+03
4.094914638472018087e-01 4.206625544115239791e+03
4.498432198782237879e-01 3.858927594210820189e+03
4.941712839853393824e-01 3.581838986659463899e+03
5.428674861028858212e-01 3.339542042164363011e+03
5.963622675339625978e-01 3.115361695297581718e+03
6.551284857587630350e-01 2.911188873573601086e+03
7.196855941730535555e-01 2.728341766576577356e+03
7.906042337028588163e-01 2.560101620910042584e+03
8.685112768820903995e-01 2.404019738270759717e+03
9.540953689793428838e-01 2.257576035490763843e+03
1.048113015153642191e+00 0.000000000000000000e+00
