1.048113066601954503e-02 2.442818488190943026e+04
1.151395323963562076e-02 0.000000000000000000e+00
1.264855132798976302e-02 1.428894172719241578e+04
1.389495400641860279e-02 2.589457966046517686e+04
1.526417862678452857e-02 2.333157718728098553e+04
1.676832820337198493e-02 0.000000000000000000e+00
1.842069839530119726e-02 2.856392533209861722e+04
2.023589503111089191e-02 2.819019457568311191e+04
2.222996321434766651e-02 1.705523590723467350e+04
2.442052915136719640e-02 2.814936553341219405e+04
2.682695595500901239e-02 3.559604733746982674e+04
2.947051480134291537e-02 2.066533378237789293e+04
3.237457295239669353e-02 2.142190576200808573e+04
3.556480030685772731e-02 2.258142554898986782e+04
3.906939630451649464e-02 1.758649399956608249e+04
4.291933919013282694e-02 1.820513696236987744e+04
4.714865984004791566e-02 2.096339418921565084e+04
5.179474257198286163e-02 1.768729796269238432e+04
5.689865559697841746e-02 1.311344409562652436e+04
6.250551403444545850e-02 1.385464923560309944e+04
6.866487869913283359e-02 1.343215651989977778e+04
7.543119418501802176e-02 1.212788993491288420e+04
8.286427011848424007e-02 1.077482923226646562e+04
9.102980983473445142e-02 1.016046538032341596e+04
9.999999115058272325e-02 8.621849218460361953e+03
1.098541043672585787e-01 7.686013462146141137e+03
1.206792531427361148e-01 6.626513179670729187e+03
1.325711244288214907e-01 6.039619002187348087e+03
1.456348342787200378e-01 5.454202453416774915e+03
1.599858570014452974e-01 4.920736944559038420e+03
1.757510458761641914e-01 4.166889351257519593e+03
1.930697544488981787e-01 3.742096601708904927e+03
2.120950683230800604e-01 3.315561316817594161e+03
2.329951583321586417e-01 2.938515266451804564e+03
2.559547670553742882e-01 2.615392806079285492e+03
2.811768418164965477e-01 2.322244390662244314e+03
3.088843286001189403e-01 2.070494052500246653e+03
3.393221427425128778e-01 1.854392421794384063e+03
3.727593338166072523e-01 1.665847367061268415e+03
4.094914638472018087e-01 1.501811522898867452e+03
4.498432198782237879e-01 1.355294085024218020e+03
4.941712839853393824e-01 1.231469790684731151e+03
5.428674861028858212e-01 1.121865272152713260e+03
5.963622675339625978e-01 1.026274685941307780e+03
6.551284857587630350e-01 9.429172795789982047e+02
7.196855941730535555e-01 8.685912838900895849e+02
7.906042337028588163e-01 8.006536957082873869e+02
8.685112768820903995e-01 7.410170671764403778e+02
9.540953689793428838e-01 6.878197168759727447e+02
1.048113015153642191e+00 0.000000000000000000e+00
