1.048113066601954503e-02 2.886046168418147136e+05
1.151395323963562076e-02 0.000000000000000000e+00
1.264855132798976302e-02 1.010227342165993177e+05
1.389495400641860279e-02 7.368152755008834356e+04
1.526417862678452857e-02 1.455073198029838095e+05
1.676832820337198493e-02 0.000000000000000000e+00
1.842069839530119726e-02 1.114852784272668359e+05
2.023589503111089191e-02 1.257498996465474775e+05
2.222996321434766651e-02 1.894289863853203715e+05
2.442052915136719640e-02 1.519077776663253026e+05
2.682695595500901239e-02 1.278463315828580526e+05
2.947051480134291537e-02 1.304946644262141781e+05
3.237457295239669353e-02 9.505410033038575784e+04
3.556480030685772731e-02 7.165534811105988047e+04
3.906939630451649464e-02 8.427273268106876640e+04
4.291933919013282694e-02 7.079973988985262986e+04
4.714865984004791566e-02 7.079060322609974537e+04
5.179474257198286163e-02 6.387987691046424879e+04
5.689865559697841746e-02 5.760105194843251957e+04
6.250551403444545850e-02 5.169403592919315270e+04
6.866487869913283359e-02 4.775887470025284711e+04
7.543119418501802176e-02 4.599807240042860212e+04
8.286427011848424007e-02 4.256037561338725209e+04
9.102980983473445142e-02 3.756372213264781749e+04
9.999999115058272325e-02 3.214409500021907297e+04
1.098541043672585787e-01 2.533177122682402478e+04
1.206792531427361148e-01 2.420974174734704138e+04
1.325711244288214907e-01 2.202075257539068116e+04
1.456348342787200378e-01 2.037124341685645777e+04
1.599858570014452974e-01 1.785739357315380403e+04
1.757510458761641914e-01 1.584422165611344099e+04
1.930697544488981787e-01 1.407219370825735859e+04
2.120950683230800604e-01 1.277830596379343842e+04
2.329951583321586417e-01 1.144728151570494083e+04
2.559547670553742882e-01 1.049439351022321716e+04
2.811768418164965477e-01 9.589130557078227866e+03
3.088843286001189403e-01 8.741962584732274991e+03
3.393221427425128778e-01 8.053090568919018551e+03
3.727593338166072523e-01 7.370348548550175110e+03
4.094914638472018087e-01 6.875946857688758428e+03
4.498432198782237879e-01 6.370967916970629631e+03
4.941712839853393824e-01 5.947946089023651439e+03
5.428674861028858212e-01 5.549742621211367805e+03
5.963622675339625978e-01 5.218848948338956689e+03
6.551284857587630350e-01 4.913838249590471605e+03
7.196855941730535555e-01 4.622813037267021173e+03
7.906042337028588163e-01 4.349678715335518973e+03
8.685112768820903995e-01 4.096431988750458913e+03
9.540953689793428838e-01 3.855995133528464066e+03
1.048113015153642191e+00 0.000000000000000000e+00
