1.048113066601954503e-02 2.561487046588359226e+04
1.151395323963562076e-02 0.000000000000000000e+00
1.264855132798976302e-02 2.626904390992326080e+04
1.389495400641860279e-02 2.230033191124651057e+04
1.526417862678452857e-02 2.982211844617572933e+04
1.676832820337198493e-02 0.000000000000000000e+00
1.842069839530119726e-02 2.996111274307293206e+04
2.023589503111089191e-02 5.067455362761710421e+04
2.222996321434766651e-02 2.764130643937538480e+04
2.442052915136719640e-02 2.519330360503865086e+04
2.682695595500901239e-02 3.382596863320635021e+04
2.947051480134291537e-02 3.174303618082707180e+04
3.237457295239669353e-02 3.377808118121229199e+04
3.556480030685772731e-02 2.135026693517949752e+04
3.906939630451649464e-02 2.884564172316224358e+04
4.291933919013282694e-02 2.332769383517913229e+04
4.714865984004791566e-02 2.284314053573017372e+04
5.179474257198286163e-02 2.275735247055953005e+04
5.689865559697841746e-02 2.065372836979168642e+04
6.250551403444545850e-02 1.902402242665483209e+04
6.866487869913283359e-02 1.928970190302087576e+04
7.543119418501802176e-02 1.700810564185773910e+04
8.286427011848424007e-02 1.490316351096705512e+04
9.102980983473445142e-02 1.365372232886379061e+04
9.999999115058272325e-02 1.181178779989175564e+04
1.098541043672585787e-01 1.073827541499492872e+04
1.206792531427361148e-01 1.005125433498479106e+04
1.325711244288214907e-01 9.041378019083062100e+03
1.456348342787200378e-01 7.869733744034925621e+03
1.599858570014452974e-01 7.230781147027523730e+03
1.757510458761641914e-01 6.361672885464138744e+03
1.930697544488981787e-01 5.990306232756238387e+03
2.120950683230800604e-01 5.275503193068013388e+03
2.329951583321586417e-01 4.759480414162234410e+03
2.559547670553742882e-01 4.322264812685402831e+03
2.811768418164965477e-01 3.919253711764778018e+03
3.088843286001189403e-01 3.577533114753407517e+03
3.393221427425128778e-01 3.297423670155887066e+03
3.727593338166072523e-01 3.014618365819822429e+03
4.094914638472018087e-01 2.799593936738569937e+03
4.498432198782237879e-01 2.599567849834888420e+03
4.941712839853393824e-01 2.419479033063333645e+03
5.428674861028858212e-01 2.264320229703392670e+03
5.963622675339625978e-01 2.117936425203327872e+03
6.551284857587630350e-01 1.985574123896483343e+03
7.196855941730535555e-01 1.866587384839523565e+03
7.906042337028588163e-01 1.753403685826669516e+03
8.685112768820903995e-01 1.651102343595905722e+03
9.540953689793428838e-01 1.556389460248613204e+03
1.048113015153642191e+00 0.000000000000000000e+00
