1.048113066601954503e-02 1.005674241343859467e+05
1.151395323963562076e-02 0.000000000000000000e+00
1.264855132798976302e-02 7.029158752487042511e+04
1.389495400641860279e-02 5.644446649354897090e+04
1.526417862678452857e-02 8.739859655539262167e+04
1.676832820337198493e-02 0.000000000000000000e+00
1.842069839530119726e-02 6.503670150048485812e+04
2.023589503111089191e-02 7.767881688453402603e+04
2.222996321434766651e-02 4.463696049732144456e+04
2.442052915136719640e-02 7.771194952397991437e+04
2.682695595500901239e-02 6.790427068520706962e+04
2.947051480134291537e-02 6.013443905011902825e+04
3.237457295239669353e-02 5.303003227757809509e+04
3.556480030685772731e-02 4.551843312404425524e+04
3.906939630451649464e-02 5.878546203427085129e+04
4.291933919013282694e-02 4.384697171678686573e+04
4.714865984004791566e-02 4.568008910818566073e+04
5.179474257198286163e-02 3.996631561102349951e+04
5.689865559697841746e-02 3.877184650697135658e+04
6.250551403444545850e-02 3.489630458713549888e+04
6.866487869913283359e-02 3.363244502933417971e+04
7.543119418501802176e-02 3.046982044276800298e+04
8.286427011848424007e-02 2.560266635462093836e+04
9.102980983473445142e-02 2.252400021756287242e+04
9.999999115058272325e-02 2.059161093087245536e+04
1.098541043672585787e-01 1.897705172071287234e+04
1.206792531427361148e-01 1.779430973703076597e+04
1.325711244288214907e-01 1.487337150177661351e+04
1.456348342787200378e-01 1.356607192104623209e+04
1.599858570014452974e-01 1.198536717076004788e+04
1.757510458761641914e-01 1.087811436345764196e+04
1.930697544488981787e-01 9.795155442345487245e+03
2.120950683230800604e-01 8.758779524632072935e+03
2.329951583321586417e-01 7.861281955737036697e+03
2.559547670553742882e-01 7.181771707632079597e+03
2.811768418164965477e-01 6.498969870806444305e+03
3.088843286001189403e-01 5.920658964081128033e+03
3.393221427425128778e-01 5.449316154285037555e+03
3.727593338166072523e-01 5.014532829221271641e+03
4.094914638472018087e-01 4.640789345021355984e+03
4.498432198782237879e-01 4.304510359649601014e+03
4.941712839853393824e-01 3.994875884544780092e+03
5.428674861028858212e-01 3.725069469482880322e+03
5.963622675339625978e-01 3.490216632509023839e+03
6.551284857587630350e-01 3.278225992655308801e+03
7.196855941730535555e-01 3.079803687256492140e+03
7.906042337028588163e-01 2.901185634096766989e+03
8.685112768820903995e-01 2.735379221738424349e+03
9.540953689793428838e-01 2.586850691323982119e+03
1.048113015153642191e+00 0.000000000000000000e+00
