1.048113066601954503e-02 8.726081973860368598e+05
1.151395323963562076e-02 0.000000000000000000e+00
1.264855132798976302e-02 8.098782498867401155e+05
1.389495400641860279e-02 4.349880489344527596e+05
1.526417862678452857e-02 3.727601164111584658e+05
1.676832820337198493e-02 0.000000000000000000e+00
1.842069839530119726e-02 5.918636450469131814e+05
2.023589503111089191e-02 3.648534236589987995e+05
2.222996321434766651e-02 3.055080325554279843e+05
2.442052915136719640e-02 2.786786909465196659e+05
2.682695595500901239e-02 2.601099954247551505e+05
2.947051480134291537e-02 1.398056323512062372e+05
3.237457295239669353e-02 1.099525772831831418e+05
3.556480030685772731e-02 1.134789677991125209e+05
3.906939630451649464e-02 9.412059167970479757e+04
4.291933919013282694e-02 7.265349962607939960e+04
4.714865984004791566e-02 6.192200605483468826e+04
5.179474257198286163e-02 6.132174560943385586e+04
5.689865559697841746e-02 6.583711678040113475e+04
6.250551403444545850e-02 6.745793191055861826e+04
6.866487869913283359e-02 6.008321349048837146e+04
7.543119418501802176e-02 5.191735560363017430e+04
8.286427011848424007e-02 3.563597386571489915e+04
9.102980983473445142e-02 2.566127257886562802e+04
9.999999115058272325e-02 2.149295254790875333e+04
1.098541043672585787e-01 2.145587889346873271e+04
1.206792531427361148e-01 2.182113014214723080e+04
1.325711244288214907e-01 1.771338948336993053e+04
1.456348342787200378e-01 1.385835596290316244e+04
1.599858570014452974e-01 1.166164024645105019e+04
1.757510458761641914e-01 1.085090341167083352e+04
1.930697544488981787e-01 9.612794155967245388e+03
2.120950683230800604e-01 7.955664979975108508e+03
2.329951583321586417e-01 7.083900964568616473e+03
2.559547670553742882e-01 6.285337576290316974e+03
2.811768418164965477e-01 5.459054878965643184e+03
3.088843286001189403e-01 4.816281610452591849e+03
3.393221427425128778e-01 4.281486325184769157e+03
3.727593338166072523e-01 3.803701510585459346e+03
4.094914638472018087e-01 3.423731627568991826e+03
4.498432198782237879e-01 3.064368596811422321e+03
4.941712839853393824e-01 2.786438895642181706e+03
5.428674861028858212e-01 2.520432497448068716e+03
5.963622675339625978e-01 2.289280073666827320e+03
6.551284857587630350e-01 2.092159080245802670e+03
7.196855941730535555e-01 1.921971716223682051e+03
7.906042337028588163e-01 1.767661560284124107e+03
8.685112768820903995e-01 1.626932144508003148e+03
9.540953689793428838e-01 1.503462687545419385e+03
1.048113015153642191e+00 0.000000000000000000e+00
