1.048113066601954503e-02 4.442789618971347227e+04
1.151395323963562076e-02 0.000000000000000000e+00
1.264855132798976302e-02 5.165839436730010493e+04
1.389495400641860279e-02 7.610766016834507172e+04
1.526417862678452857e-02 4.370694367251137737e+04
1.676832820337198493e-02 0.000000000000000000e+00
1.842069839530119726e-02 6.490378162417840213e+04
2.023589503111089191e-02 6.930464418804208981e+04
2.222996321434766651e-02 6.749148771851829952e+04
2.442052915136719640e-02 7.154415908360663161e+04
2.682695595500901239e-02 5.602094554033669556e+04
2.947051480134291537e-02 5.967683380670381302e+04
3.237457295239669353e-02 8.366299516274953203e+04
3.556480030685772731e-02 5.526937284664963954e+04
3.906939630451649464e-02 6.447942906244156620e+04
4.291933919013282694e-02 5.995842061929563351e+04
4.714865984004791566e-02 5.298493671053923026e+04
5.179474257198286163e-02 5.086060683711498132e+04
5.689865559697841746e-02 5.373893875543701870e+04
6.250551403444545850e-02 4.327859471080602088e+04
6.866487869913283359e-02 4.268834032618232595e+04
7.543119418501802176e-02 4.216986915468967345e+04
8.286427011848424007e-02 4.018938206085954153e+04
9.102980983473445142e-02 3.808988820014845987e+04
9.999999115058272325e-02 3.352012306135857216e+04
1.098541043672585787e-01 2.898815899155668012e+04
1.206792531427361148e-01 2.722777199040965934e+04
1.325711244288214907e-01 2.534067700439221881e+04
1.456348342787200378e-01 2.374439235965216358e+04
1.599858570014452974e-01 2.164942769356632925e+04
1.757510458761641914e-01 1.956901655014906282e+04
1.930697544488981787e-01 1.782434971539740218e+04
2.120950683230800604e-01 1.648614768039942282e+04
2.329951583321586417e-01 1.504030901108725448e+04
2.559547670553742882e-01 1.404673327147863529e+04
2.811768418164965477e-01 1.305326242170299702e+04
3.088843286001189403e-01 1.218394376425265000e+04
3.393221427425128778e-01 1.148835326582697235e+04
3.727593338166072523e-01 1.069477211254333088e+04
4.094914638472018087e-01 1.011073511139259426e+04
4.498432198782237879e-01 9.550540967050055770e+03
4.941712839853393824e-01 9.066710502684250969e+03
5.428674861028858212e-01 8.658255309125059284e+03
5.963622675339625978e-01 8.269215028408048966e+03
6.551284857587630350e-01 7.895684995058445566e+03
7.196855941730535555e-01 7.544404371475767221e+03
7.906042337028588163e-01 7.203607926596456309e+03
8.685112768820903995e-01 6.880235935982449519e+03
9.540953689793428838e-01 6.574431740972552689e+03
1.048113015153642191e+00 0.000000000000000000e+00
