1.048113066601954503e-02 3.520892289864743361e+04
1.151395323963562076e-02 0.000000000000000000e+00
1.264855132798976302e-02 2.146310799060999852e+04
1.389495400641860279e-02 4.623520403026352142e+04
1.526417862678452857e-02 7.783854484626912745e+04
1.676832820337198493e-02 0.000000000000000000e+00
1.842069839530119726e-02 4.547387013183303497e+04
2.023589503111089191e-02 4.795335900048670010e+04
2.222996321434766651e-02 4.914480326205262827e+04
2.442052915136719640e-02 5.572670791274947987e+04
2.682695595500901239e-02 5.112443579566478729e+04
2.947051480134291537e-02 6.130780679625182529e+04
3.237457295239669353e-02 4.528364289671983715e+04
3.556480030685772731e-02 4.714912380249686248e+04
3.906939630451649464e-02 4.201553438608859869e+04
4.291933919013282694e-02 3.308686448722683417e+04
4.714865984004791566e-02 3.828513849310326623e+04
5.179474257198286163e-02 3.633486939776266809e+04
5.689865559697841746e-02 3.213099162968970631e+04
6.250551403444545850e-02 3.031771018652968633e+04
6.866487869913283359e-02 2.817728916824365660e+04
7.543119418501802176e-02 2.623237839586991322e+04
8.286427011848424007e-02 2.276827690630622237e+04
9.102980983473445142e-02 2.020033970654535005e+04
9.999999115058272325e-02 1.731631060440010333e+04
1.098541043672585787e-01 1.571736519248680270e+04
1.206792531427361148e-01 1.450801629538238558e+04
1.325711244288214907e-01 1.357085031269944375e+04
1.456348342787200378e-01 1.207829449271942940e+04
1.599858570014452974e-01 1.014803561359064588e+04
1.757510458761641914e-01 9.149210365360060678e+03
1.930697544488981787e-01 8.404282315317881512e+03
2.120950683230800604e-01 7.459566325239780781e+03
2.329951583321586417e-01 6.532014898477315000e+03
2.559547670553742882e-01 5.930070777823590106e+03
2.811768418164965477e-01 5.331067658327026948e+03
3.088843286001189403e-01 4.817331853799963028e+03
3.393221427425128778e-01 4.365725004573162551e+03
3.727593338166072523e-01 3.983674305427577565e+03
4.094914638472018087e-01 3.625994371940088513e+03
4.498432198782237879e-01 3.328744974782944155e+03
4.941712839853393824e-01 3.067200540469675616e+03
5.428674861028858212e-01 2.837643977205208103e+03
5.963622675339625978e-01 2.637047164421546768e+03
6.551284857587630350e-01 2.456770022568877721e+03
7.196855941730535555e-01 2.296564327892972869e+03
7.906042337028588163e-01 2.151356792511868662e+03
8.685112768820903995e-01 2.020011651372377855e+03
9.540953689793428838e-01 1.901280081118247381e+03
1.048113015153642191e+00 0.000000000000000000e+00
