1.048113066601954503e-02 4.150862039862674283e+04
1.151395323963562076e-02 0.000000000000000000e+00
1.264855132798976302e-02 4.535126025570321508e+04
1.389495400641860279e-02 3.917392443003406515e+04
1.526417862678452857e-02 4.564055421721492166e+04
1.676832820337198493e-02 0.000000000000000000e+00
1.842069839530119726e-02 4.510777783203785657e+04
2.023589503111089191e-02 5.591874074115972326e+04
2.222996321434766651e-02 4.460484662280917837e+04
2.442052915136719640e-02 7.114527729552291567e+04
2.682695595500901239e-02 6.115780288114976429e+04
2.947051480134291537e-02 6.267934840949278441e+04
3.237457295239669353e-02 5.959986920896822267e+04
3.556480030685772731e-02 4.423167033497586817e+04
3.906939630451649464e-02 4.787375816641392157e+04
4.291933919013282694e-02 4.037322404766059481e+04
4.714865984004791566e-02 3.814369673798780423e+04
5.179474257198286163e-02 3.840635658416095976e+04
5.689865559697841746e-02 3.643345038878258492e+04
6.250551403444545850e-02 3.216212285933156818e+04
6.866487869913283359e-02 3.266288256711216673e+04
7.543119418501802176e-02 3.003201724020655092e+04
8.286427011848424007e-02 2.825353949305608694e+04
9.102980983473445142e-02 2.604951783188577247e+04
9.999999115058272325e-02 2.275046122331048900e+04
1.098541043672585787e-01 1.977422868284631477e+04
1.206792531427361148e-01 1.832905155371777801e+04
1.325711244288214907e-01 1.665180143973367012e+04
1.456348342787200378e-01 1.562850635036000858e+04
1.599858570014452974e-01 1.405616285387262178e+04
1.757510458761641914e-01 1.250265198406042327e+04
1.930697544488981787e-01 1.145617188203170554e+04
2.120950683230800604e-01 1.054987865686661098e+04
2.329951583321586417e-01 9.560841052663023220e+03
2.559547670553742882e-01 8.784171053886286245e+03
2.811768418164965477e-01 8.135560592622832701e+03
3.088843286001189403e-01 7.476284569392350932e+03
3.393221427425128778e-01 6.964105410601152471e+03
3.727593338166072523e-01 6.465708150212461987e+03
4.094914638472018087e-01 6.057221888271295029e+03
4.498432198782237879e-01 5.710605199540475951e+03
4.941712839853393824e-01 5.370734871654225572e+03
5.428674861028858212e-01 5.071972049710408101e+03
5.963622675339625978e-01 4.793935358747010469e+03
6.551284857587630350e-01 4.520260644057717400e+03
7.196855941730535555e-01 4.286183703670334580e+03
7.906042337028588163e-01 4.061444150519904724e+03
8.685112768820903995e-01 3.844204672109026887e+03
9.540953689793428838e-01 3.639094565710350707e+03
1.048113015153642191e+00 0.000000000000000000e+00
