1.048113066601954503e-02 8.611033248857455328e+05
1.151395323963562076e-02 0.000000000000000000e+00
1.264855132798976302e-02 1.787196113733699603e+05
1.389495400641860279e-02 6.218720228981989203e+05
1.526417862678452857e-02 6.345789156692186370e+05
1.676832820337198493e-02 0.000000000000000000e+00
1.842069839530119726e-02 4.389889381535191205e+05
2.023589503111089191e-02 3.634494693937792326e+05
2.222996321434766651e-02 3.946409225852361997e+05
2.442052915136719640e-02 3.397863630998189910e+05
2.682695595500901239e-02 2.886028654158245772e+05
2.947051480134291537e-02 1.951247024413023319e+05
3.237457295239669353e-02 1.064007048300277092e+05
3.556480030685772731e-02 9.661747241268485959e+04
3.906939630451649464e-02 7.143639933522840147e+04
4.291933919013282694e-02 5.629927841156176146e+04
4.714865984004791566e-02 4.927513492627486994e+04
5.179474257198286163e-02 6.054692394601725391e+04
5.689865559697841746e-02 5.603770535738308536e+04
6.250551403444545850e-02 6.175043187086901889e+04
6.866487869913283359e-02 5.440498915812507767e+04
7.543119418501802176e-02 4.533745334065579664e+04
8.286427011848424007e-02 3.510667876784088730e+04
9.102980983473445142e-02 2.568506926588801070e+04
9.999999115058272325e-02 2.192248728043404481e+04
1.098541043672585787e-01 2.036998541012103669e+04
1.206792531427361148e-01 1.882294463521847138e+04
1.325711244288214907e-01 1.663510305565100134e+04
1.456348342787200378e-01 1.469070935290545276e+04
1.599858570014452974e-01 1.238553005028055850e+04
1.757510458761641914e-01 1.114043437358083065e+04
1.930697544488981787e-01 9.946305649917503615e+03
2.120950683230800604e-01 8.818047679505310953e+03
2.329951583321586417e-01 7.953326100245485577e+03
2.559547670553742882e-01 7.102532856164622899e+03
2.811768418164965477e-01 6.480591199861803034e+03
3.088843286001189403e-01 5.818413193411162865e+03
3.393221427425128778e-01 5.273569526608696833e+03
3.727593338166072523e-01 4.831413714331245501e+03
4.094914638472018087e-01 4.420436994626897103e+03
4.498432198782237879e-01 4.075102080706200923e+03
4.941712839853393824e-01 3.754536043854102900e+03
5.428674861028858212e-01 3.457968062680807179e+03
5.963622675339625978e-01 3.207208649966515623e+03
6.551284857587630350e-01 2.961459590831509104e+03
7.196855941730535555e-01 2.733094483379723897e+03
7.906042337028588163e-01 2.521249952428968754e+03
8.685112768820903995e-01 2.304418579780142863e+03
9.540953689793428838e-01 2.105648597865267220e+03
1.048113015153642191e+00 0.000000000000000000e+00
