1.048113066601954503e-02 3.153882751122038462e+05
1.151395323963562076e-02 0.000000000000000000e+00
1.264855132798976302e-02 1.272656395309897198e+05
1.389495400641860279e-02 1.895528184084250242e+05
1.526417862678452857e-02 2.016610310241986299e+05
1.676832820337198493e-02 0.000000000000000000e+00
1.842069839530119726e-02 2.731446597607563599e+05
2.023589503111089191e-02 1.126573258982559346e+05
2.222996321434766651e-02 2.015893393472830649e+05
2.442052915136719640e-02 1.385109372613389278e+05
2.682695595500901239e-02 1.309445888834994403e+05
2.947051480134291537e-02 9.971325270449096570e+04
3.237457295239669353e-02 8.233782230696675833e+04
3.556480030685772731e-02 6.494412240477022715e+04
3.906939630451649464e-02 6.556124836261136807e+04
4.291933919013282694e-02 5.222472710393532179e+04
4.714865984004791566e-02 5.708119167821332667e+04
5.179474257198286163e-02 5.361559349174280942e+04
5.689865559697841746e-02 5.769455126701689005e+04
6.250551403444545850e-02 4.340677510477222677e+04
6.866487869913283359e-02 3.747605841513863561e+04
7.543119418501802176e-02 3.013136327452708792e+04
8.286427011848424007e-02 2.323150100215372368e+04
9.102980983473445142e-02 2.176071675008062448e+04
9.999999115058272325e-02 2.191082270669279387e+04
1.098541043672585787e-01 2.015396301660654717e+04
1.206792531427361148e-01 1.621432016479318190e+04
1.325711244288214907e-01 1.325781482970389152e+04
1.456348342787200378e-01 1.207370267262763264e+04
1.599858570014452974e-01 1.114572331029152701e+04
1.757510458761641914e-01 9.410996925192939671e+03
1.930697544488981787e-01 8.254069209135217534e+03
2.120950683230800604e-01 7.347730590587072584e+03
2.329951583321586417e-01 6.514282571442736298e+03
2.559547670553742882e-01 5.800320950315642222e+03
2.811768418164965477e-01 5.214191706276312289e+03
3.088843286001189403e-01 4.655632549661421763e+03
3.393221427425128778e-01 4.186543235253981038e+03
3.727593338166072523e-01 3.771448113009707868e+03
4.094914638472018087e-01 3.433297347711750717e+03
4.498432198782237879e-01 3.141233772749797026e+03
4.941712839853393824e-01 2.863608973566741042e+03
5.428674861028858212e-01 2.642935833425442979e+03
5.963622675339625978e-01 2.441573992234199977e+03
6.551284857587630350e-01 2.266860229909452300e+03
7.196855941730535555e-01 2.096536340456338621e+03
7.906042337028588163e-01 1.953249573276537376e+03
8.685112768820903995e-01 1.825658121712079264e+03
9.540953689793428838e-01 1.710899923457045588e+03
1.048113015153642191e+00 0.000000000000000000e+00
