1.048113066601954503e-02 6.733205778352160996e+04
1.151395323963562076e-02 0.000000000000000000e+00
1.264855132798976302e-02 6.573885622797263204e+04
1.389495400641860279e-02 3.262242865977426118e+04
1.526417862678452857e-02 5.466014595229721454e+04
1.676832820337198493e-02 0.000000000000000000e+00
1.842069839530119726e-02 8.371761235619017680e+04
2.023589503111089191e-02 5.197243871246688650e+04
2.222996321434766651e-02 8.339899949227027537e+04
2.442052915136719640e-02 7.432877102544593799e+04
2.682695595500901239e-02 6.161034407070653106e+04
2.947051480134291537e-02 5.708275147490858217e+04
3.237457295239669353e-02 5.518366483278501255e+04
3.556480030685772731e-02 4.475940810107617290e+04
3.906939630451649464e-02 4.799646540239587193e+04
4.291933919013282694e-02 4.729965487945669156e+04
4.714865984004791566e-02 3.680519931349303806e+04
5.179474257198286163e-02 4.163440486889507156e+04
5.689865559697841746e-02 3.563609150797108305e+04
6.250551403444545850e-02 3.618482412156299688e+04
6.866487869913283359e-02 3.382741011796900420e+04
7.543119418501802176e-02 3.158214491152617848e+04
8.286427011848424007e-02 2.827679875669122339e+04
9.102980983473445142e-02 2.606441976220362267e+04
9.999999115058272325e-02 2.296833409716836104e+04
1.098541043672585787e-01 2.101495103618770008e+04
1.206792531427361148e-01 1.818073604665314269e+04
1.325711244288214907e-01 1.707499322556365587e+04
1.456348342787200378e-01 1.538565283968079893e+04
1.599858570014452974e-01 1.383275027874454463e+04
1.757510458761641914e-01 1.207277708462261944e+04
1.930697544488981787e-01 1.095744825244455023e+04
2.120950683230800604e-01 9.884685460564209279e+03
2.329951583321586417e-01 8.901965468449236141e+03
2.559547670553742882e-01 8.031416152501536999e+03
2.811768418164965477e-01 7.203675261634300114e+03
3.088843286001189403e-01 6.558122650071336466e+03
3.393221427425128778e-01 6.037043264622592687e+03
3.727593338166072523e-01 5.501201348405839781e+03
4.094914638472018087e-01 5.032800466035477257e+03
4.498432198782237879e-01 4.662721066673932910e+03
4.941712839853393824e-01 4.307714128034815076e+03
5.428674861028858212e-01 3.998988789245780936e+03
5.963622675339625978e-01 3.740623112718660195e+03
6.551284857587630350e-01 3.486469750788460260e+03
7.196855941730535555e-01 3.280754616792428351e+03
7.906042337028588163e-01 3.082510350861898587e+03
8.685112768820903995e-01 2.910256099798197283e+03
9.540953689793428838e-01 2.748590668502715744e+03
1.048113015153642191e+00 0.000000000000000000e+00
