1.048113066601954503e-02 6.025810600681764481e+04
1.151395323963562076e-02 0.000000000000000000e+00
1.264855132798976302e-02 5.350240242340396799e+04
1.389495400641860279e-02 6.118648652283527917e+04
1.526417862678452857e-02 6.610696637109651056e+04
1.676832820337198493e-02 0.000000000000000000e+00
1.842069839530119726e-02 5.321024609512540337e+04
2.023589503111089191e-02 5.507164325319212367e+04
2.222996321434766651e-02 7.148126824686929467e+04
2.442052915136719640e-02 4.142034757126007753e+04
2.682695595500901239e-02 4.466493940137119353e+04
2.947051480134291537e-02 5.297226429593947250e+04
3.237457295239669353e-02 4.202870412918761576e+04
3.556480030685772731e-02 3.944884538741497818e+04
3.906939630451649464e-02 3.853684724109000672e+04
4.291933919013282694e-02 3.448620053736949194e+04
4.714865984004791566e-02 3.128661748298320163e+04
5.179474257198286163e-02 3.134407321870051965e+04
5.689865559697841746e-02 2.815126860627055794e+04
6.250551403444545850e-02 2.853097017705679900e+04
6.866487869913283359e-02 2.806706198847029009e+04
7.543119418501802176e-02 2.488047464191624022e+04
8.286427011848424007e-02 2.272257146906015259e+04
9.102980983473445142e-02 1.917587739445695843e+04
9.999999115058272325e-02 1.603566501190060808e+04
1.098541043672585787e-01 1.503142677559966069e+04
1.206792531427361148e-01 1.410682378962657640e+04
1.325711244288214907e-01 1.235221177582404198e+04
1.456348342787200378e-01 1.123996861652210282e+04
1.599858570014452974e-01 9.582415516076120184e+03
1.757510458761641914e-01 8.732305454962110161e+03
1.930697544488981787e-01 8.017983595589916149e+03
2.120950683230800604e-01 7.087464452457933476e+03
2.329951583321586417e-01 6.333709690027366378e+03
2.559547670553742882e-01 5.786492665231503452e+03
2.811768418164965477e-01 5.195226205394847966e+03
3.088843286001189403e-01 4.711122707711402654e+03
3.393221427425128778e-01 4.318228247576453214e+03
3.727593338166072523e-01 3.935562123935960699e+03
4.094914638472018087e-01 3.627216464399732104e+03
4.498432198782237879e-01 3.341512328895014434e+03
4.941712839853393824e-01 3.083840139066930988e+03
5.428674861028858212e-01 2.869876343135236311e+03
5.963622675339625978e-01 2.681144024966079087e+03
6.551284857587630350e-01 2.505875549431885702e+03
7.196855941730535555e-01 2.349845146171009674e+03
7.906042337028588163e-01 2.213025714911181240e+03
8.685112768820903995e-01 2.088751706457962882e+03
9.540953689793428838e-01 1.978354683951883544e+03
1.048113015153642191e+00 0.000000000000000000e+00
