1.048113066601954503e-02 1.476146197054721997e+05
1.151395323963562076e-02 0.000000000000000000e+00
1.264855132798976302e-02 2.359989008768509957e+05
1.389495400641860279e-02 1.859143687446988770e+05
1.526417862678452857e-02 1.766875869884303247e+05
1.676832820337198493e-02 0.000000000000000000e+00
1.842069839530119726e-02 1.721571065727193200e+05
2.023589503111089191e-02 1.929304929037157272e+05
2.222996321434766651e-02 1.497009168454200844e+05
2.442052915136719640e-02 1.208973775866761280e+05
2.682695595500901239e-02 1.228774396237482433e+05
2.947051480134291537e-02 1.582925701481589058e+05
3.237457295239669353e-02 1.335302950636532623e+05
3.556480030685772731e-02 8.794960069336053857e+04
3.906939630451649464e-02 9.604367625527488417e+04
4.291933919013282694e-02 8.247078293495730031e+04
4.714865984004791566e-02 7.992213208758929977e+04
5.179474257198286163e-02 6.929002494283224223e+04
5.689865559697841746e-02 7.090241077325721562e+04
6.250551403444545850e-02 6.501496336212409369e+04
6.866487869913283359e-02 5.900402196424076101e+04
7.543119418501802176e-02 6.049161056044540601e+04
8.286427011848424007e-02 5.097077212036525452e+04
9.102980983473445142e-02 4.455270232826731080e+04
9.999999115058272325e-02 3.573286869192056474e+04
1.098541043672585787e-01 3.168635223963586031e+04
1.206792531427361148e-01 2.867041652841479299e+04
1.325711244288214907e-01 2.823645676783120507e+04
1.456348342787200378e-01 2.515040643862682919e+04
1.599858570014452974e-01 2.138716264170112845e+04
1.757510458761641914e-01 1.935127599051997822e+04
1.930697544488981787e-01 1.785462240589903740e+04
2.120950683230800604e-01 1.650214996250348486e+04
2.329951583321586417e-01 1.459501393687643940e+04
2.559547670553742882e-01 1.344347808787148460e+04
2.811768418164965477e-01 1.226032306119002533e+04
3.088843286001189403e-01 1.122997472953234683e+04
3.393221427425128778e-01 1.042064500059827515e+04
3.727593338166072523e-01 9.647928569884497847e+03
4.094914638472018087e-01 8.968360614112249095e+03
4.498432198782237879e-01 8.410700642666110070e+03
4.941712839853393824e-01 7.903065251022053417e+03
5.428674861028858212e-01 7.416767054308937077e+03
5.963622675339625978e-01 7.000927976510130975e+03
6.551284857587630350e-01 6.606912609018618241e+03
7.196855941730535555e-01 6.239966618185158950e+03
7.906042337028588163e-01 5.906889729599590282e+03
8.685112768820903995e-01 5.582222565660744294e+03
9.540953689793428838e-01 5.294578460250993885e+03
1.048113015153642191e+00 0.000000000000000000e+00
