1.048113066601954503e-02 5.576569436002634466e+05
1.151395323963562076e-02 0.000000000000000000e+00
1.264855132798976302e-02 7.207079093796957750e+05
1.389495400641860279e-02 1.448108795299757970e+06
1.526417862678452857e-02 5.628807124478382757e+05
1.676832820337198493e-02 0.000000000000000000e+00
1.842069839530119726e-02 5.753673526429485064e+05
2.023589503111089191e-02 6.682244456203435548e+05
2.222996321434766651e-02 4.058708731174075510e+05
2.442052915136719640e-02 5.325602681381817674e+05
2.682695595500901239e-02 2.378437265700168791e+05
2.947051480134291537e-02 2.090882323795519187e+05
3.237457295239669353e-02 1.745635497502946819e+05
3.556480030685772731e-02 1.329661693662806938e+05
3.906939630451649464e-02 1.274602101509060885e+05
4.291933919013282694e-02 1.199494686999219120e+05
4.714865984004791566e-02 1.215394692477326171e+05
5.179474257198286163e-02 1.343198442398650805e+05
5.689865559697841746e-02 1.178798378557566029e+05
6.250551403444545850e-02 8.805847404700916377e+04
6.866487869913283359e-02 6.748870846282546700e+04
7.543119418501802176e-02 4.557502093211996544e+04
8.286427011848424007e-02 3.806253113705102442e+04
9.102980983473445142e-02 3.866410350420541363e+04
9.999999115058272325e-02 3.881790143582024757e+04
1.098541043672585787e-01 3.243846371397256007e+04
1.206792531427361148e-01 2.408961931816954166e+04
1.325711244288214907e-01 2.066977188624503469e+04
1.456348342787200378e-01 1.910555798109206444e+04
1.599858570014452974e-01 1.620319779352693513e+04
1.757510458761641914e-01 1.372553194153715594e+04
1.930697544488981787e-01 1.227305132520056213e+04
2.120950683230800604e-01 1.072929969980670467e+04
2.329951583321586417e-01 9.180767341265192954e+03
2.559547670553742882e-01 8.198069114266638280e+03
2.811768418164965477e-01 7.185122395552822127e+03
3.088843286001189403e-01 6.364033583972743145e+03
3.393221427425128778e-01 5.682089842923818651e+03
3.727593338166072523e-01 5.031534435849370311e+03
4.094914638472018087e-01 4.477194399742164023e+03
4.498432198782237879e-01 4.045996769438305819e+03
4.941712839853393824e-01 3.678206302853240231e+03
5.428674861028858212e-01 3.332502256027965359e+03
5.963622675339625978e-01 3.037889441270179304e+03
6.551284857587630350e-01 2.780160386363454563e+03
7.196855941730535555e-01 2.555916248596091464e+03
7.906042337028588163e-01 2.341152861780205967e+03
8.685112768820903995e-01 2.158258856839856890e+03
9.540953689793428838e-01 1.980645656868868173e+03
1.048113015153642191e+00 0.000000000000000000e+00
