1.048113066601954503e-02 1.898130333125459583e+04
1.151395323963562076e-02 0.000000000000000000e+00
1.264855132798976302e-02 1.967650677897471178e+04
1.389495400641860279e-02 6.151074818677055737e+04
1.526417862678452857e-02 4.477083007739402819e+04
1.676832820337198493e-02 0.000000000000000000e+00
1.842069839530119726e-02 4.121365052822781581e+04
2.023589503111089191e-02 3.877917912362189963e+04
2.222996321434766651e-02 4.182568991241644108e+04
2.442052915136719640e-02 3.709470181518617028e+04
2.682695595500901239e-02 3.542275744241100620e+04
2.947051480134291537e-02 3.808274312725627533e+04
3.237457295239669353e-02 3.769499842978338711e+04
3.556480030685772731e-02 3.664034883567791985e+04
3.906939630451649464e-02 3.205198007673946995e+04
4.291933919013282694e-02 2.890821105400665328e+04
4.714865984004791566e-02 2.649489015817032487e+04
5.179474257198286163e-02 2.576513763185997959e+04
5.689865559697841746e-02 2.521565258220420219e+04
6.250551403444545850e-02 2.574908203661177322e+04
6.866487869913283359e-02 2.295379145654667082e+04
7.543119418501802176e-02 2.061504988384797980e+04
8.286427011848424007e-02 1.951615567956974701e+04
9.102980983473445142e-02 1.629099643213276795e+04
9.999999115058272325e-02 1.454137584731523020e+04
1.098541043672585787e-01 1.267035069109923097e+04
1.206792531427361148e-01 1.168639039961558592e+04
1.325711244288214907e-01 1.087643811276908673e+04
1.456348342787200378e-01 9.728479322878763924e+03
1.599858570014452974e-01 8.301925011785302559e+03
1.757510458761641914e-01 7.558874883714033786e+03
1.930697544488981787e-01 6.762571451957658610e+03
2.120950683230800604e-01 6.055817676257427593e+03
2.329951583321586417e-01 5.357027960777046246e+03
2.559547670553742882e-01 4.821530612491214015e+03
2.811768418164965477e-01 4.346922255660008886e+03
3.088843286001189403e-01 3.909592448318783681e+03
3.393221427425128778e-01 3.559202340770185401e+03
3.727593338166072523e-01 3.234202332785768249e+03
4.094914638472018087e-01 2.936128390920827769e+03
4.498432198782237879e-01 2.705370983774603701e+03
4.941712839853393824e-01 2.493573552051511797e+03
5.428674861028858212e-01 2.294093788429195229e+03
5.963622675339625978e-01 2.126602381777161554e+03
6.551284857587630350e-01 1.985789306719898832e+03
7.196855941730535555e-01 1.849700567660366914e+03
7.906042337028588163e-01 1.731704151622521749e+03
8.685112768820903995e-01 1.627381271301684592e+03
9.540953689793428838e-01 1.536268217639705881e+03
1.048113015153642191e+00 0.000000000000000000e+00
