1.048113066601954503e-02 2.314131577347055281e+04
1.151395323963562076e-02 0.000000000000000000e+00
1.264855132798976302e-02 1.028958896098190962e+04
1.389495400641860279e-02 3.620939924121379590e+04
1.526417862678452857e-02 2.569959138984535093e+04
1.676832820337198493e-02 0.000000000000000000e+00
1.842069839530119726e-02 4.050653814130935643e+04
2.023589503111089191e-02 4.231048527553568420e+04
2.222996321434766651e-02 2.194841144774575150e+04
2.442052915136719640e-02 3.643990721228778420e+04
2.682695595500901239e-02 3.429426813170229434e+04
2.947051480134291537e-02 2.640129104294550052e+04
3.237457295239669353e-02 2.967992413141870929e+04
3.556480030685772731e-02 2.434587717316501949e+04
3.906939630451649464e-02 2.048547301471119499e+04
4.291933919013282694e-02 2.120713150646807480e+04
4.714865984004791566e-02 2.043834863303590828e+04
5.179474257198286163e-02 2.103186239554788335e+04
5.689865559697841746e-02 2.230196819778935969e+04
6.250551403444545850e-02 2.091600963972539830e+04
6.866487869913283359e-02 1.808357042360524792e+04
7.543119418501802176e-02 1.694482844336456037e+04
8.286427011848424007e-02 1.566701707461225487e+04
9.102980983473445142e-02 1.357126134389931030e+04
9.999999115058272325e-02 1.232278732255776595e+04
1.098541043672585787e-01 1.114268799916550961e+04
1.206792531427361148e-01 9.825765830005613680e+03
1.325711244288214907e-01 9.100336736783589004e+03
1.456348342787200378e-01 8.402591205033089864e+03
1.599858570014452974e-01 7.402030875070493494e+03
1.757510458761641914e-01 6.520006981777885812e+03
1.930697544488981787e-01 6.025824648438525401e+03
2.120950683230800604e-01 5.398163974267255071e+03
2.329951583321586417e-01 4.839849595710781614e+03
2.559547670553742882e-01 4.362317281683057445e+03
2.811768418164965477e-01 3.973937657290242896e+03
3.088843286001189403e-01 3.586798345863497616e+03
3.393221427425128778e-01 3.291916112684945801e+03
3.727593338166072523e-01 2.993054319891961313e+03
4.094914638472018087e-01 2.745166941966388549e+03
4.498432198782237879e-01 2.545402805807342702e+03
4.941712839853393824e-01 2.362713959322750270e+03
5.428674861028858212e-01 2.188383971330883469e+03
5.963622675339625978e-01 2.035879135686321661e+03
6.551284857587630350e-01 1.906051473747939781e+03
7.196855941730535555e-01 1.790588269768273676e+03
7.906042337028588163e-01 1.681046790937899459e+03
8.685112768820903995e-01 1.581727670576172613e+03
9.540953689793428838e-01 1.492433906955094471e+03
1.048113015153642191e+00 0.000000000000000000e+00
