1.048113066601954503e-02 2.281870740969989492e+04
1.151395323963562076e-02 0.000000000000000000e+00
1.264855132798976302e-02 4.554716722063877387e+04
1.389495400641860279e-02 4.094144609313511319e+04
1.526417862678452857e-02 6.272707646415750060e+04
1.676832820337198493e-02 0.000000000000000000e+00
1.842069839530119726e-02 4.772269045730076323e+04
2.023589503111089191e-02 2.551959884967765174e+04
2.222996321434766651e-02 2.955939367279630096e+04
2.442052915136719640e-02 2.890275670170445665e+04
2.682695595500901239e-02 4.382843999050265847e+04
2.947051480134291537e-02 5.178616499967884738e+04
3.237457295239669353e-02 4.873512610267508717e+04
3.556480030685772731e-02 5.333466354760238028e+04
3.906939630451649464e-02 5.372893350026699773e+04
4.291933919013282694e-02 4.381199248035137134e+04
4.714865984004791566e-02 3.962997914392051462e+04
5.179474257198286163e-02 3.811162091662283638e+04
5.689865559697841746e-02 3.871354917700137594e+04
6.250551403444545850e-02 3.566861567855138856e+04
6.866487869913283359e-02 3.225376441244182206e+04
7.543119418501802176e-02 3.136809440883670686e+04
8.286427011848424007e-02 3.113234892614358250e+04
9.102980983473445142e-02 2.859646932497339003e+04
9.999999115058272325e-02 2.508221149554252042e+04
1.098541043672585787e-01 2.157874463583348916e+04
1.206792531427361148e-01 1.990880170825606547e+04
1.325711244288214907e-01 1.822963588699487445e+04
1.456348342787200378e-01 1.718818356283132016e+04
1.599858570014452974e-01 1.571961111100393464e+04
1.757510458761641914e-01 1.398967455238060757e+04
1.930697544488981787e-01 1.273050208668766572e+04
2.120950683230800604e-01 1.168597721792478660e+04
2.329951583321586417e-01 1.067780396789705628e+04
2.559547670553742882e-01 9.820435110670419817e+03
2.811768418164965477e-01 8.926039818496257794e+03
3.088843286001189403e-01 8.279162887655254963e+03
3.393221427425128778e-01 7.619875435468697106e+03
3.727593338166072523e-01 7.043839346569495319e+03
4.094914638472018087e-01 6.597472879434851166e+03
4.498432198782237879e-01 6.197066595041620531e+03
4.941712839853393824e-01 5.822733267749435981e+03
5.428674861028858212e-01 5.492472468919886524e+03
5.963622675339625978e-01 5.175537614312412188e+03
6.551284857587630350e-01 4.915322028825134112e+03
7.196855941730535555e-01 4.663872435021801721e+03
7.906042337028588163e-01 4.432706271980749079e+03
8.685112768820903995e-01 4.229028985987975830e+03
9.540953689793428838e-01 4.035912552450276053e+03
1.048113015153642191e+00 0.000000000000000000e+00
