1.048113066601954503e-02 3.567164421937028965e+04
1.151395323963562076e-02 0.000000000000000000e+00
1.264855132798976302e-02 2.091784437894958683e+04
1.389495400641860279e-02 3.791869869444726646e+04
1.526417862678452857e-02 3.414551723804943322e+04
1.676832820337198493e-02 0.000000000000000000e+00
1.842069839530119726e-02 4.180380686760619574e+04
2.023589503111089191e-02 4.124758491706436325e+04
2.222996321434766651e-02 2.499364080980845756e+04
2.442052915136719640e-02 4.121296470514281827e+04
2.682695595500901239e-02 5.216694589522399474e+04
2.947051480134291537e-02 3.026866394735109861e+04
3.237457295239669353e-02 3.140350609011433335e+04
3.556480030685772731e-02 3.308044030918410135e+04
3.906939630451649464e-02 2.577479499607330945e+04
4.291933919013282694e-02 2.669884308500197949e+04
4.714865984004791566e-02 3.078370461639939094e+04
5.179474257198286163e-02 2.596352506437546253e+04
5.689865559697841746e-02 1.924435545034103779e+04
6.250551403444545850e-02 2.036891484022033183e+04
6.866487869913283359e-02 1.975021132787709212e+04
7.543119418501802176e-02 1.786435934299405562e+04
8.286427011848424007e-02 1.587262424809100594e+04
9.102980983473445142e-02 1.499102470510015337e+04
9.999999115058272325e-02 1.274532494213711107e+04
1.098541043672585787e-01 1.136968147621556091e+04
1.206792531427361148e-01 9.827156662564451835e+03
1.325711244288214907e-01 8.967442899509853305e+03
1.456348342787200378e-01 8.116700154847871090e+03
1.599858570014452974e-01 7.341274218102930718e+03
1.757510458761641914e-01 6.231749822084185325e+03
1.930697544488981787e-01 5.612863813165598003e+03
2.120950683230800604e-01 4.990242499410853270e+03
2.329951583321586417e-01 4.435299915183024495e+03
2.559547670553742882e-01 3.963027250072460447e+03
2.811768418164965477e-01 3.532593362569517922e+03
3.088843286001189403e-01 3.162121875976071351e+03
3.393221427425128778e-01 2.843009672231739387e+03
3.727593338166072523e-01 2.565324833668459178e+03
4.094914638472018087e-01 2.323537731958736913e+03
4.498432198782237879e-01 2.106293227868511622e+03
4.941712839853393824e-01 1.922507225409517105e+03
5.428674861028858212e-01 1.759697318149004786e+03
5.963622675339625978e-01 1.617568507768378140e+03
6.551284857587630350e-01 1.493227100658398513e+03
7.196855941730535555e-01 1.382073876989936252e+03
7.906042337028588163e-01 1.280130614463249458e+03
8.685112768820903995e-01 1.190554698937482044e+03
9.540953689793428838e-01 1.110589702456794612e+03
1.048113015153642191e+00 0.000000000000000000e+00
