1.048113066601954503e-02 4.687041611504976026e+04
1.151395323963562076e-02 0.000000000000000000e+00
1.264855132798976302e-02 7.696415783507013111e+04
1.389495400641860279e-02 2.724842441888438407e+04
1.526417862678452857e-02 4.194788093843022943e+04
1.676832820337198493e-02 0.000000000000000000e+00
1.842069839530119726e-02 4.078873514019499271e+04
2.023589503111089191e-02 4.752908127612047247e+04
2.222996321434766651e-02 3.845696977513319871e+04
2.442052915136719640e-02 4.920329636467383534e+04
2.682695595500901239e-02 5.332299649644060264e+04
2.947051480134291537e-02 4.141660419702225045e+04
3.237457295239669353e-02 4.019946910909856524e+04
3.556480030685772731e-02 4.073937435659094626e+04
3.906939630451649464e-02 4.060169122960264940e+04
4.291933919013282694e-02 3.968984711570597574e+04
4.714865984004791566e-02 3.816115502823659335e+04
5.179474257198286163e-02 3.253641990440116206e+04
5.689865559697841746e-02 3.099649903290421207e+04
6.250551403444545850e-02 3.136368882771531935e+04
6.866487869913283359e-02 2.971570131397519435e+04
7.543119418501802176e-02 2.721453368704101740e+04
8.286427011848424007e-02 2.391803063184369603e+04
9.102980983473445142e-02 2.286924733821625705e+04
9.999999115058272325e-02 2.056427349824548219e+04
1.098541043672585787e-01 1.775820481083108825e+04
1.206792531427361148e-01 1.629762800375649022e+04
1.325711244288214907e-01 1.527537658940643814e+04
1.456348342787200378e-01 1.388827174797486805e+04
1.599858570014452974e-01 1.235988053822618531e+04
1.757510458761641914e-01 1.130728299773583240e+04
1.930697544488981787e-01 1.021748795899507786e+04
2.120950683230800604e-01 9.401042580794219248e+03
2.329951583321586417e-01 8.557434140186278455e+03
2.559547670553742882e-01 7.915700447011598953e+03
2.811768418164965477e-01 7.216142771065287889e+03
3.088843286001189403e-01 6.724846300840667936e+03
3.393221427425128778e-01 6.241230960733689244e+03
3.727593338166072523e-01 5.804455691575743913e+03
4.094914638472018087e-01 5.445724589232743710e+03
4.498432198782237879e-01 5.092353662327584971e+03
4.941712839853393824e-01 4.812792039332191052e+03
5.428674861028858212e-01 4.539295375012458862e+03
5.963622675339625978e-01 4.291267421179494704e+03
6.551284857587630350e-01 4.063420039335210276e+03
7.196855941730535555e-01 3.838663497275827467e+03
7.906042337028588163e-01 3.642705276978527763e+03
8.685112768820903995e-01 3.441428562362844787e+03
9.540953689793428838e-01 3.252930102596311826e+03
1.048113015153642191e+00 0.000000000000000000e+00
