1.048113066601954503e-02 7.664405703067021022e+03
1.151395323963562076e-02 0.000000000000000000e+00
1.264855132798976302e-02 1.760216942417777318e+04
1.389495400641860279e-02 2.574917723079502684e+04
1.526417862678452857e-02 2.469163213819525845e+04
1.676832820337198493e-02 0.000000000000000000e+00
1.842069839530119726e-02 3.406870765202042821e+04
2.023589503111089191e-02 2.251998098889060930e+04
2.222996321434766651e-02 2.718347725905815605e+04
2.442052915136719640e-02 2.906428568036708384e+04
2.682695595500901239e-02 2.219868486631478299e+04
2.947051480134291537e-02 2.572434418810982606e+04
3.237457295239669353e-02 2.736293725742938113e+04
3.556480030685772731e-02 2.568079739781970420e+04
3.906939630451649464e-02 2.238421197918251710e+04
4.291933919013282694e-02 2.116219547953318397e+04
4.714865984004791566e-02 2.088245158095090665e+04
5.179474257198286163e-02 2.096092621057204087e+04
5.689865559697841746e-02 1.699426218804785458e+04
6.250551403444545850e-02 1.762571982189779374e+04
6.866487869913283359e-02 1.729929680206326520e+04
7.543119418501802176e-02 1.675719028048851760e+04
8.286427011848424007e-02 1.586520125338083199e+04
9.102980983473445142e-02 1.410774138396413400e+04
9.999999115058272325e-02 1.259422510877600871e+04
1.098541043672585787e-01 1.182141636465525517e+04
1.206792531427361148e-01 1.047682528307482062e+04
1.325711244288214907e-01 9.755166553802735507e+03
1.456348342787200378e-01 9.048265275915280654e+03
1.599858570014452974e-01 8.062622355405725102e+03
1.757510458761641914e-01 7.269411395699634340e+03
1.930697544488981787e-01 6.531494141632734681e+03
2.120950683230800604e-01 6.041074483649114882e+03
2.329951583321586417e-01 5.499712383449344998e+03
2.559547670553742882e-01 4.942720264016609690e+03
2.811768418164965477e-01 4.546352472027090698e+03
3.088843286001189403e-01 4.141681225031473332e+03
3.393221427425128778e-01 3.813823602705193480e+03
3.727593338166072523e-01 3.497810196574015663e+03
4.094914638472018087e-01 3.255855989595103438e+03
4.498432198782237879e-01 3.031324802403810281e+03
4.941712839853393824e-01 2.829865502064467819e+03
5.428674861028858212e-01 2.643352121404176614e+03
5.963622675339625978e-01 2.483266207433672207e+03
6.551284857587630350e-01 2.337285319397667536e+03
7.196855941730535555e-01 2.208476954188777654e+03
7.906042337028588163e-01 2.088287071937412748e+03
8.685112768820903995e-01 1.975162509054653583e+03
9.540953689793428838e-01 1.874719816149305643e+03
1.048113015153642191e+00 0.000000000000000000e+00
