1.048113066601954503e-02 5.099250956547509413e+05
1.151395323963562076e-02 0.000000000000000000e+00
1.264855132798976302e-02 2.593509706364248996e+05
1.389495400641860279e-02 2.500275650800753501e+05
1.526417862678452857e-02 3.996442113901715493e+05
1.676832820337198493e-02 0.000000000000000000e+00
1.842069839530119726e-02 3.525544244637642987e+05
2.023589503111089191e-02 2.755471649459590553e+05
2.222996321434766651e-02 1.779302629007200594e+05
2.442052915136719640e-02 2.353645146373684984e+05
2.682695595500901239e-02 1.973709727313723124e+05
2.947051480134291537e-02 1.560757519510191341e+05
3.237457295239669353e-02 1.347589048538035131e+05
3.556480030685772731e-02 1.213756994502635498e+05
3.906939630451649464e-02 1.173797062537885213e+05
4.291933919013282694e-02 1.160803163373328425e+05
4.714865984004791566e-02 9.614704404907138087e+04
5.179474257198286163e-02 9.193869439641165081e+04
5.689865559697841746e-02 8.882135189021934639e+04
6.250551403444545850e-02 8.718623985907949100e+04
6.866487869913283359e-02 7.005612913980911253e+04
7.543119418501802176e-02 5.371125574405511725e+04
8.286427011848424007e-02 4.454164857009874686e+04
9.102980983473445142e-02 4.027841623317148333e+04
9.999999115058272325e-02 4.060877487169782398e+04
1.098541043672585787e-01 3.701522108272345213e+04
1.206792531427361148e-01 3.056071363875056704e+04
1.325711244288214907e-01 2.597638830442730250e+04
1.456348342787200378e-01 2.422741346491914737e+04
1.599858570014452974e-01 2.258117499483746724e+04
1.757510458761641914e-01 1.988270979871470627e+04
1.930697544488981787e-01 1.796423939385923950e+04
2.120950683230800604e-01 1.606864751041810996e+04
2.329951583321586417e-01 1.461267625051798677e+04
2.559547670553742882e-01 1.325429211890754596e+04
2.811768418164965477e-01 1.214932500499079106e+04
3.088843286001189403e-01 1.121888093435374867e+04
3.393221427425128778e-01 1.031415771865624629e+04
3.727593338166072523e-01 9.582385734237257566e+03
4.094914638472018087e-01 8.971229330372078039e+03
4.498432198782237879e-01 8.340894069836980634e+03
4.941712839853393824e-01 7.823098509683670272e+03
5.428674861028858212e-01 7.351585651797890023e+03
5.963622675339625978e-01 6.915446928175242647e+03
6.551284857587630350e-01 6.533874102764350027e+03
7.196855941730535555e-01 6.156954205262034520e+03
7.906042337028588163e-01 5.794696704835600030e+03
8.685112768820903995e-01 5.458455648891469536e+03
9.540953689793428838e-01 5.149160964379515462e+03
1.048113015153642191e+00 0.000000000000000000e+00
