1.048113066601954503e-02 2.033419924863641427e+04
1.151395323963562076e-02 0.000000000000000000e+00
1.264855132798976302e-02 1.141537412255087656e+04
1.389495400641860279e-02 1.275000546560702060e+04
1.526417862678452857e-02 2.235988522006390849e+04
1.676832820337198493e-02 0.000000000000000000e+00
1.842069839530119726e-02 1.249988994026710679e+04
2.023589503111089191e-02 1.739560242338584794e+04
2.222996321434766651e-02 1.687908181981626331e+04
2.442052915136719640e-02 1.758834525412925359e+04
2.682695595500901239e-02 1.879964122725081688e+04
2.947051480134291537e-02 1.711712865656295253e+04
3.237457295239669353e-02 2.067447544836504676e+04
3.556480030685772731e-02 1.592848264219900193e+04
3.906939630451649464e-02 1.580328149500174004e+04
4.291933919013282694e-02 1.768738056664664691e+04
4.714865984004791566e-02 1.646153691318642814e+04
5.179474257198286163e-02 1.455143831114207023e+04
5.689865559697841746e-02 1.282952804580415614e+04
6.250551403444545850e-02 1.317998326952290154e+04
6.866487869913283359e-02 1.345028801668818596e+04
7.543119418501802176e-02 1.297074758335974730e+04
8.286427011848424007e-02 1.185034123179144808e+04
9.102980983473445142e-02 1.030823866179108518e+04
9.999999115058272325e-02 9.152984659178011498e+03
1.098541043672585787e-01 8.556427830194159469e+03
1.206792531427361148e-01 7.637646726514340116e+03
1.325711244288214907e-01 7.096427457267793216e+03
1.456348342787200378e-01 6.596083501015537877e+03
1.599858570014452974e-01 5.827043633226284328e+03
1.757510458761641914e-01 5.162296156539473486e+03
1.930697544488981787e-01 4.697653195190951010e+03
2.120950683230800604e-01 4.298257613609092914e+03
2.329951583321586417e-01 3.857673150939580410e+03
2.559547670553742882e-01 3.465962188929865079e+03
2.811768418164965477e-01 3.132373753266046606e+03
3.088843286001189403e-01 2.826384573532746344e+03
3.393221427425128778e-01 2.587887876872852758e+03
3.727593338166072523e-01 2.357580987620844098e+03
4.094914638472018087e-01 2.156369804320561343e+03
4.498432198782237879e-01 1.983356880864822870e+03
4.941712839853393824e-01 1.829749958485223488e+03
5.428674861028858212e-01 1.691877806055666724e+03
5.963622675339625978e-01 1.573581466633318541e+03
6.551284857587630350e-01 1.464787331408829232e+03
7.196855941730535555e-01 1.373721562855103684e+03
7.906042337028588163e-01 1.288749248468612222e+03
8.685112768820903995e-01 1.213253475830133993e+03
9.540953689793428838e-01 1.144780837891085639e+03
1.048113015153642191e+00 0.000000000000000000e+00
