1.048113066601954503e-02 1.238002217498883605e+06
1.151395323963562076e-02 0.000000000000000000e+00
1.264855132798976302e-02 8.264165538912700722e+05
1.389495400641860279e-02 5.810495165926256450e+05
1.526417862678452857e-02 7.599877128734475700e+05
1.676832820337198493e-02 0.000000000000000000e+00
1.842069839530119726e-02 4.663919628457590006e+05
2.023589503111089191e-02 3.900837068063159822e+05
2.222996321434766651e-02 2.810020961659770692e+05
2.442052915136719640e-02 2.099721168188016163e+05
2.682695595500901239e-02 2.288503129165051505e+05
2.947051480134291537e-02 2.554520526986659097e+05
3.237457295239669353e-02 1.698143635715997661e+05
3.556480030685772731e-02 1.269805931640287308e+05
3.906939630451649464e-02 1.271887915805225784e+05
4.291933919013282694e-02 1.239320164107001328e+05
4.714865984004791566e-02 1.184927953877545224e+05
5.179474257198286163e-02 1.282010443825273251e+05
5.689865559697841746e-02 1.117800128533175302e+05
6.250551403444545850e-02 9.245327084739261772e+04
6.866487869913283359e-02 6.432428419526873040e+04
7.543119418501802176e-02 5.076863465042039752e+04
8.286427011848424007e-02 4.577139515951830981e+04
9.102980983473445142e-02 4.428519776056402770e+04
9.999999115058272325e-02 4.158248424186999182e+04
1.098541043672585787e-01 3.661785507211229560e+04
1.206792531427361148e-01 2.880577348437925684e+04
1.325711244288214907e-01 2.525277845758807962e+04
1.456348342787200378e-01 2.343203522565475578e+04
1.599858570014452974e-01 2.085105552433481353e+04
1.757510458761641914e-01 1.800090536729505766e+04
1.930697544488981787e-01 1.597123016407747855e+04
2.120950683230800604e-01 1.433728727854476892e+04
2.329951583321586417e-01 1.300782411770425097e+04
2.559547670553742882e-01 1.172077959717078738e+04
2.811768418164965477e-01 1.052639272027501102e+04
3.088843286001189403e-01 9.493136974671768257e+03
3.393221427425128778e-01 8.714154043227030343e+03
3.727593338166072523e-01 7.944417517243997281e+03
4.094914638472018087e-01 7.339467749349320911e+03
4.498432198782237879e-01 6.794059183350250350e+03
4.941712839853393824e-01 6.248483997143966917e+03
5.428674861028858212e-01 5.779478272051767817e+03
5.963622675339625978e-01 5.384981760939074775e+03
6.551284857587630350e-01 5.021404256192097819e+03
7.196855941730535555e-01 4.665534069639578775e+03
7.906042337028588163e-01 4.346363882469303462e+03
8.685112768820903995e-01 4.047429578940084866e+03
9.540953689793428838e-01 3.766781242912848938e+03
1.048113015153642191e+00 0.000000000000000000e+00
