1.048113066601954503e-02 2.233858818819327280e+04
1.151395323963562076e-02 0.000000000000000000e+00
1.264855132798976302e-02 2.340277854639962607e+04
1.389495400641860279e-02 4.615674746032479015e+04
1.526417862678452857e-02 4.020860649765576818e+04
1.676832820337198493e-02 0.000000000000000000e+00
1.842069839530119726e-02 3.370489521240435715e+04
2.023589503111089191e-02 4.058826890704008110e+04
2.222996321434766651e-02 4.638180442383271293e+04
2.442052915136719640e-02 3.669684249652054132e+04
2.682695595500901239e-02 3.729098445769785030e+04
2.947051480134291537e-02 3.876032425795063318e+04
3.237457295239669353e-02 3.790714234441048757e+04
3.556480030685772731e-02 3.602525112797922338e+04
3.906939630451649464e-02 4.096611997025703022e+04
4.291933919013282694e-02 3.295904295678527706e+04
4.714865984004791566e-02 3.278187218219336501e+04
5.179474257198286163e-02 3.563347033374186867e+04
5.689865559697841746e-02 2.970570656608969875e+04
6.250551403444545850e-02 2.559576527324129711e+04
6.866487869913283359e-02 2.798995082687799732e+04
7.543119418501802176e-02 2.281219661538842774e+04
8.286427011848424007e-02 2.295329848575453070e+04
9.102980983473445142e-02 2.060485763682441757e+04
9.999999115058272325e-02 1.946697931617601716e+04
1.098541043672585787e-01 1.715474982839044969e+04
1.206792531427361148e-01 1.539087580029125274e+04
1.325711244288214907e-01 1.421415634937494178e+04
1.456348342787200378e-01 1.305434490281955004e+04
1.599858570014452974e-01 1.170370956450603808e+04
1.757510458761641914e-01 1.048622951383337568e+04
1.930697544488981787e-01 9.240392656193767834e+03
2.120950683230800604e-01 8.570948381033764235e+03
2.329951583321586417e-01 7.737181083658342686e+03
2.559547670553742882e-01 7.052450273229613231e+03
2.811768418164965477e-01 6.485999213192761090e+03
3.088843286001189403e-01 5.909802276832333519e+03
3.393221427425128778e-01 5.453234446894216489e+03
3.727593338166072523e-01 5.043178537709498414e+03
4.094914638472018087e-01 4.682727073774040946e+03
4.498432198782237879e-01 4.359974005509589006e+03
4.941712839853393824e-01 4.082293467969683661e+03
5.428674861028858212e-01 3.832218256879778892e+03
5.963622675339625978e-01 3.605577736301067489e+03
6.551284857587630350e-01 3.395803678503246374e+03
7.196855941730535555e-01 3.205880148493457455e+03
7.906042337028588163e-01 3.027125904911220459e+03
8.685112768820903995e-01 2.867444312151651502e+03
9.540953689793428838e-01 2.717218126139601736e+03
1.048113015153642191e+00 0.000000000000000000e+00
