1.048113066601954503e-02 3.506837297549916548e+05
1.151395323963562076e-02 0.000000000000000000e+00
1.264855132798976302e-02 1.414857935647168488e+05
1.389495400641860279e-02 2.108251961869635852e+05
1.526417862678452857e-02 2.243213831009977730e+05
1.676832820337198493e-02 0.000000000000000000e+00
1.842069839530119726e-02 3.036847695630047820e+05
2.023589503111089191e-02 1.253233021672070608e+05
2.222996321434766651e-02 2.241907580331844219e+05
2.442052915136719640e-02 1.539951617849024769e+05
2.682695595500901239e-02 1.456606259925272025e+05
2.947051480134291537e-02 1.108653017989103100e+05
3.237457295239669353e-02 9.155516337907125126e+04
3.556480030685772731e-02 7.222120289694819076e+04
3.906939630451649464e-02 7.293282408006110927e+04
4.291933919013282694e-02 5.809845468095048273e+04
4.714865984004791566e-02 6.352712375757781410e+04
5.179474257198286163e-02 5.967029040702369093e+04
5.689865559697841746e-02 6.422070056067252881e+04
6.250551403444545850e-02 4.833665196004470636e+04
6.866487869913283359e-02 4.175416804407835298e+04
7.543119418501802176e-02 3.357701432453209418e+04
8.286427011848424007e-02 2.589593874337469606e+04
9.102980983473445142e-02 2.426632363258407713e+04
9.999999115058272325e-02 2.444000228925331612e+04
1.098541043672585787e-01 2.248916487052985030e+04
1.206792531427361148e-01 1.810275439908639601e+04
1.325711244288214907e-01 1.481512745710216223e+04
1.456348342787200378e-01 1.349740910939869354e+04
1.599858570014452974e-01 1.246609149745685318e+04
1.757510458761641914e-01 1.053467280313203992e+04
1.930697544488981787e-01 9.246583473352697183e+03
2.120950683230800604e-01 8.237067749967085547e+03
2.329951583321586417e-01 7.308645346032037196e+03
2.559547670553742882e-01 6.513296775542814430e+03
2.811768418164965477e-01 5.859839313530599611e+03
3.088843286001189403e-01 5.236892032069978086e+03
3.393221427425128778e-01 4.713644151181220877e+03
3.727593338166072523e-01 4.250042578793079883e+03
4.094914638472018087e-01 3.872743614632927347e+03
4.498432198782237879e-01 3.546632549805226517e+03
4.941712839853393824e-01 3.236164739289816225e+03
5.428674861028858212e-01 2.989704110832601145e+03
5.963622675339625978e-01 2.764501988227710171e+03
6.551284857587630350e-01 2.569105807341637046e+03
7.196855941730535555e-01 2.378277263478276382e+03
7.906042337028588163e-01 2.217802870750630063e+03
8.685112768820903995e-01 2.074889114077176600e+03
9.540953689793428838e-01 1.946333965022389748e+03
1.048113015153642191e+00 0.000000000000000000e+00
