1.048113066601954503e-02 3.169355367162357652e+04
1.151395323963562076e-02 0.000000000000000000e+00
1.264855132798976302e-02 3.087983710208686898e+04
1.389495400641860279e-02 1.533862953100324194e+04
1.526417862678452857e-02 2.561940384466064643e+04
1.676832820337198493e-02 0.000000000000000000e+00
1.842069839530119726e-02 3.928462037691516889e+04
2.023589503111089191e-02 2.438072821550868321e+04
2.222996321434766651e-02 3.909984920585661166e+04
2.442052915136719640e-02 3.485938669536975794e+04
2.682695595500901239e-02 2.895687331809554234e+04
2.947051480134291537e-02 2.681350832945084039e+04
3.237457295239669353e-02 2.589005263398402167e+04
3.556480030685772731e-02 2.096635480492524948e+04
3.906939630451649464e-02 2.246778147828082001e+04
4.291933919013282694e-02 2.214643699358479353e+04
4.714865984004791566e-02 1.723037825918264934e+04
5.179474257198286163e-02 1.945808291190256205e+04
5.689865559697841746e-02 1.663564147981993665e+04
6.250551403444545850e-02 1.686522750772171275e+04
6.866487869913283359e-02 1.575001249970380923e+04
7.543119418501802176e-02 1.469349767151227388e+04
8.286427011848424007e-02 1.313263741950800795e+04
9.102980983473445142e-02 1.207666103949817261e+04
9.999999115058272325e-02 1.062039378771852353e+04
1.098541043672585787e-01 9.683429687539073711e+03
1.206792531427361148e-01 8.345652630702437818e+03
1.325711244288214907e-01 7.818221911307325172e+03
1.456348342787200378e-01 7.022312465367606819e+03
1.599858570014452974e-01 6.286572611405361386e+03
1.757510458761641914e-01 5.458895408156922713e+03
1.930697544488981787e-01 4.925444993303486626e+03
2.120950683230800604e-01 4.420902620228685919e+03
2.329951583321586417e-01 3.958789404030023434e+03
2.559547670553742882e-01 3.549208804296869857e+03
2.811768418164965477e-01 3.162072528174753188e+03
3.088843286001189403e-01 2.858285585175239703e+03
3.393221427425128778e-01 2.612200944910263843e+03
3.727593338166072523e-01 2.362337444313206106e+03
4.094914638472018087e-01 2.144830686072618846e+03
4.498432198782237879e-01 1.971873623991840304e+03
4.941712839853393824e-01 1.807333053888097766e+03
5.428674861028858212e-01 1.664634815437048474e+03
5.963622675339625978e-01 1.544847037930061788e+03
6.551284857587630350e-01 1.428096680432209041e+03
7.196855941730535555e-01 1.333006416468496354e+03
7.906042337028588163e-01 1.242432509533879966e+03
8.685112768820903995e-01 1.163470730911317105e+03
9.540953689793428838e-01 1.089660504408745510e+03
1.048113015153642191e+00 0.000000000000000000e+00
