1.048113066601954503e-02 4.436734936453174305e+04
1.151395323963562076e-02 0.000000000000000000e+00
1.264855132798976302e-02 5.489997607669912395e+04
1.389495400641860279e-02 4.772783951619404252e+04
1.526417862678452857e-02 5.157214579532007338e+04
1.676832820337198493e-02 0.000000000000000000e+00
1.842069839530119726e-02 7.839168048882392759e+04
2.023589503111089191e-02 4.451625060971910716e+04
2.222996321434766651e-02 4.294037400363362394e+04
2.442052915136719640e-02 5.555071545276792313e+04
2.682695595500901239e-02 5.396352361939593538e+04
2.947051480134291537e-02 3.727167886330606416e+04
3.237457295239669353e-02 4.452232731481177325e+04
3.556480030685772731e-02 4.550403336058941204e+04
3.906939630451649464e-02 3.725432457154622534e+04
4.291933919013282694e-02 3.857978464570856886e+04
4.714865984004791566e-02 3.239707911207720099e+04
5.179474257198286163e-02 2.953548284722426615e+04
5.689865559697841746e-02 2.760956823969553807e+04
6.250551403444545850e-02 2.661680353885213481e+04
6.866487869913283359e-02 2.630512507371762695e+04
7.543119418501802176e-02 2.446797006063743174e+04
8.286427011848424007e-02 2.131366686164261773e+04
9.102980983473445142e-02 1.998296156679803971e+04
9.999999115058272325e-02 1.583864606925398039e+04
1.098541043672585787e-01 1.472601674053496754e+04
1.206792531427361148e-01 1.345470069492072798e+04
1.325711244288214907e-01 1.224324752999893826e+04
1.456348342787200378e-01 1.087936588919088899e+04
1.599858570014452974e-01 9.457713082997948732e+03
1.757510458761641914e-01 8.201387126845569583e+03
1.930697544488981787e-01 7.512127059938181446e+03
2.120950683230800604e-01 6.689707330093768178e+03
2.329951583321586417e-01 5.923051828509989718e+03
2.559547670553742882e-01 5.346204000210811500e+03
2.811768418164965477e-01 4.837079391463189495e+03
3.088843286001189403e-01 4.326308935753453625e+03
3.393221427425128778e-01 3.939174365292327820e+03
3.727593338166072523e-01 3.543444300699082305e+03
4.094914638472018087e-01 3.244758468078257465e+03
4.498432198782237879e-01 2.983948927933458435e+03
4.941712839853393824e-01 2.740984324575159008e+03
5.428674861028858212e-01 2.528482405730364007e+03
5.963622675339625978e-01 2.342447226356554893e+03
6.551284857587630350e-01 2.172132081674384608e+03
7.196855941730535555e-01 2.030084638842746699e+03
7.906042337028588163e-01 1.897316381475565777e+03
8.685112768820903995e-01 1.777166343234011947e+03
9.540953689793428838e-01 1.670818499284906920e+03
1.048113015153642191e+00 0.000000000000000000e+00
