1.048113066601954503e-02 2.769733622744790046e+04
1.151395323963562076e-02 0.000000000000000000e+00
1.264855132798976302e-02 9.191047089872678043e+04
1.389495400641860279e-02 7.069851345146303356e+04
1.526417862678452857e-02 4.789657087499264890e+04
1.676832820337198493e-02 0.000000000000000000e+00
1.842069839530119726e-02 6.638799789515337034e+04
2.023589503111089191e-02 7.945189997706777649e+04
2.222996321434766651e-02 9.514301071827200940e+04
2.442052915136719640e-02 1.004985986280102079e+05
2.682695595500901239e-02 4.647396954883936269e+04
2.947051480134291537e-02 5.864593110228029400e+04
3.237457295239669353e-02 7.739627452585785068e+04
3.556480030685772731e-02 6.929447733618857455e+04
3.906939630451649464e-02 6.035984311693826749e+04
4.291933919013282694e-02 5.631196017835911334e+04
4.714865984004791566e-02 5.237760058961489995e+04
5.179474257198286163e-02 4.857712676593659126e+04
5.689865559697841746e-02 4.462504331953269866e+04
6.250551403444545850e-02 4.046064506752795569e+04
6.866487869913283359e-02 3.887462222025988740e+04
7.543119418501802176e-02 3.617558963706644863e+04
8.286427011848424007e-02 3.500454855332258012e+04
9.102980983473445142e-02 2.929502458933344315e+04
9.999999115058272325e-02 2.616219550983683803e+04
1.098541043672585787e-01 2.279075362004807175e+04
1.206792531427361148e-01 2.056154708598758589e+04
1.325711244288214907e-01 1.884538341822328948e+04
1.456348342787200378e-01 1.743768449857222367e+04
1.599858570014452974e-01 1.531982601774381328e+04
1.757510458761641914e-01 1.368286082521673234e+04
1.930697544488981787e-01 1.265480673643734917e+04
2.120950683230800604e-01 1.155880081828551192e+04
2.329951583321586417e-01 1.049484088472116673e+04
2.559547670553742882e-01 9.663337639743851469e+03
2.811768418164965477e-01 8.778119270459374093e+03
3.088843286001189403e-01 8.162988100694824425e+03
3.393221427425128778e-01 7.541119142120234756e+03
3.727593338166072523e-01 6.973089452136242471e+03
4.094914638472018087e-01 6.553710059737992196e+03
4.498432198782237879e-01 6.157831663975662195e+03
4.941712839853393824e-01 5.763458289529886315e+03
5.428674861028858212e-01 5.435026809047745701e+03
5.963622675339625978e-01 5.119431865021799240e+03
6.551284857587630350e-01 4.834212277427610388e+03
7.196855941730535555e-01 4.553524496088097294e+03
7.906042337028588163e-01 4.300546499974243488e+03
8.685112768820903995e-01 4.045405057347820730e+03
9.540953689793428838e-01 3.800127677024637251e+03
1.048113015153642191e+00 0.000000000000000000e+00
