1.048113066601954503e-02 8.585831236802728381e+05
1.151395323963562076e-02 0.000000000000000000e+00
1.264855132798976302e-02 8.181662315422301181e+05
1.389495400641860279e-02 8.984006132176350802e+05
1.526417862678452857e-02 2.443725007231037016e+05
1.676832820337198493e-02 0.000000000000000000e+00
1.842069839530119726e-02 3.769815390710947104e+05
2.023589503111089191e-02 4.866277633336310391e+05
2.222996321434766651e-02 3.938495694558935356e+05
2.442052915136719640e-02 3.675993057142415782e+05
2.682695595500901239e-02 2.473625026303391787e+05
2.947051480134291537e-02 2.265476375950265792e+05
3.237457295239669353e-02 1.189231737177044706e+05
3.556480030685772731e-02 1.136758627806212899e+05
3.906939630451649464e-02 9.566797737766765931e+04
4.291933919013282694e-02 6.528579772079261602e+04
4.714865984004791566e-02 6.199720183388639998e+04
5.179474257198286163e-02 5.601483442341451882e+04
5.689865559697841746e-02 5.799649731411890389e+04
6.250551403444545850e-02 5.332799356495190295e+04
6.866487869913283359e-02 5.058779959755337040e+04
7.543119418501802176e-02 4.469207858202794887e+04
8.286427011848424007e-02 3.721609898008197342e+04
9.102980983473445142e-02 2.826473215333424741e+04
9.999999115058272325e-02 2.181221065105098387e+04
1.098541043672585787e-01 1.968680948137855376e+04
1.206792531427361148e-01 1.816625252370931776e+04
1.325711244288214907e-01 1.603495047638425967e+04
1.456348342787200378e-01 1.386373792760644938e+04
1.599858570014452974e-01 1.170052483604940062e+04
1.757510458761641914e-01 1.036835921125666573e+04
1.930697544488981787e-01 9.219841363435665698e+03
2.120950683230800604e-01 7.996260594472391858e+03
2.329951583321586417e-01 7.009511851449317874e+03
2.559547670553742882e-01 6.268019887545252459e+03
2.811768418164965477e-01 5.611106463931067083e+03
3.088843286001189403e-01 4.974005802172563563e+03
3.393221427425128778e-01 4.517851847598685708e+03
3.727593338166072523e-01 4.033168174633732633e+03
4.094914638472018087e-01 3.649378177089142355e+03
4.498432198782237879e-01 3.347764863028407490e+03
4.941712839853393824e-01 3.034040563220724380e+03
5.428674861028858212e-01 2.764569361111921353e+03
5.963622675339625978e-01 2.536659283383335151e+03
6.551284857587630350e-01 2.330940896981091555e+03
7.196855941730535555e-01 2.137024356931031434e+03
7.906042337028588163e-01 1.952550369936835068e+03
8.685112768820903995e-01 1.786452723531154106e+03
9.540953689793428838e-01 1.630724377127183743e+03
1.048113015153642191e+00 0.000000000000000000e+00
