1.048113066601954503e-02 1.799260757705606055e+06
1.151395323963562076e-02 0.000000000000000000e+00
1.264855132798976302e-02 1.894743265740879346e+06
1.389495400641860279e-02 1.381456204947689548e+06
1.526417862678452857e-02 1.273345992337980540e+06
1.676832820337198493e-02 0.000000000000000000e+00
1.842069839530119726e-02 9.045911135676898994e+05
2.023589503111089191e-02 1.218925858496430796e+06
2.222996321434766651e-02 5.811417677601607284e+05
2.442052915136719640e-02 7.491428334874282591e+05
2.682695595500901239e-02 6.427449030198362889e+05
2.947051480134291537e-02 4.371438213176567806e+05
3.237457295239669353e-02 3.799230619134058943e+05
3.556480030685772731e-02 4.069997196579000447e+05
3.906939630451649464e-02 2.701538674764542957e+05
4.291933919013282694e-02 2.729436572319455445e+05
4.714865984004791566e-02 2.714654824507110752e+05
5.179474257198286163e-02 2.400309842700001900e+05
5.689865559697841746e-02 2.559418331777587300e+05
6.250551403444545850e-02 2.036307485026810318e+05
6.866487869913283359e-02 1.677174800235201837e+05
7.543119418501802176e-02 1.347566822731707653e+05
8.286427011848424007e-02 1.097816299875375407e+05
9.102980983473445142e-02 9.915096846413402818e+04
9.999999115058272325e-02 9.240276715466385940e+04
1.098541043672585787e-01 8.377589545094176719e+04
1.206792531427361148e-01 7.243008891847793711e+04
1.325711244288214907e-01 6.114085130798192404e+04
1.456348342787200378e-01 5.684484228810861532e+04
1.599858570014452974e-01 4.966488523503938632e+04
1.757510458761641914e-01 4.489404483734187670e+04
1.930697544488981787e-01 4.101859180227849720e+04
2.120950683230800604e-01 3.732984992551182222e+04
2.329951583321586417e-01 3.374077759671902459e+04
2.559547670553742882e-01 3.101205844329539832e+04
2.811768418164965477e-01 2.835538333561533727e+04
3.088843286001189403e-01 2.616363643281401892e+04
3.393221427425128778e-01 2.410738521708937697e+04
3.727593338166072523e-01 2.241795739966879046e+04
4.094914638472018087e-01 2.063856801466858087e+04
4.498432198782237879e-01 1.930204987462517602e+04
4.941712839853393824e-01 1.788591701986205589e+04
5.428674861028858212e-01 1.675598348387155420e+04
5.963622675339625978e-01 1.553052724214644695e+04
6.551284857587630350e-01 1.445384182200281066e+04
7.196855941730535555e-01 1.346882731826034433e+04
7.906042337028588163e-01 1.250195370527948035e+04
8.685112768820903995e-01 1.154727606320686573e+04
9.540953689793428838e-01 1.059820197712388835e+04
1.048113015153642191e+00 0.000000000000000000e+00
