1.048113066601954503e-02 4.628771678761063231e+04
1.151395323963562076e-02 0.000000000000000000e+00
1.264855132798976302e-02 1.389180359857010189e+05
1.389495400641860279e-02 5.021697890511585865e+04
1.526417862678452857e-02 1.082694329572643328e+05
1.676832820337198493e-02 0.000000000000000000e+00
1.842069839530119726e-02 9.965939629821167910e+04
2.023589503111089191e-02 1.064479638778049557e+05
2.222996321434766651e-02 8.961247327645761834e+04
2.442052915136719640e-02 1.447092789481428917e+05
2.682695595500901239e-02 1.008551894006158400e+05
2.947051480134291537e-02 8.097863112488591287e+04
3.237457295239669353e-02 6.456328430698448210e+04
3.556480030685772731e-02 8.163543676430515188e+04
3.906939630451649464e-02 8.709953334801504388e+04
4.291933919013282694e-02 6.457285934958369762e+04
4.714865984004791566e-02 5.819546101964286936e+04
5.179474257198286163e-02 5.912940858829017088e+04
5.689865559697841746e-02 5.632837977684450743e+04
6.250551403444545850e-02 5.266203098285666056e+04
6.866487869913283359e-02 4.998483229350436886e+04
7.543119418501802176e-02 4.499867274922231445e+04
8.286427011848424007e-02 4.133826239786548103e+04
9.102980983473445142e-02 3.816076746476284461e+04
9.999999115058272325e-02 3.281487426626630622e+04
1.098541043672585787e-01 2.837892697289848365e+04
1.206792531427361148e-01 2.516672500824586314e+04
1.325711244288214907e-01 2.289412511427905338e+04
1.456348342787200378e-01 2.172128242591270464e+04
1.599858570014452974e-01 1.937906798904886818e+04
1.757510458761641914e-01 1.673302720711304573e+04
1.930697544488981787e-01 1.546653161851387995e+04
2.120950683230800604e-01 1.418539630079286144e+04
2.329951583321586417e-01 1.291694841770144194e+04
2.559547670553742882e-01 1.177767395054430744e+04
2.811768418164965477e-01 1.072829976060880108e+04
3.088843286001189403e-01 9.909028910631062899e+03
3.393221427425128778e-01 9.126635961013565975e+03
3.727593338166072523e-01 8.409275180517703120e+03
4.094914638472018087e-01 7.885479991621911722e+03
4.498432198782237879e-01 7.334275633015462518e+03
4.941712839853393824e-01 6.901436851660332650e+03
5.428674861028858212e-01 6.503662686505071179e+03
5.963622675339625978e-01 6.112287003744328103e+03
6.551284857587630350e-01 5.801717807339315186e+03
7.196855941730535555e-01 5.498479128769483395e+03
7.906042337028588163e-01 5.200197450803665561e+03
8.685112768820903995e-01 4.949874679001829463e+03
9.540953689793428838e-01 4.699501330600216534e+03
1.048113015153642191e+00 0.000000000000000000e+00
