1.048113066601954503e-02 1.119329941777248314e+05
1.151395323963562076e-02 0.000000000000000000e+00
1.264855132798976302e-02 1.240717144585531787e+05
1.389495400641860279e-02 5.768916324451811670e+04
1.526417862678452857e-02 5.966879596060156473e+04
1.676832820337198493e-02 0.000000000000000000e+00
1.842069839530119726e-02 7.944724950984434690e+04
2.023589503111089191e-02 4.854077850374466652e+04
2.222996321434766651e-02 6.218554245090940094e+04
2.442052915136719640e-02 5.850687061970742798e+04
2.682695595500901239e-02 5.253020805383284460e+04
2.947051480134291537e-02 4.408972194761151331e+04
3.237457295239669353e-02 4.624502051156642847e+04
3.556480030685772731e-02 4.745952329424491472e+04
3.906939630451649464e-02 3.406339036109372682e+04
4.291933919013282694e-02 3.650963354035074008e+04
4.714865984004791566e-02 3.306808815389132360e+04
5.179474257198286163e-02 2.810315389710493400e+04
5.689865559697841746e-02 2.638907630391705243e+04
6.250551403444545850e-02 2.425841267024967965e+04
6.866487869913283359e-02 2.261457244424499368e+04
7.543119418501802176e-02 1.939644655745703130e+04
8.286427011848424007e-02 1.643455094377067144e+04
9.102980983473445142e-02 1.319301375802823895e+04
9.999999115058272325e-02 1.184271787546034830e+04
1.098541043672585787e-01 1.081107053745623125e+04
1.206792531427361148e-01 9.965275642093947681e+03
1.325711244288214907e-01 8.511790799631366099e+03
1.456348342787200378e-01 7.147361111067954880e+03
1.599858570014452974e-01 6.297762855824255894e+03
1.757510458761641914e-01 5.601165349751323447e+03
1.930697544488981787e-01 5.010154215000192380e+03
2.120950683230800604e-01 4.276290441755641041e+03
2.329951583321586417e-01 3.790875162771752912e+03
2.559547670553742882e-01 3.350018453373404554e+03
2.811768418164965477e-01 2.945280066236818129e+03
3.088843286001189403e-01 2.634786023937710979e+03
3.393221427425128778e-01 2.350390242884609052e+03
3.727593338166072523e-01 2.095279817402999470e+03
4.094914638472018087e-01 1.882566848822889824e+03
4.498432198782237879e-01 1.703123273200296580e+03
4.941712839853393824e-01 1.542414483638282036e+03
5.428674861028858212e-01 1.409934508918845495e+03
5.963622675339625978e-01 1.286365196189862672e+03
6.551284857587630350e-01 1.173886214459230587e+03
7.196855941730535555e-01 1.080267256853187064e+03
7.906042337028588163e-01 9.963905737903734234e+02
8.685112768820903995e-01 9.202398611050123236e+02
9.540953689793428838e-01 8.537529050241555524e+02
1.048113015153642191e+00 0.000000000000000000e+00
