1.048113066601954503e-02 1.505874510901602662e+04
1.151395323963562076e-02 0.000000000000000000e+00
1.264855132798976302e-02 1.560535333352248927e+04
1.389495400641860279e-02 4.876671261412416789e+04
1.526417862678452857e-02 3.550317903875171032e+04
1.676832820337198493e-02 0.000000000000000000e+00
1.842069839530119726e-02 3.268452010066477669e+04
2.023589503111089191e-02 3.075655325903456833e+04
2.222996321434766651e-02 3.317443218343898479e+04
2.442052915136719640e-02 2.941339916772118886e+04
2.682695595500901239e-02 2.808033620101483393e+04
2.947051480134291537e-02 3.017966493740388978e+04
3.237457295239669353e-02 2.987480984797790734e+04
3.556480030685772731e-02 2.904268892683726517e+04
3.906939630451649464e-02 2.538610749497811048e+04
4.291933919013282694e-02 2.289771699173277739e+04
4.714865984004791566e-02 2.099884558828628724e+04
5.179474257198286163e-02 2.040806325667136844e+04
5.689865559697841746e-02 1.996140419873933206e+04
6.250551403444545850e-02 2.037383788773397100e+04
6.866487869913283359e-02 1.815506180448271334e+04
7.543119418501802176e-02 1.630265584254284659e+04
8.286427011848424007e-02 1.542601985022049666e+04
9.102980983473445142e-02 1.286012593329685478e+04
9.999999115058272325e-02 1.147198480261569966e+04
1.098541043672585787e-01 9.987829397438936212e+03
1.206792531427361148e-01 9.201387993168606044e+03
1.325711244288214907e-01 8.557251585785103089e+03
1.456348342787200378e-01 7.644041546602577000e+03
1.599858570014452974e-01 6.514128089545933108e+03
1.757510458761641914e-01 5.921856242966743594e+03
1.930697544488981787e-01 5.290196388067469343e+03
2.120950683230800604e-01 4.728326431525897533e+03
2.329951583321586417e-01 4.174650396820861715e+03
2.559547670553742882e-01 3.750806354567118433e+03
2.811768418164965477e-01 3.374358801501902690e+03
3.088843286001189403e-01 3.027799058286783747e+03
3.393221427425128778e-01 2.750011035544527658e+03
3.727593338166072523e-01 2.493135029783217760e+03
4.094914638472018087e-01 2.257707445919520524e+03
4.498432198782237879e-01 2.074957505129780202e+03
4.941712839853393824e-01 1.907637788154483133e+03
5.428674861028858212e-01 1.750531149318689586e+03
5.963622675339625978e-01 1.618485497750321201e+03
6.551284857587630350e-01 1.507362529273741984e+03
7.196855941730535555e-01 1.400341020324794954e+03
7.906042337028588163e-01 1.307565406939776722e+03
8.685112768820903995e-01 1.225503142775644847e+03
9.540953689793428838e-01 1.153783417255936456e+03
1.048113015153642191e+00 0.000000000000000000e+00
