1.048113066601954503e-02 4.355126967892069370e+05
1.151395323963562076e-02 0.000000000000000000e+00
1.264855132798976302e-02 4.052435848434180953e+05
1.389495400641860279e-02 2.164497451390289061e+05
1.526417862678452857e-02 1.852083978056479828e+05
1.676832820337198493e-02 0.000000000000000000e+00
1.842069839530119726e-02 2.946947096130552818e+05
2.023589503111089191e-02 1.810685790464178426e+05
2.222996321434766651e-02 1.516084029721803090e+05
2.442052915136719640e-02 1.386982779217602219e+05
2.682695595500901239e-02 1.295344211016811314e+05
2.947051480134291537e-02 6.930150738945888588e+04
3.237457295239669353e-02 5.443105803412137902e+04
3.556480030685772731e-02 5.620408226825139718e+04
3.906939630451649464e-02 4.660033507853047195e+04
4.291933919013282694e-02 3.594757064816839556e+04
4.714865984004791566e-02 3.064602708727953723e+04
5.179474257198286163e-02 3.027847066851507407e+04
5.689865559697841746e-02 3.247917161175683214e+04
6.250551403444545850e-02 3.322080352788987511e+04
6.866487869913283359e-02 2.954376659644673418e+04
7.543119418501802176e-02 2.542739037908544560e+04
8.286427011848424007e-02 1.738106497538698750e+04
9.102980983473445142e-02 1.245312679910757106e+04
9.999999115058272325e-02 1.039613019912823620e+04
1.098541043672585787e-01 1.038809087496090433e+04
1.206792531427361148e-01 1.052789244339757715e+04
1.325711244288214907e-01 8.512172058842099432e+03
1.456348342787200378e-01 6.608313076470367378e+03
1.599858570014452974e-01 5.540387518880253083e+03
1.757510458761641914e-01 5.139787894943925494e+03
1.930697544488981787e-01 4.529633587093619099e+03
2.120950683230800604e-01 3.723603269742700377e+03
2.329951583321586417e-01 3.299878687799837735e+03
2.559547670553742882e-01 2.910048928792880361e+03
2.811768418164965477e-01 2.514568751594316836e+03
3.088843286001189403e-01 2.203919797391735301e+03
3.393221427425128778e-01 1.947527817783982528e+03
3.727593338166072523e-01 1.719073403361232295e+03
4.094914638472018087e-01 1.537516512108014012e+03
4.498432198782237879e-01 1.367080930575571074e+03
4.941712839853393824e-01 1.234777313849130451e+03
5.428674861028858212e-01 1.109349064472826058e+03
5.963622675339625978e-01 1.001114397458826716e+03
6.551284857587630350e-01 9.089222915514873193e+02
7.196855941730535555e-01 8.293955367291702032e+02
7.906042337028588163e-01 7.578012430878554824e+02
8.685112768820903995e-01 6.928654724214367207e+02
9.540953689793428838e-01 6.360360139599017657e+02
1.048113015153642191e+00 0.000000000000000000e+00
