1.048113066601954503e-02 1.835770582602772265e+04
1.151395323963562076e-02 0.000000000000000000e+00
1.264855132798976302e-02 6.127569357975761523e+04
1.389495400641860279e-02 4.698655865492064913e+04
1.526417862678452857e-02 3.187567193185761789e+04
1.676832820337198493e-02 0.000000000000000000e+00
1.842069839530119726e-02 4.411256830708821508e+04
2.023589503111089191e-02 5.286272658780134225e+04
2.222996321434766651e-02 6.324337486172655917e+04
2.442052915136719640e-02 6.676788400943488523e+04
2.682695595500901239e-02 3.084785830897130654e+04
2.947051480134291537e-02 3.890241927203368687e+04
3.237457295239669353e-02 5.137567449381468759e+04
3.556480030685772731e-02 4.603035684833537380e+04
3.906939630451649464e-02 4.002374442306645506e+04
4.291933919013282694e-02 3.730534180975933123e+04
4.714865984004791566e-02 3.467999483427218365e+04
5.179474257198286163e-02 3.212825770417810054e+04
5.689865559697841746e-02 2.944623871469799997e+04
6.250551403444545850e-02 2.671591077608462001e+04
6.866487869913283359e-02 2.564352520959601679e+04
7.543119418501802176e-02 2.379668115589842637e+04
8.286427011848424007e-02 2.299111779486594605e+04
9.102980983473445142e-02 1.918934009224528563e+04
9.999999115058272325e-02 1.708472743325547344e+04
1.098541043672585787e-01 1.484233101224301572e+04
1.206792531427361148e-01 1.334737566029146183e+04
1.325711244288214907e-01 1.218332620465124819e+04
1.456348342787200378e-01 1.123735153169722435e+04
1.599858570014452974e-01 9.829379254304176357e+03
1.757510458761641914e-01 8.740906980499868951e+03
1.930697544488981787e-01 8.039777999274451759e+03
2.120950683230800604e-01 7.306094938952055600e+03
2.329951583321586417e-01 6.598834519642186933e+03
2.559547670553742882e-01 6.042843098437232584e+03
2.811768418164965477e-01 5.460254759447087054e+03
3.088843286001189403e-01 5.048624154772493966e+03
3.393221427425128778e-01 4.635677717641208801e+03
3.727593338166072523e-01 4.262703639558775649e+03
4.094914638472018087e-01 3.982888612933695640e+03
4.498432198782237879e-01 3.720472551693944297e+03
4.941712839853393824e-01 3.461782978673792513e+03
5.428674861028858212e-01 3.245428259886250999e+03
5.963622675339625978e-01 3.038861460042096041e+03
6.551284857587630350e-01 2.852754024659875540e+03
7.196855941730535555e-01 2.671149186593521790e+03
7.906042337028588163e-01 2.507412054029594856e+03
8.685112768820903995e-01 2.344228312093732711e+03
9.540953689793428838e-01 2.188231380214569072e+03
1.048113015153642191e+00 0.000000000000000000e+00
