1.048113066601954503e-02 2.131139494745084085e+04
1.151395323963562076e-02 0.000000000000000000e+00
1.264855132798976302e-02 3.076158103040684364e+04
1.389495400641860279e-02 4.298335742442384799e+04
1.526417862678452857e-02 2.289564570354648458e+04
1.676832820337198493e-02 0.000000000000000000e+00
1.842069839530119726e-02 2.382679813942660257e+04
2.023589503111089191e-02 3.590941880664043128e+04
2.222996321434766651e-02 2.037963091732950488e+04
2.442052915136719640e-02 2.341317349972392549e+04
2.682695595500901239e-02 3.097384935119086731e+04
2.947051480134291537e-02 3.136501122841154574e+04
3.237457295239669353e-02 3.053782297837839724e+04
3.556480030685772731e-02 2.838693517273778343e+04
3.906939630451649464e-02 2.708897750240985988e+04
4.291933919013282694e-02 2.241848701520330360e+04
4.714865984004791566e-02 2.289839322838612134e+04
5.179474257198286163e-02 2.111072035305917598e+04
5.689865559697841746e-02 1.757013407064557032e+04
6.250551403444545850e-02 1.906444560852961149e+04
6.866487869913283359e-02 1.763213343736263414e+04
7.543119418501802176e-02 1.605276783914668522e+04
8.286427011848424007e-02 1.448111608741286182e+04
9.102980983473445142e-02 1.394482154760171034e+04
9.999999115058272325e-02 1.292670755897499657e+04
1.098541043672585787e-01 1.085984335857937185e+04
1.206792531427361148e-01 9.797104663311758486e+03
1.325711244288214907e-01 9.060650955560686270e+03
1.456348342787200378e-01 8.230468627210919294e+03
1.599858570014452974e-01 7.218326600024072832e+03
1.757510458761641914e-01 6.302244352951292967e+03
1.930697544488981787e-01 5.814393647213812073e+03
2.120950683230800604e-01 5.172213586484009284e+03
2.329951583321586417e-01 4.646342726560360461e+03
2.559547670553742882e-01 4.127986809632941913e+03
2.811768418164965477e-01 3.761767858443902242e+03
3.088843286001189403e-01 3.412997595840199210e+03
3.393221427425128778e-01 3.076757255723608978e+03
3.727593338166072523e-01 2.806604240236568785e+03
4.094914638472018087e-01 2.548429608602791632e+03
4.498432198782237879e-01 2.362095031851134081e+03
4.941712839853393824e-01 2.171931210867254322e+03
5.428674861028858212e-01 2.010863024615540326e+03
5.963622675339625978e-01 1.862255710149432616e+03
6.551284857587630350e-01 1.731928108364622403e+03
7.196855941730535555e-01 1.618556457097865859e+03
7.906042337028588163e-01 1.513362387071469811e+03
8.685112768820903995e-01 1.419171988385432542e+03
9.540953689793428838e-01 1.336581609179840598e+03
1.048113015153642191e+00 0.000000000000000000e+00
