1.048113066601954503e-02 1.061520463544637314e+05
1.151395323963562076e-02 0.000000000000000000e+00
1.264855132798976302e-02 9.337936861321056494e+04
1.389495400641860279e-02 1.145252515984816418e+05
1.526417862678452857e-02 8.986026595012274629e+04
1.676832820337198493e-02 0.000000000000000000e+00
1.842069839530119726e-02 1.383522467101687216e+05
2.023589503111089191e-02 1.575517514855149784e+05
2.222996321434766651e-02 1.127305679351945582e+05
2.442052915136719640e-02 1.278543027535276487e+05
2.682695595500901239e-02 1.528921891272442299e+05
2.947051480134291537e-02 1.303596120506109291e+05
3.237457295239669353e-02 1.294112330549102626e+05
3.556480030685772731e-02 1.247435085468461621e+05
3.906939630451649464e-02 1.062225156385068985e+05
4.291933919013282694e-02 1.039516502153975889e+05
4.714865984004791566e-02 9.171492959704584791e+04
5.179474257198286163e-02 8.055128239216344082e+04
5.689865559697841746e-02 7.637428501409353339e+04
6.250551403444545850e-02 7.252317525912547717e+04
6.866487869913283359e-02 6.807142060289889923e+04
7.543119418501802176e-02 6.696323100474569947e+04
8.286427011848424007e-02 6.396969922781619243e+04
9.102980983473445142e-02 5.513210867415018583e+04
9.999999115058272325e-02 4.821142339768193779e+04
1.098541043672585787e-01 4.193335726594015432e+04
1.206792531427361148e-01 3.827968583547380695e+04
1.325711244288214907e-01 3.551853951598991262e+04
1.456348342787200378e-01 3.187422719725550996e+04
1.599858570014452974e-01 2.945468300355982501e+04
1.757510458761641914e-01 2.611007451309019598e+04
1.930697544488981787e-01 2.375404128370627586e+04
2.120950683230800604e-01 2.168176589360887374e+04
2.329951583321586417e-01 1.984576088129619166e+04
2.559547670553742882e-01 1.803368091805640870e+04
2.811768418164965477e-01 1.680338378282368285e+04
3.088843286001189403e-01 1.541892832065528819e+04
3.393221427425128778e-01 1.445606263175646382e+04
3.727593338166072523e-01 1.343718388596646037e+04
4.094914638472018087e-01 1.255016492299990932e+04
4.498432198782237879e-01 1.182925320058773104e+04
4.941712839853393824e-01 1.116017538096013595e+04
5.428674861028858212e-01 1.057314078807793703e+04
5.963622675339625978e-01 1.001587614581784874e+04
6.551284857587630350e-01 9.503785762964409514e+03
7.196855941730535555e-01 9.005228559312090511e+03
7.906042337028588163e-01 8.558199939304882719e+03
8.685112768820903995e-01 8.079879531039136054e+03
9.540953689793428838e-01 7.643186330419899605e+03
1.048113015153642191e+00 0.000000000000000000e+00
