1.048113066601954503e-02 1.771633397405885989e+04
1.151395323963562076e-02 0.000000000000000000e+00
1.264855132798976302e-02 2.473382949069389360e+04
1.389495400641860279e-02 3.496515715271637600e+04
1.526417862678452857e-02 4.423062922403985431e+04
1.676832820337198493e-02 0.000000000000000000e+00
1.842069839530119726e-02 2.493039655154791035e+04
2.023589503111089191e-02 3.782565192013823253e+04
2.222996321434766651e-02 5.203171614869139012e+04
2.442052915136719640e-02 3.340826246658165473e+04
2.682695595500901239e-02 3.133570929353977772e+04
2.947051480134291537e-02 2.974421155311823532e+04
3.237457295239669353e-02 2.722134679436531587e+04
3.556480030685772731e-02 2.588958296415859149e+04
3.906939630451649464e-02 2.529036577522701191e+04
4.291933919013282694e-02 2.183367749604678102e+04
4.714865984004791566e-02 1.857632791547426677e+04
5.179474257198286163e-02 1.849986603675352308e+04
5.689865559697841746e-02 1.949877046250489002e+04
6.250551403444545850e-02 1.760078495235208538e+04
6.866487869913283359e-02 1.675795060232201649e+04
7.543119418501802176e-02 1.484580329738122418e+04
8.286427011848424007e-02 1.365689602849733274e+04
9.102980983473445142e-02 1.143048893727631730e+04
9.999999115058272325e-02 1.017105556032304776e+04
1.098541043672585787e-01 8.901023231598188431e+03
1.206792531427361148e-01 7.942274742624646024e+03
1.325711244288214907e-01 7.542384635616729611e+03
1.456348342787200378e-01 6.715762922917978358e+03
1.599858570014452974e-01 5.722424910797140001e+03
1.757510458761641914e-01 4.996806450932965163e+03
1.930697544488981787e-01 4.547389213747055692e+03
2.120950683230800604e-01 4.052843302571841832e+03
2.329951583321586417e-01 3.534526656048912628e+03
2.559547670553742882e-01 3.188052697004815855e+03
2.811768418164965477e-01 2.853099178752886928e+03
3.088843286001189403e-01 2.550245028856245881e+03
3.393221427425128778e-01 2.291374313491595331e+03
3.727593338166072523e-01 2.067422935261815383e+03
4.094914638472018087e-01 1.877896886237970875e+03
4.498432198782237879e-01 1.714403762237952606e+03
4.941712839853393824e-01 1.567879628783841554e+03
5.428674861028858212e-01 1.440297502873091162e+03
5.963622675339625978e-01 1.322181861447731535e+03
6.551284857587630350e-01 1.223446052311071071e+03
7.196855941730535555e-01 1.135411865552301379e+03
7.906042337028588163e-01 1.055568458791546618e+03
8.685112768820903995e-01 9.852635670249760551e+02
9.540953689793428838e-01 9.215892233481991980e+02
1.048113015153642191e+00 0.000000000000000000e+00
