1.048113066601954503e-02 6.462922986771634169e+04
1.151395323963562076e-02 0.000000000000000000e+00
1.264855132798976302e-02 2.696992106021137806e+04
1.389495400641860279e-02 3.880650995062774746e+04
1.526417862678452857e-02 4.668686108602324384e+04
1.676832820337198493e-02 0.000000000000000000e+00
1.842069839530119726e-02 6.057108003513675067e+04
2.023589503111089191e-02 6.565995236135454616e+04
2.222996321434766651e-02 7.350986506493572961e+04
2.442052915136719640e-02 8.761076301977490948e+04
2.682695595500901239e-02 8.301447275256359717e+04
2.947051480134291537e-02 7.215572601947157818e+04
3.237457295239669353e-02 6.917528928292935598e+04
3.556480030685772731e-02 6.599872368622984504e+04
3.906939630451649464e-02 6.137941462606108689e+04
4.291933919013282694e-02 5.955996544997475576e+04
4.714865984004791566e-02 5.443750814207943040e+04
5.179474257198286163e-02 5.529390953140726197e+04
5.689865559697841746e-02 5.378508359807317902e+04
6.250551403444545850e-02 5.654126731945997744e+04
6.866487869913283359e-02 4.844683616276844987e+04
7.543119418501802176e-02 4.534935850876889162e+04
8.286427011848424007e-02 4.142826608980426681e+04
9.102980983473445142e-02 3.820541605371303012e+04
9.999999115058272325e-02 3.454762876653546118e+04
1.098541043672585787e-01 3.182378387972060591e+04
1.206792531427361148e-01 2.827105755587127351e+04
1.325711244288214907e-01 2.626428682243479125e+04
1.456348342787200378e-01 2.473491255400181399e+04
1.599858570014452974e-01 2.240085328997991019e+04
1.757510458761641914e-01 1.999680498798828194e+04
1.930697544488981787e-01 1.859193923035605258e+04
2.120950683230800604e-01 1.714165594808216701e+04
2.329951583321586417e-01 1.561936109319635216e+04
2.559547670553742882e-01 1.437620928908420683e+04
2.811768418164965477e-01 1.341043064138735463e+04
3.088843286001189403e-01 1.233022534859828374e+04
3.393221427425128778e-01 1.154944353693927405e+04
3.727593338166072523e-01 1.079130514939039858e+04
4.094914638472018087e-01 1.018077611132691345e+04
4.498432198782237879e-01 9.586070572512695435e+03
4.941712839853393824e-01 9.048740256401630177e+03
5.428674861028858212e-01 8.596334450738977466e+03
5.963622675339625978e-01 8.169693871758330715e+03
6.551284857587630350e-01 7.795630171988670554e+03
7.196855941730535555e-01 7.417297710355405798e+03
7.906042337028588163e-01 7.063286694293510664e+03
8.685112768820903995e-01 6.720371546673199191e+03
9.540953689793428838e-01 6.381470547413741770e+03
1.048113015153642191e+00 0.000000000000000000e+00
