1.048113066601954503e-02 1.207351586749768321e+05
1.151395323963562076e-02 0.000000000000000000e+00
1.264855132798976302e-02 8.227912221310143650e+04
1.389495400641860279e-02 1.284753700600659358e+05
1.526417862678452857e-02 1.769649041125458898e+05
1.676832820337198493e-02 0.000000000000000000e+00
1.842069839530119726e-02 1.288023108473985048e+05
2.023589503111089191e-02 7.020901732338036527e+04
2.222996321434766651e-02 9.692355876979693130e+04
2.442052915136719640e-02 7.207816120776043681e+04
2.682695595500901239e-02 5.915904764838203846e+04
2.947051480134291537e-02 6.090084352905788546e+04
3.237457295239669353e-02 4.231167973267890920e+04
3.556480030685772731e-02 5.004076419251321204e+04
3.906939630451649464e-02 3.619072418958800699e+04
4.291933919013282694e-02 3.290304365638686431e+04
4.714865984004791566e-02 2.874254495783739185e+04
5.179474257198286163e-02 2.749383935715063853e+04
5.689865559697841746e-02 3.017818100592877090e+04
6.250551403444545850e-02 2.697790687465159499e+04
6.866487869913283359e-02 2.218558161790997474e+04
7.543119418501802176e-02 1.651232549071487301e+04
8.286427011848424007e-02 1.277137926558816071e+04
9.102980983473445142e-02 1.088265400928040799e+04
9.999999115058272325e-02 1.014710186078542210e+04
1.098541043672585787e-01 9.953245705180204823e+03
1.206792531427361148e-01 8.538878227283725209e+03
1.325711244288214907e-01 6.631566132101649600e+03
1.456348342787200378e-01 5.592874850706415600e+03
1.599858570014452974e-01 5.112533089285160713e+03
1.757510458761641914e-01 4.386465665706441541e+03
1.930697544488981787e-01 3.759674547887807421e+03
2.120950683230800604e-01 3.284481236726337102e+03
2.329951583321586417e-01 2.893479263055826323e+03
2.559547670553742882e-01 2.523073914379068356e+03
2.811768418164965477e-01 2.209854911407247073e+03
3.088843286001189403e-01 1.941571596988644160e+03
3.393221427425128778e-01 1.739604358892138407e+03
3.727593338166072523e-01 1.535411634435464975e+03
4.094914638472018087e-01 1.372665339592315149e+03
4.498432198782237879e-01 1.232373270922271558e+03
4.941712839853393824e-01 1.107856821836731797e+03
5.428674861028858212e-01 1.002124322113029280e+03
5.963622675339625978e-01 9.132268748857999299e+02
6.551284857587630350e-01 8.300320924736880670e+02
7.196855941730535555e-01 7.576359779770498335e+02
7.906042337028588163e-01 6.956741826023069279e+02
8.685112768820903995e-01 6.387067167193793011e+02
9.540953689793428838e-01 5.889678229199098496e+02
1.048113015153642191e+00 0.000000000000000000e+00
