1.048113066601954503e-02 6.108210486337373732e+05
1.151395323963562076e-02 0.000000000000000000e+00
1.264855132798976302e-02 7.893162037171369884e+05
1.389495400641860279e-02 1.586675451596895233e+06
1.526417862678452857e-02 6.171048768685305258e+05
1.676832820337198493e-02 0.000000000000000000e+00
1.842069839530119726e-02 6.301801530215800740e+05
2.023589503111089191e-02 7.321538118691248819e+05
2.222996321434766651e-02 4.447517685979886446e+05
2.442052915136719640e-02 5.835339505301762838e+05
2.682695595500901239e-02 2.607920203283567680e+05
2.947051480134291537e-02 2.292322953774034395e+05
3.237457295239669353e-02 1.913770020363573858e+05
3.556480030685772731e-02 1.457834491916480474e+05
3.906939630451649464e-02 1.397878213687401148e+05
4.291933919013282694e-02 1.315254633310518111e+05
4.714865984004791566e-02 1.332621624554749287e+05
5.179474257198286163e-02 1.473087968100118742e+05
5.689865559697841746e-02 1.293318028080425720e+05
6.250551403444545850e-02 9.664314722408472153e+04
6.866487869913283359e-02 7.410587759962680866e+04
7.543119418501802176e-02 5.006514151823976863e+04
8.286427011848424007e-02 4.182939993912899808e+04
9.102980983473445142e-02 4.248855566451622872e+04
9.999999115058272325e-02 4.266401528633845737e+04
1.098541043672585787e-01 3.566306824719982978e+04
1.206792531427361148e-01 2.651110203757959971e+04
1.325711244288214907e-01 2.275520768972355290e+04
1.456348342787200378e-01 2.103852123071412279e+04
1.599858570014452974e-01 1.785195166521942883e+04
1.757510458761641914e-01 1.513033634667073238e+04
1.930697544488981787e-01 1.353565576660855913e+04
2.120950683230800604e-01 1.183968236981243354e+04
2.329951583321586417e-01 1.013637424768394885e+04
2.559547670553742882e-01 9.056413469989336591e+03
2.811768418164965477e-01 7.942478621961827230e+03
3.088843286001189403e-01 7.038932404945328017e+03
3.393221427425128778e-01 6.288357051709700499e+03
3.727593338166072523e-01 5.571604320319818726e+03
4.094914638472018087e-01 4.960692155992735934e+03
4.498432198782237879e-01 4.485503788366357185e+03
4.941712839853393824e-01 4.080229492005325483e+03
5.428674861028858212e-01 3.698934409924122065e+03
5.963622675339625978e-01 3.373889277631526966e+03
6.551284857587630350e-01 3.089471091001254536e+03
7.196855941730535555e-01 2.841929838938985995e+03
7.906042337028588163e-01 2.604587594020388224e+03
8.685112768820903995e-01 2.402488793212729433e+03
9.540953689793428838e-01 2.206027546430374514e+03
1.048113015153642191e+00 0.000000000000000000e+00
