1.048113066601954503e-02 3.453752544521298114e+04
1.151395323963562076e-02 0.000000000000000000e+00
1.264855132798976302e-02 2.033401077724967763e+04
1.389495400641860279e-02 1.672048041732134152e+04
1.526417862678452857e-02 3.809013968210082385e+04
1.676832820337198493e-02 0.000000000000000000e+00
1.842069839530119726e-02 2.010720909730632047e+04
2.023589503111089191e-02 3.999373827570190770e+04
2.222996321434766651e-02 2.652280986966913770e+04
2.442052915136719640e-02 3.048148005861101410e+04
2.682695595500901239e-02 3.085389907499431138e+04
2.947051480134291537e-02 3.080111913939713122e+04
3.237457295239669353e-02 3.364540578934965015e+04
3.556480030685772731e-02 3.405077980924145231e+04
3.906939630451649464e-02 3.340806864289936493e+04
4.291933919013282694e-02 3.227709876424270624e+04
4.714865984004791566e-02 2.719399656180924649e+04
5.179474257198286163e-02 2.808650012380224871e+04
5.689865559697841746e-02 2.479592506724911800e+04
6.250551403444545850e-02 2.476260597425526066e+04
6.866487869913283359e-02 2.593728136630219524e+04
7.543119418501802176e-02 2.362149121972280773e+04
8.286427011848424007e-02 2.246853621276428385e+04
9.102980983473445142e-02 2.161170570898515871e+04
9.999999115058272325e-02 1.941008020348361970e+04
1.098541043672585787e-01 1.739181196532457398e+04
1.206792531427361148e-01 1.647000103024404234e+04
1.325711244288214907e-01 1.521054389844634352e+04
1.456348342787200378e-01 1.399690627647715883e+04
1.599858570014452974e-01 1.245112997243840982e+04
1.757510458761641914e-01 1.127692596771036369e+04
1.930697544488981787e-01 1.069389122035479159e+04
2.120950683230800604e-01 9.703762728308249280e+03
2.329951583321586417e-01 8.974452387436762365e+03
2.559547670553742882e-01 8.255668546051851081e+03
2.811768418164965477e-01 7.626035107488698486e+03
3.088843286001189403e-01 7.114009910466253132e+03
3.393221427425128778e-01 6.666669948276193281e+03
3.727593338166072523e-01 6.201432898853876395e+03
4.094914638472018087e-01 5.845403223149174664e+03
4.498432198782237879e-01 5.504054512878456990e+03
4.941712839853393824e-01 5.203561431493437340e+03
5.428674861028858212e-01 4.926302399629794309e+03
5.963622675339625978e-01 4.675886362884656592e+03
6.551284857587630350e-01 4.462673483026826034e+03
7.196855941730535555e-01 4.248099743194463372e+03
7.906042337028588163e-01 4.052036235391031369e+03
8.685112768820903995e-01 3.858579095531625171e+03
9.540953689793428838e-01 3.674239172813330697e+03
1.048113015153642191e+00 0.000000000000000000e+00
