1.048113066601954503e-02 6.726610633698772872e+05
1.151395323963562076e-02 0.000000000000000000e+00
1.264855132798976302e-02 1.210000850186897907e+06
1.389495400641860279e-02 5.689624787291937973e+05
1.526417862678452857e-02 9.153215126764927991e+05
1.676832820337198493e-02 0.000000000000000000e+00
1.842069839530119726e-02 6.995006285564257996e+05
2.023589503111089191e-02 4.388456046972825425e+05
2.222996321434766651e-02 3.800319454094584216e+05
2.442052915136719640e-02 4.453530557634364231e+05
2.682695595500901239e-02 2.509503758043341222e+05
2.947051480134291537e-02 2.019979832526250975e+05
3.237457295239669353e-02 1.554140225088811712e+05
3.556480030685772731e-02 1.227576863014761329e+05
3.906939630451649464e-02 1.053051208399531170e+05
4.291933919013282694e-02 9.392170021437734249e+04
4.714865984004791566e-02 8.938679023962150677e+04
5.179474257198286163e-02 8.604086269074285519e+04
5.689865559697841746e-02 9.309237285740944208e+04
6.250551403444545850e-02 8.209878845056476712e+04
6.866487869913283359e-02 7.225377219084861281e+04
7.543119418501802176e-02 5.474898131355806254e+04
8.286427011848424007e-02 3.863727926522328926e+04
9.102980983473445142e-02 3.157893127314052981e+04
9.999999115058272325e-02 3.084559683659859365e+04
1.098541043672585787e-01 3.070341637164930580e+04
1.206792531427361148e-01 2.554005407106045095e+04
1.325711244288214907e-01 2.015523730391280696e+04
1.456348342787200378e-01 1.765206338838453303e+04
1.599858570014452974e-01 1.600624031254876536e+04
1.757510458761641914e-01 1.379065141934780149e+04
1.930697544488981787e-01 1.198278339289856376e+04
2.120950683230800604e-01 1.077131313997884718e+04
2.329951583321586417e-01 9.341390263090166627e+03
2.559547670553742882e-01 8.302300361013445581e+03
2.811768418164965477e-01 7.437711328200490243e+03
3.088843286001189403e-01 6.607134612706996450e+03
3.393221427425128778e-01 5.949323759588909525e+03
3.727593338166072523e-01 5.352608099396242324e+03
4.094914638472018087e-01 4.838926538043826440e+03
4.498432198782237879e-01 4.419167275158312805e+03
4.941712839853393824e-01 4.037415527798739276e+03
5.428674861028858212e-01 3.700360817081329969e+03
5.963622675339625978e-01 3.401212364504879588e+03
6.551284857587630350e-01 3.129085933321387529e+03
7.196855941730535555e-01 2.881596578751357811e+03
7.906042337028588163e-01 2.655336752367876215e+03
8.685112768820903995e-01 2.447082077778097300e+03
9.540953689793428838e-01 2.264524435245866698e+03
1.048113015153642191e+00 0.000000000000000000e+00
