1.048113066601954503e-02 2.850815697433407695e+04
1.151395323963562076e-02 0.000000000000000000e+00
1.264855132798976302e-02 4.551145002025416034e+04
1.389495400641860279e-02 1.337219871875357640e+05
1.526417862678452857e-02 8.843687898919581494e+04
1.676832820337198493e-02 0.000000000000000000e+00
1.842069839530119726e-02 6.535591803806125972e+04
2.023589503111089191e-02 1.229362449132654292e+05
2.222996321434766651e-02 7.250805104506638600e+04
2.442052915136719640e-02 6.504333122692651523e+04
2.682695595500901239e-02 6.690516197219728201e+04
2.947051480134291537e-02 4.750210711270213505e+04
3.237457295239669353e-02 4.022024142666173429e+04
3.556480030685772731e-02 3.098961533747700014e+04
3.906939630451649464e-02 2.844145405327453045e+04
4.291933919013282694e-02 2.431349415490074171e+04
4.714865984004791566e-02 2.442564530460675087e+04
5.179474257198286163e-02 2.545157809580101457e+04
5.689865559697841746e-02 2.455038068616891542e+04
6.250551403444545850e-02 2.645037342284312399e+04
6.866487869913283359e-02 2.261125720217194248e+04
7.543119418501802176e-02 1.822188220211200314e+04
8.286427011848424007e-02 1.326971311604742004e+04
9.102980983473445142e-02 1.039932560843982537e+04
9.999999115058272325e-02 9.175199825652023719e+03
1.098541043672585787e-01 9.672297343916907266e+03
1.206792531427361148e-01 8.950542762154571392e+03
1.325711244288214907e-01 7.328779931835565549e+03
1.456348342787200378e-01 5.722454475379337964e+03
1.599858570014452974e-01 5.054019199041856155e+03
1.757510458761641914e-01 4.741436423978473613e+03
1.930697544488981787e-01 4.106240344528419882e+03
2.120950683230800604e-01 3.496953776421388284e+03
2.329951583321586417e-01 3.122973026655367448e+03
2.559547670553742882e-01 2.726861196715057304e+03
2.811768418164965477e-01 2.391702934354469562e+03
3.088843286001189403e-01 2.145422749088944329e+03
3.393221427425128778e-01 1.902866574364379403e+03
3.727593338166072523e-01 1.704152142527459091e+03
4.094914638472018087e-01 1.522616003742458133e+03
4.498432198782237879e-01 1.377771578004792445e+03
4.941712839853393824e-01 1.251423791300434004e+03
5.428674861028858212e-01 1.133340853157884112e+03
5.963622675339625978e-01 1.035945397185601678e+03
6.551284857587630350e-01 9.465794428892805854e+02
7.196855941730535555e-01 8.709827704703160407e+02
7.906042337028588163e-01 8.041133520160517492e+02
8.685112768820903995e-01 7.440124026645160029e+02
9.540953689793428838e-01 6.894065423609654317e+02
1.048113015153642191e+00 0.000000000000000000e+00
