1.048113066601954503e-02 1.150554614456143026e+05
1.151395323963562076e-02 0.000000000000000000e+00
1.264855132798976302e-02 1.815119405743863608e+05
1.389495400641860279e-02 1.632000740676121786e+05
1.526417862678452857e-02 2.138522533010419284e+05
1.676832820337198493e-02 0.000000000000000000e+00
1.842069839530119726e-02 1.510873557697449287e+05
2.023589503111089191e-02 1.352560739055317244e+05
2.222996321434766651e-02 1.174366277939054562e+05
2.442052915136719640e-02 9.950682834789821936e+04
2.682695595500901239e-02 1.478013426974996401e+05
2.947051480134291537e-02 1.390190441215328174e+05
3.237457295239669353e-02 1.064305771901625849e+05
3.556480030685772731e-02 1.016036077487552684e+05
3.906939630451649464e-02 8.056622571843853802e+04
4.291933919013282694e-02 6.913799767825509480e+04
4.714865984004791566e-02 6.447546416557634075e+04
5.179474257198286163e-02 5.587659519008960342e+04
5.689865559697841746e-02 5.025220963664956798e+04
6.250551403444545850e-02 4.797432336101858527e+04
6.866487869913283359e-02 4.500150404112365504e+04
7.543119418501802176e-02 3.853018856255112769e+04
8.286427011848424007e-02 3.530904277511699911e+04
9.102980983473445142e-02 3.167275063009450969e+04
9.999999115058272325e-02 2.587032441108249259e+04
1.098541043672585787e-01 2.193234971530923940e+04
1.206792531427361148e-01 1.870587375431429609e+04
1.325711244288214907e-01 1.712351129789190963e+04
1.456348342787200378e-01 1.558247299392511923e+04
1.599858570014452974e-01 1.354953149956973721e+04
1.757510458761641914e-01 1.144105468492991349e+04
1.930697544488981787e-01 1.023826427514872557e+04
2.120950683230800604e-01 8.972660867845115718e+03
2.329951583321586417e-01 7.964198169482138837e+03
2.559547670553742882e-01 7.030356600436976805e+03
2.811768418164965477e-01 6.209413383345088732e+03
3.088843286001189403e-01 5.603654255108274810e+03
3.393221427425128778e-01 5.036967883474466362e+03
3.727593338166072523e-01 4.516422830240012445e+03
4.094914638472018087e-01 4.103149943939921286e+03
4.498432198782237879e-01 3.714138497324669061e+03
4.941712839853393824e-01 3.387747758480116318e+03
5.428674861028858212e-01 3.103451720292116534e+03
5.963622675339625978e-01 2.847919165659629016e+03
6.551284857587630350e-01 2.626034775658091803e+03
7.196855941730535555e-01 2.431819229582576554e+03
7.906042337028588163e-01 2.247282623320023959e+03
8.685112768820903995e-01 2.084105142773291846e+03
9.540953689793428838e-01 1.934504460101360110e+03
1.048113015153642191e+00 0.000000000000000000e+00
