1.048113066601954503e-02 2.819645401131269173e+05
1.151395323963562076e-02 0.000000000000000000e+00
1.264855132798976302e-02 1.137985901414650434e+05
1.389495400641860279e-02 1.694115426035925921e+05
1.526417862678452857e-02 1.802071557457846939e+05
1.676832820337198493e-02 0.000000000000000000e+00
1.842069839530119726e-02 2.442228332706192741e+05
2.023589503111089191e-02 1.006661724326141994e+05
2.222996321434766651e-02 1.801887508934596844e+05
2.442052915136719640e-02 1.238471632140179718e+05
2.682695595500901239e-02 1.170122539681437484e+05
2.947051480134291537e-02 8.915245071705884766e+04
3.237457295239669353e-02 7.360963396880241635e+04
3.556480030685772731e-02 5.805363875649281545e+04
3.906939630451649464e-02 5.858259674360539793e+04
4.291933919013282694e-02 4.666425661218513414e+04
4.714865984004791566e-02 5.098037206282922125e+04
5.179474257198286163e-02 4.788506145166136412e+04
5.689865559697841746e-02 5.151834841287796735e+04
6.250551403444545850e-02 3.874236977629087050e+04
6.866487869913283359e-02 3.342951348483409674e+04
7.543119418501802176e-02 2.687261318776585540e+04
8.286427011848424007e-02 2.071206390992777597e+04
9.102980983473445142e-02 1.939199978502429440e+04
9.999999115058272325e-02 1.952015764302220487e+04
1.098541043672585787e-01 1.794713162564311278e+04
1.206792531427361148e-01 1.443026421699894490e+04
1.325711244288214907e-01 1.178731814383865640e+04
1.456348342787200378e-01 1.072968572409939043e+04
1.599858570014452974e-01 9.899585735194505105e+03
1.757510458761641914e-01 8.350995349174820149e+03
1.930697544488981787e-01 7.318186594129305377e+03
2.120950683230800604e-01 6.509465063410397306e+03
2.329951583321586417e-01 5.765864794292340775e+03
2.559547670553742882e-01 5.128902940092226345e+03
2.811768418164965477e-01 4.606440262910696219e+03
3.088843286001189403e-01 4.108758094227549918e+03
3.393221427425128778e-01 3.690869644554210026e+03
3.727593338166072523e-01 3.321599296376989514e+03
4.094914638472018087e-01 3.020455898053983219e+03
4.498432198782237879e-01 2.760566113312066591e+03
4.941712839853393824e-01 2.513949592581464458e+03
5.428674861028858212e-01 2.317644613986883087e+03
5.963622675339625978e-01 2.138793811866799842e+03
6.551284857587630350e-01 1.983611777354855349e+03
7.196855941730535555e-01 1.832633516506615251e+03
7.906042337028588163e-01 1.705569606204546744e+03
8.685112768820903995e-01 1.592443283129024167e+03
9.540953689793428838e-01 1.490714233320123640e+03
1.048113015153642191e+00 0.000000000000000000e+00
