1.048113066601954503e-02 1.340451504426612752e+06
1.151395323963562076e-02 0.000000000000000000e+00
1.264855132798976302e-02 1.609945082493300550e+06
1.389495400641860279e-02 1.348395835273558041e+06
1.526417862678452857e-02 7.368960918587802444e+05
1.676832820337198493e-02 0.000000000000000000e+00
1.842069839530119726e-02 8.558074336583908880e+05
2.023589503111089191e-02 9.613910170911974274e+05
2.222996321434766651e-02 7.624924457718835911e+05
2.442052915136719640e-02 4.231449326376851532e+05
2.682695595500901239e-02 5.177870461321829353e+05
2.947051480134291537e-02 4.687090114780090516e+05
3.237457295239669353e-02 3.036087145650263410e+05
3.556480030685772731e-02 2.788056457774090231e+05
3.906939630451649464e-02 1.824792578624367889e+05
4.291933919013282694e-02 1.972249638361198013e+05
4.714865984004791566e-02 1.622529551753422711e+05
5.179474257198286163e-02 1.586394019447753672e+05
5.689865559697841746e-02 1.648830804971017642e+05
6.250551403444545850e-02 1.502805248094464187e+05
6.866487869913283359e-02 1.380983501650686667e+05
7.543119418501802176e-02 1.138766818590737967e+05
8.286427011848424007e-02 9.275175581619131844e+04
9.102980983473445142e-02 7.456726224626004114e+04
9.999999115058272325e-02 6.378036422405380290e+04
1.098541043672585787e-01 6.265473251967082615e+04
1.206792531427361148e-01 5.557508613015201990e+04
1.325711244288214907e-01 4.829539102929825458e+04
1.456348342787200378e-01 4.288750427226556349e+04
1.599858570014452974e-01 3.875722067721858184e+04
1.757510458761641914e-01 3.502810903115400288e+04
1.930697544488981787e-01 3.114729144237219589e+04
2.120950683230800604e-01 2.846123111107957811e+04
2.329951583321586417e-01 2.573221014712127362e+04
2.559547670553742882e-01 2.343570978431813273e+04
2.811768418164965477e-01 2.169709532077505719e+04
3.088843286001189403e-01 1.996440231708213105e+04
3.393221427425128778e-01 1.846808470958643738e+04
3.727593338166072523e-01 1.709699512046982636e+04
4.094914638472018087e-01 1.577328864593907929e+04
4.498432198782237879e-01 1.478813868096925398e+04
4.941712839853393824e-01 1.371531122962073459e+04
5.428674861028858212e-01 1.283367488402947674e+04
5.963622675339625978e-01 1.194360192733357326e+04
6.551284857587630350e-01 1.110684873195375076e+04
7.196855941730535555e-01 1.032534534913441894e+04
7.906042337028588163e-01 9.507358276650973494e+03
8.685112768820903995e-01 8.756726141842425932e+03
9.540953689793428838e-01 8.035093319002952740e+03
1.048113015153642191e+00 0.000000000000000000e+00
