1.048113066601954503e-02 1.749195504322684064e+04
1.151395323963562076e-02 0.000000000000000000e+00
1.264855132798976302e-02 7.761938282948951382e+03
1.389495400641860279e-02 2.734637540739395627e+04
1.526417862678452857e-02 1.940886282504631527e+04
1.676832820337198493e-02 0.000000000000000000e+00
1.842069839530119726e-02 3.056938178430624248e+04
2.023589503111089191e-02 3.193871081705694087e+04
2.222996321434766651e-02 1.656745227964267542e+04
2.442052915136719640e-02 2.746532381166635605e+04
2.682695595500901239e-02 2.586512873086188119e+04
2.947051480134291537e-02 1.991809415188732237e+04
3.237457295239669353e-02 2.239329136828138871e+04
3.556480030685772731e-02 1.834008319220746853e+04
3.906939630451649464e-02 1.544359685023244856e+04
4.291933919013282694e-02 1.598125302907494188e+04
4.714865984004791566e-02 1.539783684053336583e+04
5.179474257198286163e-02 1.582999829488106479e+04
5.689865559697841746e-02 1.677938029496659874e+04
6.250551403444545850e-02 1.573759432383275634e+04
6.866487869913283359e-02 1.359303976421886910e+04
7.543119418501802176e-02 1.272810255416487962e+04
8.286427011848424007e-02 1.175403631131450675e+04
9.102980983473445142e-02 1.017076269659718855e+04
9.999999115058272325e-02 9.224533490801419248e+03
1.098541043672585787e-01 8.323611706650386623e+03
1.206792531427361148e-01 7.330858818023416461e+03
1.325711244288214907e-01 6.779348398313904909e+03
1.456348342787200378e-01 6.245493941090983753e+03
1.599858570014452974e-01 5.488567154839770410e+03
1.757510458761641914e-01 4.822888968613988254e+03
1.930697544488981787e-01 4.444217843681513841e+03
2.120950683230800604e-01 3.971037088674140250e+03
2.329951583321586417e-01 3.547980917585704447e+03
2.559547670553742882e-01 3.187042629691527964e+03
2.811768418164965477e-01 2.894067075587056024e+03
3.088843286001189403e-01 2.601931538508468293e+03
3.393221427425128778e-01 2.378905117595206775e+03
3.727593338166072523e-01 2.154443771552510043e+03
4.094914638472018087e-01 1.968180380714215971e+03
4.498432198782237879e-01 1.817387265726543774e+03
4.941712839853393824e-01 1.679833466301595763e+03
5.428674861028858212e-01 1.549332717743502599e+03
5.963622675339625978e-01 1.435248124742858636e+03
6.551284857587630350e-01 1.338093428052563240e+03
7.196855941730535555e-01 1.251583447636768142e+03
7.906042337028588163e-01 1.169852266844708993e+03
8.685112768820903995e-01 1.096019344342267004e+03
9.540953689793428838e-01 1.029558628920702404e+03
1.048113015153642191e+00 0.000000000000000000e+00
