1.048113066601954503e-02 1.148282116178759607e+05
1.151395323963562076e-02 0.000000000000000000e+00
1.264855132798976302e-02 3.098278507697407040e+05
1.389495400641860279e-02 3.143902949863336980e+05
1.526417862678452857e-02 1.682692086932210950e+05
1.676832820337198493e-02 0.000000000000000000e+00
1.842069839530119726e-02 2.101955812211229058e+05
2.023589503111089191e-02 1.397648884962428128e+05
2.222996321434766651e-02 1.682430306017861585e+05
2.442052915136719640e-02 1.359358847714306321e+05
2.682695595500901239e-02 1.241144188862742740e+05
2.947051480134291537e-02 1.515984821231773531e+05
3.237457295239669353e-02 8.374956868034694344e+04
3.556480030685772731e-02 7.345935485608060844e+04
3.906939630451649464e-02 7.030465603528908105e+04
4.291933919013282694e-02 6.675833346130012069e+04
4.714865984004791566e-02 6.748795658484536398e+04
5.179474257198286163e-02 5.259842659333381744e+04
5.689865559697841746e-02 5.652358371566982532e+04
6.250551403444545850e-02 5.635720552435638820e+04
6.866487869913283359e-02 5.016449186434719741e+04
7.543119418501802176e-02 4.025511554624397832e+04
8.286427011848424007e-02 3.023626604361777208e+04
9.102980983473445142e-02 2.638107738515913661e+04
9.999999115058272325e-02 2.375756728452064999e+04
1.098541043672585787e-01 2.311788770829908390e+04
1.206792531427361148e-01 2.094157960964591621e+04
1.325711244288214907e-01 1.727097068394902089e+04
1.456348342787200378e-01 1.500853448283463513e+04
1.599858570014452974e-01 1.373359428114851107e+04
1.757510458761641914e-01 1.242026288834238767e+04
1.930697544488981787e-01 1.086239137568416663e+04
2.120950683230800604e-01 9.797467959201594567e+03
2.329951583321586417e-01 8.801647051671257941e+03
2.559547670553742882e-01 8.002064474589031306e+03
2.811768418164965477e-01 7.211893866249220991e+03
3.088843286001189403e-01 6.555432205934361264e+03
3.393221427425128778e-01 6.098969185717716755e+03
3.727593338166072523e-01 5.554119864302462702e+03
4.094914638472018087e-01 5.130243954596817275e+03
4.498432198782237879e-01 4.765364182807175894e+03
4.941712839853393824e-01 4.442313024718042470e+03
5.428674861028858212e-01 4.138037831084128811e+03
5.963622675339625978e-01 3.861589614896166495e+03
6.551284857587630350e-01 3.619448029576908084e+03
7.196855941730535555e-01 3.388761233626305511e+03
7.906042337028588163e-01 3.177254400632249599e+03
8.685112768820903995e-01 2.980624756903930574e+03
9.540953689793428838e-01 2.800740390121510245e+03
1.048113015153642191e+00 0.000000000000000000e+00
