1.048113066601954503e-02 2.989336184390902054e+04
1.151395323963562076e-02 0.000000000000000000e+00
1.264855132798976302e-02 4.319568602464215655e+04
1.389495400641860279e-02 6.029113815059314948e+04
1.526417862678452857e-02 3.212920472162232181e+04
1.676832820337198493e-02 0.000000000000000000e+00
1.842069839530119726e-02 3.343319889651161066e+04
2.023589503111089191e-02 5.038767883644930407e+04
2.222996321434766651e-02 2.859835009451478254e+04
2.442052915136719640e-02 3.287042202577954595e+04
2.682695595500901239e-02 4.346983268134030368e+04
2.947051480134291537e-02 4.404255182597439853e+04
3.237457295239669353e-02 4.288299389008454455e+04
3.556480030685772731e-02 3.984720084448978741e+04
3.906939630451649464e-02 3.805783445393137663e+04
4.291933919013282694e-02 3.152438039116964137e+04
4.714865984004791566e-02 3.219033892643526633e+04
5.179474257198286163e-02 2.970022500701471290e+04
5.689865559697841746e-02 2.472997402189097193e+04
6.250551403444545850e-02 2.684578449538692803e+04
6.866487869913283359e-02 2.484309489748350461e+04
7.543119418501802176e-02 2.262551708170925849e+04
8.286427011848424007e-02 2.043685357018673312e+04
9.102980983473445142e-02 1.969619325031236076e+04
9.999999115058272325e-02 1.828203425101480752e+04
1.098541043672585787e-01 1.537783754871247584e+04
1.206792531427361148e-01 1.389042097918735817e+04
1.325711244288214907e-01 1.286739346148919321e+04
1.456348342787200378e-01 1.170620914168886884e+04
1.599858570014452974e-01 1.029010087069250949e+04
1.757510458761641914e-01 9.006155770966950513e+03
1.930697544488981787e-01 8.327629196244222840e+03
2.120950683230800604e-01 7.425677769347925278e+03
2.329951583321586417e-01 6.690059548107876253e+03
2.559547670553742882e-01 5.961621606600469931e+03
2.811768418164965477e-01 5.449701629184405647e+03
3.088843286001189403e-01 4.960551526462920265e+03
3.393221427425128778e-01 4.487880687448507160e+03
3.727593338166072523e-01 4.108084214083302868e+03
4.094914638472018087e-01 3.743610637270705411e+03
4.498432198782237879e-01 3.482582649646677055e+03
4.941712839853393824e-01 3.213894411469582337e+03
5.428674861028858212e-01 2.986688608948222281e+03
5.963622675339625978e-01 2.776263918415907938e+03
6.551284857587630350e-01 2.591639646299585820e+03
7.196855941730535555e-01 2.431082145168109037e+03
7.906042337028588163e-01 2.281717495853583387e+03
8.685112768820903995e-01 2.147855967611200867e+03
9.540953689793428838e-01 2.030618954629882182e+03
1.048113015153642191e+00 0.000000000000000000e+00
