1.048113066601954503e-02 2.767137970561621842e+04
1.151395323963562076e-02 0.000000000000000000e+00
1.264855132798976302e-02 1.153666637311870909e+04
1.389495400641860279e-02 1.662322052909825652e+04
1.526417862678452857e-02 1.996287655427172649e+04
1.676832820337198493e-02 0.000000000000000000e+00
1.842069839530119726e-02 2.586406805793874082e+04
2.023589503111089191e-02 2.816248283199746948e+04
2.222996321434766651e-02 3.146788715036475332e+04
2.442052915136719640e-02 3.740767053697899246e+04
2.682695595500901239e-02 3.545261402455215284e+04
2.947051480134291537e-02 3.076568093027725990e+04
3.237457295239669353e-02 2.946784285609312064e+04
3.556480030685772731e-02 2.813747227158048554e+04
3.906939630451649464e-02 2.610155307840269961e+04
4.291933919013282694e-02 2.527807414592437999e+04
4.714865984004791566e-02 2.306296137432474643e+04
5.179474257198286163e-02 2.341772024488175157e+04
5.689865559697841746e-02 2.271511656532416237e+04
6.250551403444545850e-02 2.386365351419609215e+04
6.866487869913283359e-02 2.039552124632570485e+04
7.543119418501802176e-02 1.903059046804394529e+04
8.286427011848424007e-02 1.732528313354561396e+04
9.102980983473445142e-02 1.593636269693084250e+04
9.999999115058272325e-02 1.433420195756061366e+04
1.098541043672585787e-01 1.311091577934985435e+04
1.206792531427361148e-01 1.158397785068135090e+04
1.325711244288214907e-01 1.070258049837765793e+04
1.456348342787200378e-01 1.001554354120178868e+04
1.599858570014452974e-01 8.989927574422030375e+03
1.757510458761641914e-01 7.961705223994188600e+03
1.930697544488981787e-01 7.334090466926974841e+03
2.120950683230800604e-01 6.702982117938738156e+03
2.329951583321586417e-01 6.045894978193135103e+03
2.559547670553742882e-01 5.509465483077122371e+03
2.811768418164965477e-01 5.083890297938055483e+03
3.088843286001189403e-01 4.627688063072840123e+03
3.393221427425128778e-01 4.288578181736060287e+03
3.727593338166072523e-01 3.964299080901560501e+03
4.094914638472018087e-01 3.698466428926465142e+03
4.498432198782237879e-01 3.444234472181700767e+03
4.941712839853393824e-01 3.216041046559510960e+03
5.428674861028858212e-01 3.021250794977935129e+03
5.963622675339625978e-01 2.840673096185090344e+03
6.551284857587630350e-01 2.680334713500900307e+03
7.196855941730535555e-01 2.521722236767729555e+03
7.906042337028588163e-01 2.374559231090858702e+03
8.685112768820903995e-01 2.233445869910211059e+03
9.540953689793428838e-01 2.096202836852290147e+03
1.048113015153642191e+00 0.000000000000000000e+00
