1.048113066601954503e-02 4.539117786301206797e+04
1.151395323963562076e-02 0.000000000000000000e+00
1.264855132798976302e-02 3.767328034462824871e+04
1.389495400641860279e-02 3.259261577208048766e+04
1.526417862678452857e-02 3.821061004808366124e+04
1.676832820337198493e-02 0.000000000000000000e+00
1.842069839530119726e-02 4.321469797287296387e+04
2.023589503111089191e-02 3.845627740632536006e+04
2.222996321434766651e-02 4.413402001514496806e+04
2.442052915136719640e-02 6.269684411928981717e+04
2.682695595500901239e-02 4.663636475216084364e+04
2.947051480134291537e-02 3.941302355946359603e+04
3.237457295239669353e-02 5.466437765748381207e+04
3.556480030685772731e-02 4.321494610486014426e+04
3.906939630451649464e-02 4.964758398331959324e+04
4.291933919013282694e-02 4.906490120048273093e+04
4.714865984004791566e-02 4.038276624881692987e+04
5.179474257198286163e-02 3.708654307993265684e+04
5.689865559697841746e-02 3.832631512229102373e+04
6.250551403444545850e-02 3.867330477018533566e+04
6.866487869913283359e-02 3.929773534165055025e+04
7.543119418501802176e-02 3.668307693006242334e+04
8.286427011848424007e-02 3.288859605173042655e+04
9.102980983473445142e-02 3.125916935177802952e+04
9.999999115058272325e-02 2.902756693574643941e+04
1.098541043672585787e-01 2.508811191617901932e+04
1.206792531427361148e-01 2.364482582407077280e+04
1.325711244288214907e-01 2.201337213754287222e+04
1.456348342787200378e-01 2.070615368813345049e+04
1.599858570014452974e-01 1.892440767636713281e+04
1.757510458761641914e-01 1.661117850053494476e+04
1.930697544488981787e-01 1.554560189056755917e+04
2.120950683230800604e-01 1.436357087162260177e+04
2.329951583321586417e-01 1.311894080502202996e+04
2.559547670553742882e-01 1.200648686673922566e+04
2.811768418164965477e-01 1.111823696957116044e+04
3.088843286001189403e-01 1.037995402890555124e+04
3.393221427425128778e-01 9.610941833949385909e+03
3.727593338166072523e-01 8.966890152317750108e+03
4.094914638472018087e-01 8.433657538313573241e+03
4.498432198782237879e-01 7.950832396653479009e+03
4.941712839853393824e-01 7.543351615797406339e+03
5.428674861028858212e-01 7.157745953979057958e+03
5.963622675339625978e-01 6.787211278627943102e+03
6.551284857587630350e-01 6.490429787643904092e+03
7.196855941730535555e-01 6.193922223670549101e+03
7.906042337028588163e-01 5.932593155723294331e+03
8.685112768820903995e-01 5.688733851969772331e+03
9.540953689793428838e-01 5.454402605642068011e+03
1.048113015153642191e+00 0.000000000000000000e+00
