1.048113066601954503e-02 5.385452059269337042e+04
1.151395323963562076e-02 0.000000000000000000e+00
1.264855132798976302e-02 4.780483413734932401e+04
1.389495400641860279e-02 5.467822651221662818e+04
1.526417862678452857e-02 5.908252246401068260e+04
1.676832820337198493e-02 0.000000000000000000e+00
1.842069839530119726e-02 4.754685296004635165e+04
2.023589503111089191e-02 4.920887517656575801e+04
2.222996321434766651e-02 6.385850471084177843e+04
2.442052915136719640e-02 3.700351006142164260e+04
2.682695595500901239e-02 3.990624707555144414e+04
2.947051480134291537e-02 4.732160882707073324e+04
3.237457295239669353e-02 3.754893461833053152e+04
3.556480030685772731e-02 3.523457732841763936e+04
3.906939630451649464e-02 3.442146582609700272e+04
4.291933919013282694e-02 3.080039344336796785e+04
4.714865984004791566e-02 2.794062047501929555e+04
5.179474257198286163e-02 2.798440688663313631e+04
5.689865559697841746e-02 2.513809864150708745e+04
6.250551403444545850e-02 2.547162474824664969e+04
6.866487869913283359e-02 2.504611841289762378e+04
7.543119418501802176e-02 2.219633281759834790e+04
8.286427011848424007e-02 2.026457462785517055e+04
9.102980983473445142e-02 1.709685257930534499e+04
9.999999115058272325e-02 1.428878469836986551e+04
1.098541043672585787e-01 1.338775249327860729e+04
1.206792531427361148e-01 1.255970212110600914e+04
1.325711244288214907e-01 1.099086679888621802e+04
1.456348342787200378e-01 9.994962642178721580e+03
1.599858570014452974e-01 8.514453329528672839e+03
1.757510458761641914e-01 7.753466328425347456e+03
1.930697544488981787e-01 7.113984823314849564e+03
2.120950683230800604e-01 6.282469581339692013e+03
2.329951583321586417e-01 5.608560682018691296e+03
2.559547670553742882e-01 5.119381757398436093e+03
2.811768418164965477e-01 4.591107074789855687e+03
3.088843286001189403e-01 4.159058197273346195e+03
3.393221427425128778e-01 3.807710257994586755e+03
3.727593338166072523e-01 3.466497283972848891e+03
4.094914638472018087e-01 3.190940149782771641e+03
4.498432198782237879e-01 2.936258530719294413e+03
4.941712839853393824e-01 2.706525624082712966e+03
5.428674861028858212e-01 2.515672818431733958e+03
5.963622675339625978e-01 2.347379181626187346e+03
6.551284857587630350e-01 2.191298536911537212e+03
7.196855941730535555e-01 2.052351439674949233e+03
7.906042337028588163e-01 1.930492852994608256e+03
8.685112768820903995e-01 1.819814578335733131e+03
9.540953689793428838e-01 1.721460364241703701e+03
1.048113015153642191e+00 0.000000000000000000e+00
