1.048113066601954503e-02 6.500546556565741048e+04
1.151395323963562076e-02 0.000000000000000000e+00
1.264855132798976302e-02 2.824528996205728617e+05
1.389495400641860279e-02 1.410277007631046581e+05
1.526417862678452857e-02 4.911374762272412772e+04
1.676832820337198493e-02 0.000000000000000000e+00
1.842069839530119726e-02 8.186362511621894373e+04
2.023589503111089191e-02 9.017100357144161535e+04
2.222996321434766651e-02 1.214218787808026827e+05
2.442052915136719640e-02 1.241491040778634488e+05
2.682695595500901239e-02 8.186328409138224379e+04
2.947051480134291537e-02 7.176085435861971928e+04
3.237457295239669353e-02 5.626231250889754301e+04
3.556480030685772731e-02 4.166426538847920892e+04
3.906939630451649464e-02 4.023030064052501984e+04
4.291933919013282694e-02 3.664532170573581243e+04
4.714865984004791566e-02 3.833323510126261681e+04
5.179474257198286163e-02 3.683590617201750865e+04
5.689865559697841746e-02 3.513559646038364735e+04
6.250551403444545850e-02 3.485273478908780089e+04
6.866487869913283359e-02 3.082600553600320200e+04
7.543119418501802176e-02 2.332520697177980037e+04
8.286427011848424007e-02 1.819786094529436014e+04
9.102980983473445142e-02 1.515555814887669112e+04
9.999999115058272325e-02 1.306011600785405790e+04
1.098541043672585787e-01 1.248506957625139330e+04
1.206792531427361148e-01 1.180112550517381351e+04
1.325711244288214907e-01 9.834518741900099485e+03
1.456348342787200378e-01 7.988108271718949254e+03
1.599858570014452974e-01 7.185317768310761494e+03
1.757510458761641914e-01 6.505759378822273902e+03
1.930697544488981787e-01 5.595156914776729536e+03
2.120950683230800604e-01 4.849909403087970531e+03
2.329951583321586417e-01 4.339996896136437499e+03
2.559547670553742882e-01 3.787755262203872462e+03
2.811768418164965477e-01 3.381453154481711408e+03
3.088843286001189403e-01 2.989748142813512004e+03
3.393221427425128778e-01 2.679048191946062616e+03
3.727593338166072523e-01 2.398953909476905210e+03
4.094914638472018087e-01 2.157244429584407044e+03
4.498432198782237879e-01 1.954407519266482268e+03
4.941712839853393824e-01 1.761234374581692691e+03
5.428674861028858212e-01 1.612583503334978104e+03
5.963622675339625978e-01 1.480053735134919634e+03
6.551284857587630350e-01 1.358712888728904545e+03
7.196855941730535555e-01 1.253994103237559330e+03
7.906042337028588163e-01 1.161863977332504646e+03
8.685112768820903995e-01 1.080234225904632240e+03
9.540953689793428838e-01 1.002214177640439175e+03
1.048113015153642191e+00 0.000000000000000000e+00
