1.048113066601954503e-02 1.193018511616087053e+05
1.151395323963562076e-02 0.000000000000000000e+00
1.264855132798976302e-02 7.759761813831064501e+04
1.389495400641860279e-02 1.665078598714660620e+05
1.526417862678452857e-02 1.663852950222201180e+05
1.676832820337198493e-02 0.000000000000000000e+00
1.842069839530119726e-02 2.022738862994378142e+05
2.023589503111089191e-02 1.821160743296726141e+05
2.222996321434766651e-02 1.276608683873893169e+05
2.442052915136719640e-02 1.291749797005442233e+05
2.682695595500901239e-02 8.960856385520985350e+04
2.947051480134291537e-02 6.694882695788382262e+04
3.237457295239669353e-02 6.290079949419440527e+04
3.556480030685772731e-02 6.789583614106038294e+04
3.906939630451649464e-02 5.721587536706627725e+04
4.291933919013282694e-02 5.224379161037528684e+04
4.714865984004791566e-02 5.186111963929183548e+04
5.179474257198286163e-02 5.050557327771311975e+04
5.689865559697841746e-02 4.636719260753801063e+04
6.250551403444545850e-02 4.124530763822508015e+04
6.866487869913283359e-02 3.166461700039690186e+04
7.543119418501802176e-02 2.295431582923811220e+04
8.286427011848424007e-02 1.925006418041048892e+04
9.102980983473445142e-02 1.842537364983448424e+04
9.999999115058272325e-02 1.891512379233329557e+04
1.098541043672585787e-01 1.646341507040008946e+04
1.206792531427361148e-01 1.252769220642981782e+04
1.325711244288214907e-01 1.089319745023191354e+04
1.456348342787200378e-01 1.013604615068308703e+04
1.599858570014452974e-01 8.998637616953270481e+03
1.757510458761641914e-01 7.744626366149857859e+03
1.930697544488981787e-01 6.790595924329813897e+03
2.120950683230800604e-01 6.031398762382300447e+03
2.329951583321586417e-01 5.214263988094313390e+03
2.559547670553742882e-01 4.739075558404269032e+03
2.811768418164965477e-01 4.174645749668750796e+03
3.088843286001189403e-01 3.730814371424879027e+03
3.393221427425128778e-01 3.370301996371812493e+03
3.727593338166072523e-01 3.036052409577343042e+03
4.094914638472018087e-01 2.747683185586397485e+03
4.498432198782237879e-01 2.510888809111721457e+03
4.941712839853393824e-01 2.290586317424774279e+03
5.428674861028858212e-01 2.109774046017583260e+03
5.963622675339625978e-01 1.942264021578549318e+03
6.551284857587630350e-01 1.796264144186520753e+03
7.196855941730535555e-01 1.668277719535301458e+03
7.906042337028588163e-01 1.551964133521917120e+03
8.685112768820903995e-01 1.446805366212207446e+03
9.540953689793428838e-01 1.353479437666637295e+03
1.048113015153642191e+00 0.000000000000000000e+00
