1.048113066601954503e-02 1.039135270870393870e+05
1.151395323963562076e-02 0.000000000000000000e+00
1.264855132798976302e-02 8.546689437575984630e+04
1.389495400641860279e-02 1.221842938458239369e+05
1.526417862678452857e-02 1.624014506573595281e+05
1.676832820337198493e-02 0.000000000000000000e+00
1.842069839530119726e-02 1.069405171909515338e+05
2.023589503111089191e-02 1.511585855521628982e+05
2.222996321434766651e-02 1.385414998561749235e+05
2.442052915136719640e-02 1.258604315842247452e+05
2.682695595500901239e-02 1.315077272125243035e+05
2.947051480134291537e-02 1.455115632931480359e+05
3.237457295239669353e-02 1.227024813949250092e+05
3.556480030685772731e-02 1.206559442255995527e+05
3.906939630451649464e-02 1.141540003004180326e+05
4.291933919013282694e-02 9.015347007799074345e+04
4.714865984004791566e-02 6.800702893063708325e+04
5.179474257198286163e-02 7.395778480431163916e+04
5.689865559697841746e-02 7.356673739571914484e+04
6.250551403444545850e-02 6.919216593312552141e+04
6.866487869913283359e-02 6.261809526990025188e+04
7.543119418501802176e-02 6.121911813137013814e+04
8.286427011848424007e-02 5.704505875758272305e+04
9.102980983473445142e-02 5.088205591341042600e+04
9.999999115058272325e-02 4.238910734951530321e+04
1.098541043672585787e-01 3.730671648299555090e+04
1.206792531427361148e-01 3.377269543469563359e+04
1.325711244288214907e-01 3.121172193573000550e+04
1.456348342787200378e-01 2.942443466709698259e+04
1.599858570014452974e-01 2.627622998421253214e+04
1.757510458761641914e-01 2.339971772144413262e+04
1.930697544488981787e-01 2.119582790742129873e+04
2.120950683230800604e-01 1.955748370684437759e+04
2.329951583321586417e-01 1.782209348373555258e+04
2.559547670553742882e-01 1.642943024427996716e+04
2.811768418164965477e-01 1.511313472188714513e+04
3.088843286001189403e-01 1.402467300755337055e+04
3.393221427425128778e-01 1.309151221354857262e+04
3.727593338166072523e-01 1.221288793969844482e+04
4.094914638472018087e-01 1.150725720036800340e+04
4.498432198782237879e-01 1.080956161879779756e+04
4.941712839853393824e-01 1.024488239572319981e+04
5.428674861028858212e-01 9.675118015009038572e+03
5.963622675339625978e-01 9.165929208941437537e+03
6.551284857587630350e-01 8.682339414021589619e+03
7.196855941730535555e-01 8.252586826826522156e+03
7.906042337028588163e-01 7.832437767697556410e+03
8.685112768820903995e-01 7.451828728500066973e+03
9.540953689793428838e-01 7.055359658869549094e+03
1.048113015153642191e+00 0.000000000000000000e+00
