1.048113066601954503e-02 1.016884924670435576e+05
1.151395323963562076e-02 0.000000000000000000e+00
1.264855132798976302e-02 5.852248762546567741e+04
1.389495400641860279e-02 8.436810011216934072e+04
1.526417862678452857e-02 9.374319737000142050e+04
1.676832820337198493e-02 0.000000000000000000e+00
1.842069839530119726e-02 8.090398281922275783e+04
2.023589503111089191e-02 7.814116368982000859e+04
2.222996321434766651e-02 6.979104300130909542e+04
2.442052915136719640e-02 7.628921247696224600e+04
2.682695595500901239e-02 9.268166045107079844e+04
2.947051480134291537e-02 8.689320934492090601e+04
3.237457295239669353e-02 7.202998604150007304e+04
3.556480030685772731e-02 5.977140722546928009e+04
3.906939630451649464e-02 5.870343703438523517e+04
4.291933919013282694e-02 5.287390270045249781e+04
4.714865984004791566e-02 4.995375279340767884e+04
5.179474257198286163e-02 4.457129278303827596e+04
5.689865559697841746e-02 4.151178454248965136e+04
6.250551403444545850e-02 3.953628459975340229e+04
6.866487869913283359e-02 3.694222043846817542e+04
7.543119418501802176e-02 3.347479440742246516e+04
8.286427011848424007e-02 2.920207285847365711e+04
9.102980983473445142e-02 2.583492325047214399e+04
9.999999115058272325e-02 2.183409617194340899e+04
1.098541043672585787e-01 1.990744538132275193e+04
1.206792531427361148e-01 1.778193666440691959e+04
1.325711244288214907e-01 1.597766251436132916e+04
1.456348342787200378e-01 1.432675721461261855e+04
1.599858570014452974e-01 1.245132338632655228e+04
1.757510458761641914e-01 1.138865507686754427e+04
1.930697544488981787e-01 1.018845052598487018e+04
2.120950683230800604e-01 8.992905213885540434e+03
2.329951583321586417e-01 8.173613355523290920e+03
2.559547670553742882e-01 7.378061328670904913e+03
2.811768418164965477e-01 6.726272093885051618e+03
3.088843286001189403e-01 6.074972812115795023e+03
3.393221427425128778e-01 5.580469778789513839e+03
3.727593338166072523e-01 5.124017078347042116e+03
4.094914638472018087e-01 4.696039416936602720e+03
4.498432198782237879e-01 4.343460770294098438e+03
4.941712839853393824e-01 4.046433120822633100e+03
5.428674861028858212e-01 3.758251586603027135e+03
5.963622675339625978e-01 3.512942893288042796e+03
6.551284857587630350e-01 3.285764201280934230e+03
7.196855941730535555e-01 3.082896321426254872e+03
7.906042337028588163e-01 2.888049514148358412e+03
8.685112768820903995e-01 2.709664609229338112e+03
9.540953689793428838e-01 2.548395470283442592e+03
1.048113015153642191e+00 0.000000000000000000e+00
