1.048113066601954503e-02 4.360164932172717090e+04
1.151395323963562076e-02 0.000000000000000000e+00
1.264855132798976302e-02 2.568138710736629218e+04
1.389495400641860279e-02 2.110355555196206478e+04
1.526417862678452857e-02 4.807412891404874244e+04
1.676832820337198493e-02 0.000000000000000000e+00
1.842069839530119726e-02 2.539083088479264916e+04
2.023589503111089191e-02 5.050730712526038405e+04
2.222996321434766651e-02 3.351364469392774481e+04
2.442052915136719640e-02 3.848456731886979105e+04
2.682695595500901239e-02 3.897129373586584552e+04
2.947051480134291537e-02 3.889850631687490386e+04
3.237457295239669353e-02 4.251144311246609141e+04
3.556480030685772731e-02 4.303126417826881516e+04
3.906939630451649464e-02 4.220707738310685090e+04
4.291933919013282694e-02 4.081113206725472992e+04
4.714865984004791566e-02 3.438781142135972186e+04
5.179474257198286163e-02 3.552228869848014438e+04
5.689865559697841746e-02 3.139031163926879526e+04
6.250551403444545850e-02 3.136373444339899288e+04
6.866487869913283359e-02 3.287091563628541917e+04
7.543119418501802176e-02 2.994396326143332044e+04
8.286427011848424007e-02 2.849913130108946643e+04
9.102980983473445142e-02 2.743708377444967846e+04
9.999999115058272325e-02 2.466907556922629010e+04
1.098541043672585787e-01 2.214305734431669407e+04
1.206792531427361148e-01 2.099124877267573174e+04
1.325711244288214907e-01 1.941791393399399385e+04
1.456348342787200378e-01 1.789498181545829357e+04
1.599858570014452974e-01 1.595367156333446837e+04
1.757510458761641914e-01 1.447726993461715028e+04
1.930697544488981787e-01 1.375840663852874422e+04
2.120950683230800604e-01 1.251630703326633193e+04
2.329951583321586417e-01 1.160490657336160621e+04
2.559547670553742882e-01 1.070154672799719992e+04
2.811768418164965477e-01 9.913168766774209871e+03
3.088843286001189403e-01 9.273159621256692844e+03
3.393221427425128778e-01 8.715321897797412021e+03
3.727593338166072523e-01 8.130526902982252068e+03
4.094914638472018087e-01 7.685723241784658057e+03
4.498432198782237879e-01 7.257496907492626633e+03
4.941712839853393824e-01 6.880964165691053495e+03
5.428674861028858212e-01 6.532900509811389384e+03
5.963622675339625978e-01 6.218242014766607099e+03
6.551284857587630350e-01 5.951925746556886224e+03
7.196855941730535555e-01 5.681859270772405580e+03
7.906042337028588163e-01 5.435406102296357858e+03
8.685112768820903995e-01 5.191020539739989545e+03
9.540953689793428838e-01 4.957837044110222450e+03
1.048113015153642191e+00 0.000000000000000000e+00
