1.048113066601954503e-02 9.133350726025899348e+04
1.151395323963562076e-02 0.000000000000000000e+00
1.264855132798976302e-02 4.040574935667836107e+05
1.389495400641860279e-02 2.000174808836241136e+05
1.526417862678452857e-02 3.024710413590559619e+05
1.676832820337198493e-02 0.000000000000000000e+00
1.842069839530119726e-02 1.668286119694539229e+05
2.023589503111089191e-02 1.928751001390849997e+05
2.222996321434766651e-02 1.756146564349991968e+05
2.442052915136719640e-02 1.538704804940454196e+05
2.682695595500901239e-02 1.331079997436945559e+05
2.947051480134291537e-02 1.442856645635152236e+05
3.237457295239669353e-02 1.466215277632664656e+05
3.556480030685772731e-02 9.827439632883030572e+04
3.906939630451649464e-02 8.155558196011070686e+04
4.291933919013282694e-02 7.830810460889874958e+04
4.714865984004791566e-02 7.114613054097887652e+04
5.179474257198286163e-02 6.466536027943497174e+04
5.689865559697841746e-02 6.580536090160229651e+04
6.250551403444545850e-02 6.696057949852009187e+04
6.866487869913283359e-02 5.784993868727240624e+04
7.543119418501802176e-02 4.587565969166871946e+04
8.286427011848424007e-02 3.721937549412125372e+04
9.102980983473445142e-02 3.102010086293689528e+04
9.999999115058272325e-02 2.880435674232294332e+04
1.098541043672585787e-01 2.789753389082572539e+04
1.206792531427361148e-01 2.599444001625107194e+04
1.325711244288214907e-01 2.209368132815909485e+04
1.456348342787200378e-01 1.882652812243656808e+04
1.599858570014452974e-01 1.684043545588537381e+04
1.757510458761641914e-01 1.573814241397331716e+04
1.930697544488981787e-01 1.398637938510282947e+04
2.120950683230800604e-01 1.234996735808356243e+04
2.329951583321586417e-01 1.126163900588675278e+04
2.559547670553742882e-01 1.034196679785963897e+04
2.811768418164965477e-01 9.355097708506729759e+03
3.088843286001189403e-01 8.563793620079433822e+03
3.393221427425128778e-01 7.868701203347654882e+03
3.727593338166072523e-01 7.275356447529878096e+03
4.094914638472018087e-01 6.745723948373039093e+03
4.498432198782237879e-01 6.287870040755068658e+03
4.941712839853393824e-01 5.884284817251200366e+03
5.428674861028858212e-01 5.494126420163272087e+03
5.963622675339625978e-01 5.150163446849609500e+03
6.551284857587630350e-01 4.834726615713364481e+03
7.196855941730535555e-01 4.565223576464250982e+03
7.906042337028588163e-01 4.300157526890692679e+03
8.685112768820903995e-01 4.059554197429368742e+03
9.540953689793428838e-01 3.826176569857524555e+03
1.048113015153642191e+00 0.000000000000000000e+00
