1.048113066601954503e-02 1.450709717055309156e+05
1.151395323963562076e-02 0.000000000000000000e+00
1.264855132798976302e-02 9.670526625229099591e+04
1.389495400641860279e-02 1.155102713100980473e+05
1.526417862678452857e-02 1.161560765930614725e+05
1.676832820337198493e-02 0.000000000000000000e+00
1.842069839530119726e-02 6.054335365353242378e+04
2.023589503111089191e-02 8.634033882707543671e+04
2.222996321434766651e-02 7.860849578538275091e+04
2.442052915136719640e-02 1.276707922502923757e+05
2.682695595500901239e-02 9.591429271493374836e+04
2.947051480134291537e-02 8.092462534217575740e+04
3.237457295239669353e-02 8.810902352367292042e+04
3.556480030685772731e-02 8.839532388433736924e+04
3.906939630451649464e-02 7.076088307032629382e+04
4.291933919013282694e-02 6.843584939888503868e+04
4.714865984004791566e-02 6.303608822753772256e+04
5.179474257198286163e-02 5.765803195655287709e+04
5.689865559697841746e-02 5.458712327279978490e+04
6.250551403444545850e-02 5.160627930547945289e+04
6.866487869913283359e-02 4.890682450103939482e+04
7.543119418501802176e-02 4.411521665400989150e+04
8.286427011848424007e-02 3.913632957669367897e+04
9.102980983473445142e-02 3.363416496802342590e+04
9.999999115058272325e-02 2.913502847169099550e+04
1.098541043672585787e-01 2.630105079363140976e+04
1.206792531427361148e-01 2.398668242194057166e+04
1.325711244288214907e-01 2.208264889741875959e+04
1.456348342787200378e-01 2.017119915125286207e+04
1.599858570014452974e-01 1.730457719720331806e+04
1.757510458761641914e-01 1.557118691422426491e+04
1.930697544488981787e-01 1.424637868754519877e+04
2.120950683230800604e-01 1.287738852507908450e+04
2.329951583321586417e-01 1.171284083725526580e+04
2.559547670553742882e-01 1.064494075184075518e+04
2.811768418164965477e-01 9.696841297672432120e+03
3.088843286001189403e-01 8.903838539214935736e+03
3.393221427425128778e-01 8.141859133264281809e+03
3.727593338166072523e-01 7.595601636578424404e+03
4.094914638472018087e-01 7.064194854110324741e+03
4.498432198782237879e-01 6.564017680905870293e+03
4.941712839853393824e-01 6.124843138968710264e+03
5.428674861028858212e-01 5.737021844178765605e+03
5.963622675339625978e-01 5.400901720054951511e+03
6.551284857587630350e-01 5.077920722554623353e+03
7.196855941730535555e-01 4.775361504535710992e+03
7.906042337028588163e-01 4.511383437277226221e+03
8.685112768820903995e-01 4.263483340339262213e+03
9.540953689793428838e-01 4.025699607889831896e+03
1.048113015153642191e+00 0.000000000000000000e+00
