1.048113066601954503e-02 1.014000646676128817e+05
1.151395323963562076e-02 0.000000000000000000e+00
1.264855132798976302e-02 1.392011596804689616e+05
1.389495400641860279e-02 1.024225260532417306e+05
1.526417862678452857e-02 1.474213274929098552e+05
1.676832820337198493e-02 0.000000000000000000e+00
1.842069839530119726e-02 7.147666924346183077e+04
2.023589503111089191e-02 9.348038954967187601e+04
2.222996321434766651e-02 6.388116642992087873e+04
2.442052915136719640e-02 1.230410332595684886e+05
2.682695595500901239e-02 8.341998453513492132e+04
2.947051480134291537e-02 7.873841369866237801e+04
3.237457295239669353e-02 6.332097060066170525e+04
3.556480030685772731e-02 6.674290136470420111e+04
3.906939630451649464e-02 4.963806853994503763e+04
4.291933919013282694e-02 5.531623497853515437e+04
4.714865984004791566e-02 4.757079803943077422e+04
5.179474257198286163e-02 4.426116010838963848e+04
5.689865559697841746e-02 3.658381927536478906e+04
6.250551403444545850e-02 3.559812643436504004e+04
6.866487869913283359e-02 3.265591742763549701e+04
7.543119418501802176e-02 3.141786639593509972e+04
8.286427011848424007e-02 2.729576272050356783e+04
9.102980983473445142e-02 2.465863961491517694e+04
9.999999115058272325e-02 2.167112207512176246e+04
1.098541043672585787e-01 1.802124556043191842e+04
1.206792531427361148e-01 1.547632881765407365e+04
1.325711244288214907e-01 1.460769610867778829e+04
1.456348342787200378e-01 1.308125634043853097e+04
1.599858570014452974e-01 1.140078921385716421e+04
1.757510458761641914e-01 9.772391117502345878e+03
1.930697544488981787e-01 8.659089352602888539e+03
2.120950683230800604e-01 7.884448351906763492e+03
2.329951583321586417e-01 6.975353869272115844e+03
2.559547670553742882e-01 6.257953065991017866e+03
2.811768418164965477e-01 5.609241236543333798e+03
3.088843286001189403e-01 5.039818138999926305e+03
3.393221427425128778e-01 4.553213973492682271e+03
3.727593338166072523e-01 4.138425611666697478e+03
4.094914638472018087e-01 3.753023964285448073e+03
4.498432198782237879e-01 3.449298071412084482e+03
4.941712839853393824e-01 3.156711948538264551e+03
5.428674861028858212e-01 2.906099480002550081e+03
5.963622675339625978e-01 2.687066923074146416e+03
6.551284857587630350e-01 2.496457413009280572e+03
7.196855941730535555e-01 2.320747609763697710e+03
7.906042337028588163e-01 2.162979380521273015e+03
8.685112768820903995e-01 2.023660344706455362e+03
9.540953689793428838e-01 1.893030979802722413e+03
1.048113015153642191e+00 0.000000000000000000e+00
