1.048113066601954503e-02 4.898556080444200197e+05
1.151395323963562076e-02 0.000000000000000000e+00
1.264855132798976302e-02 8.803931792175766313e+05
1.389495400641860279e-02 4.126291367618988734e+05
1.526417862678452857e-02 6.652060832353024743e+05
1.676832820337198493e-02 0.000000000000000000e+00
1.842069839530119726e-02 5.079792401647564839e+05
2.023589503111089191e-02 3.181417016129381955e+05
2.222996321434766651e-02 2.755857058909078478e+05
2.442052915136719640e-02 3.225081164948623627e+05
2.682695595500901239e-02 1.819957332115438185e+05
2.947051480134291537e-02 1.465226348419446440e+05
3.237457295239669353e-02 1.127035562549994502e+05
3.556480030685772731e-02 8.892251067803397018e+04
3.906939630451649464e-02 7.622321081911488727e+04
4.291933919013282694e-02 6.794064784561698616e+04
4.714865984004791566e-02 6.465465789653605316e+04
5.179474257198286163e-02 6.229010069923194533e+04
5.689865559697841746e-02 6.732758712727113743e+04
6.250551403444545850e-02 5.925020819319396105e+04
6.866487869913283359e-02 5.209826214899653860e+04
7.543119418501802176e-02 3.938374874723779067e+04
8.286427011848424007e-02 2.772194443848043738e+04
9.102980983473445142e-02 2.263193318570467090e+04
9.999999115058272325e-02 2.212808236683717041e+04
1.098541043672585787e-01 2.200124691628392247e+04
1.206792531427361148e-01 1.828129722650857002e+04
1.325711244288214907e-01 1.437292614865786891e+04
1.456348342787200378e-01 1.256058550800245575e+04
1.599858570014452974e-01 1.138117951813971194e+04
1.757510458761641914e-01 9.781384634485881179e+03
1.930697544488981787e-01 8.477062659111308676e+03
2.120950683230800604e-01 7.604090805541891314e+03
2.329951583321586417e-01 6.578329829310735477e+03
2.559547670553742882e-01 5.831614753791965995e+03
2.811768418164965477e-01 5.211558624626645724e+03
3.088843286001189403e-01 4.618420399180366985e+03
3.393221427425128778e-01 4.147725615431845654e+03
3.727593338166072523e-01 3.722038686635607519e+03
4.094914638472018087e-01 3.355962163651243827e+03
4.498432198782237879e-01 3.056443861014796312e+03
4.941712839853393824e-01 2.784930188506379181e+03
5.428674861028858212e-01 2.545693423302242081e+03
5.963622675339625978e-01 2.333892299484225987e+03
6.551284857587630350e-01 2.141682104970819182e+03
7.196855941730535555e-01 1.967246269735560418e+03
7.906042337028588163e-01 1.808143016740112216e+03
8.685112768820903995e-01 1.662201925095235993e+03
9.540953689793428838e-01 1.534203207610495610e+03
1.048113015153642191e+00 0.000000000000000000e+00
