1.048113066601954503e-02 6.881680299418057257e+04
1.151395323963562076e-02 0.000000000000000000e+00
1.264855132798976302e-02 4.797336862353554898e+04
1.389495400641860279e-02 3.857035274396985187e+04
1.526417862678452857e-02 5.971424756254622480e+04
1.676832820337198493e-02 0.000000000000000000e+00
1.842069839530119726e-02 4.446371636139517796e+04
2.023589503111089191e-02 5.307853547760650690e+04
2.222996321434766651e-02 3.051079194669134813e+04
2.442052915136719640e-02 5.314810290191030072e+04
2.682695595500901239e-02 4.641818935581306141e+04
2.947051480134291537e-02 4.108326884006710316e+04
3.237457295239669353e-02 3.615435290208919469e+04
3.556480030685772731e-02 3.109527757524100889e+04
3.906939630451649464e-02 4.009114728649662720e+04
4.291933919013282694e-02 2.989388293004379739e+04
4.714865984004791566e-02 3.114088443385878418e+04
5.179474257198286163e-02 2.720588777230574124e+04
5.689865559697841746e-02 2.636916528262035354e+04
6.250551403444545850e-02 2.370119386476105137e+04
6.866487869913283359e-02 2.281629511883179293e+04
7.543119418501802176e-02 2.063638920671433880e+04
8.286427011848424007e-02 1.732508070085474901e+04
9.102980983473445142e-02 1.522207498629754627e+04
9.999999115058272325e-02 1.388640331165083626e+04
1.098541043672585787e-01 1.277123394845549774e+04
1.206792531427361148e-01 1.194925899247722919e+04
1.325711244288214907e-01 9.958830947931601258e+03
1.456348342787200378e-01 9.055786360351936310e+03
1.599858570014452974e-01 7.974642732408560732e+03
1.757510458761641914e-01 7.216307045997239584e+03
1.930697544488981787e-01 6.472868401737066961e+03
2.120950683230800604e-01 5.764044734425702700e+03
2.329951583321586417e-01 5.152442985901853717e+03
2.559547670553742882e-01 4.688257391929588266e+03
2.811768418164965477e-01 4.222873756751990186e+03
3.088843286001189403e-01 3.831711310174086975e+03
3.393221427425128778e-01 3.509273778517685059e+03
3.727593338166072523e-01 3.213602782054691033e+03
4.094914638472018087e-01 2.960461758671704956e+03
4.498432198782237879e-01 2.732884882232966447e+03
4.941712839853393824e-01 2.524219831899271412e+03
5.428674861028858212e-01 2.342668529105371817e+03
5.963622675339625978e-01 2.184713527614693703e+03
6.551284857587630350e-01 2.042369801661413931e+03
7.196855941730535555e-01 1.909731254164754546e+03
7.906042337028588163e-01 1.790440791320103017e+03
8.685112768820903995e-01 1.679978998512501903e+03
9.540953689793428838e-01 1.580935240280638936e+03
1.048113015153642191e+00 0.000000000000000000e+00
