1.048113066601954503e-02 3.035825657297723228e+05
1.151395323963562076e-02 0.000000000000000000e+00
1.264855132798976302e-02 2.733024545482568792e+05
1.389495400641860279e-02 3.483491960312019801e+05
1.526417862678452857e-02 3.186706174950785353e+05
1.676832820337198493e-02 0.000000000000000000e+00
1.842069839530119726e-02 2.665933859619105933e+05
2.023589503111089191e-02 2.924711429996875813e+05
2.222996321434766651e-02 3.180599758468458313e+05
2.442052915136719640e-02 2.846662898435032112e+05
2.682695595500901239e-02 2.721097022436491097e+05
2.947051480134291537e-02 2.094695273871491663e+05
3.237457295239669353e-02 2.041893476724595530e+05
3.556480030685772731e-02 1.860277608795452397e+05
3.906939630451649464e-02 1.673293007878717908e+05
4.291933919013282694e-02 1.566140006833404186e+05
4.714865984004791566e-02 1.396746268209176778e+05
5.179474257198286163e-02 1.331898346639201045e+05
5.689865559697841746e-02 1.120042552058792498e+05
6.250551403444545850e-02 1.095286854507022072e+05
6.866487869913283359e-02 9.749455254869362398e+04
7.543119418501802176e-02 9.368168002678822086e+04
8.286427011848424007e-02 7.690776438057805353e+04
9.102980983473445142e-02 6.666596418055656250e+04
9.999999115058272325e-02 5.878498713321688410e+04
1.098541043672585787e-01 5.197513351031072671e+04
1.206792531427361148e-01 4.957387011467940465e+04
1.325711244288214907e-01 4.461604191907662607e+04
1.456348342787200378e-01 3.928378567644031136e+04
1.599858570014452974e-01 3.496020227593283198e+04
1.757510458761641914e-01 3.170204856029215443e+04
1.930697544488981787e-01 2.940389078162600345e+04
2.120950683230800604e-01 2.658761553596068552e+04
2.329951583321586417e-01 2.417007408324560674e+04
2.559547670553742882e-01 2.201601174732653817e+04
2.811768418164965477e-01 2.030801173656078754e+04
3.088843286001189403e-01 1.879210950859956210e+04
3.393221427425128778e-01 1.749386698230544425e+04
3.727593338166072523e-01 1.628259344476189654e+04
4.094914638472018087e-01 1.527858696795130527e+04
4.498432198782237879e-01 1.431717067754824529e+04
4.941712839853393824e-01 1.346044156916601059e+04
5.428674861028858212e-01 1.269652551922699058e+04
5.963622675339625978e-01 1.199353597961130254e+04
6.551284857587630350e-01 1.129271935108890830e+04
7.196855941730535555e-01 1.067821964923073574e+04
7.906042337028588163e-01 1.007678145980071349e+04
8.685112768820903995e-01 9.468223941664848098e+03
9.540953689793428838e-01 8.890483841999826836e+03
1.048113015153642191e+00 0.000000000000000000e+00
