1.048113066601954503e-02 3.840603383466863888e+05
1.151395323963562076e-02 0.000000000000000000e+00
1.264855132798976302e-02 6.897142770039568422e+05
1.389495400641860279e-02 3.223337167138237273e+05
1.526417862678452857e-02 5.205981595509666367e+05
1.676832820337198493e-02 0.000000000000000000e+00
1.842069839530119726e-02 3.972870541350087151e+05
2.023589503111089191e-02 2.484394096085215569e+05
2.222996321434766651e-02 2.152646111406715354e+05
2.442052915136719640e-02 2.516052908155203622e+05
2.682695595500901239e-02 1.421726830895754101e+05
2.947051480134291537e-02 1.144820714606324036e+05
3.237457295239669353e-02 8.803870492105660378e+04
3.556480030685772731e-02 6.939453906150785042e+04
3.906939630451649464e-02 5.944461378258826153e+04
4.291933919013282694e-02 5.295658092502987711e+04
4.714865984004791566e-02 5.039239715878364223e+04
5.179474257198286163e-02 4.858743403463572031e+04
5.689865559697841746e-02 5.246983165441706660e+04
6.250551403444545850e-02 4.608813599843753036e+04
6.866487869913283359e-02 4.049314795959438925e+04
7.543119418501802176e-02 3.054722290365777008e+04
8.286427011848424007e-02 2.145299796817553215e+04
9.102980983473445142e-02 1.749684226298323847e+04
9.999999115058272325e-02 1.712239113109487153e+04
1.098541043672585787e-01 1.700705616990190902e+04
1.206792531427361148e-01 1.411780071949043850e+04
1.325711244288214907e-01 1.106252936904268427e+04
1.456348342787200378e-01 9.648886311400803606e+03
1.599858570014452974e-01 8.737203304270253284e+03
1.757510458761641914e-01 7.492311029936970044e+03
1.930697544488981787e-01 6.478040069139447951e+03
2.120950683230800604e-01 5.799918456972165586e+03
2.329951583321586417e-01 5.006297842830941590e+03
2.559547670553742882e-01 4.427690622629177597e+03
2.811768418164965477e-01 3.948072533469857262e+03
3.088843286001189403e-01 3.491014319496704957e+03
3.393221427425128778e-01 3.127679475343251852e+03
3.727593338166072523e-01 2.799974427234704308e+03
4.094914638472018087e-01 2.518421027006904751e+03
4.498432198782237879e-01 2.287817040717055534e+03
4.941712839853393824e-01 2.079382562943178073e+03
5.428674861028858212e-01 1.896065150129433732e+03
5.963622675339625978e-01 1.734137814897743283e+03
6.551284857587630350e-01 1.587512256473885827e+03
7.196855941730535555e-01 1.454710311921035554e+03
7.906042337028588163e-01 1.333843700041198645e+03
8.685112768820903995e-01 1.223329773432898264e+03
9.540953689793428838e-01 1.126377726284991013e+03
1.048113015153642191e+00 0.000000000000000000e+00
