1.048113066601954503e-02 1.639487517275599021e+04
1.151395323963562076e-02 0.000000000000000000e+00
1.264855132798976302e-02 2.364190519114209019e+04
1.389495400641860279e-02 3.306779984574959963e+04
1.526417862678452857e-02 1.760694400348746422e+04
1.676832820337198493e-02 0.000000000000000000e+00
1.842069839530119726e-02 1.832437326097900950e+04
2.023589503111089191e-02 2.761643930207327139e+04
2.222996321434766651e-02 1.567221748054205091e+04
2.442052915136719640e-02 1.799761685468648648e+04
2.682695595500901239e-02 2.381696820460954768e+04
2.947051480134291537e-02 2.410605092260698439e+04
3.237457295239669353e-02 2.346942142311000134e+04
3.556480030685772731e-02 2.182398671375299818e+04
3.906939630451649464e-02 2.081014008028724493e+04
4.291933919013282694e-02 1.720840556830096466e+04
4.714865984004791566e-02 1.758115913296249346e+04
5.179474257198286163e-02 1.619739886882813335e+04
5.689865559697841746e-02 1.347563107979695087e+04
6.250551403444545850e-02 1.461558059183395562e+04
6.866487869913283359e-02 1.351066241109558177e+04
7.543119418501802176e-02 1.229684714055547374e+04
8.286427011848424007e-02 1.108005388586839763e+04
9.102980983473445142e-02 1.066187653255708392e+04
9.999999115058272325e-02 9.871943862646954585e+03
1.098541043672585787e-01 8.284445039060185081e+03
1.206792531427361148e-01 7.465380957739824225e+03
1.325711244288214907e-01 6.894021426503202747e+03
1.456348342787200378e-01 6.253861566707576458e+03
1.599858570014452974e-01 5.473558168900411147e+03
1.757510458761641914e-01 4.768385849450645765e+03
1.930697544488981787e-01 4.390361595472475528e+03
2.120950683230800604e-01 3.896974963357471097e+03
2.329951583321586417e-01 3.491514908632607330e+03
2.559547670553742882e-01 3.093488357523842751e+03
2.811768418164965477e-01 2.810973387605603875e+03
3.088843286001189403e-01 2.542706374530658195e+03
3.393221427425128778e-01 2.284610493126893743e+03
3.727593338166072523e-01 2.077271710204926421e+03
4.094914638472018087e-01 1.879858437284997763e+03
4.498432198782237879e-01 1.736424067256049739e+03
4.941712839853393824e-01 1.591148179847185929e+03
5.428674861028858212e-01 1.467938500589490559e+03
5.963622675339625978e-01 1.354650866878942225e+03
6.551284857587630350e-01 1.255358614898145333e+03
7.196855941730535555e-01 1.168986249955374660e+03
7.906042337028588163e-01 1.089053694496747084e+03
8.685112768820903995e-01 1.017570585779006251e+03
9.540953689793428838e-01 9.548661966101581129e+02
1.048113015153642191e+00 0.000000000000000000e+00
