1.048113066601954503e-02 7.425533001543043065e+04
1.151395323963562076e-02 0.000000000000000000e+00
1.264855132798976302e-02 5.470189285683344497e+04
1.389495400641860279e-02 5.299913797574919590e+04
1.526417862678452857e-02 4.124414203216215537e+04
1.676832820337198493e-02 0.000000000000000000e+00
1.842069839530119726e-02 5.757963666230964736e+04
2.023589503111089191e-02 4.174706612679568207e+04
2.222996321434766651e-02 4.452527227726327692e+04
2.442052915136719640e-02 4.551880363285782369e+04
2.682695595500901239e-02 4.477260115567152388e+04
2.947051480134291537e-02 3.764139813502444304e+04
3.237457295239669353e-02 4.827311102691500855e+04
3.556480030685772731e-02 4.597194353300976945e+04
3.906939630451649464e-02 3.655465923562242824e+04
4.291933919013282694e-02 3.422178447366002365e+04
4.714865984004791566e-02 3.465649667244405282e+04
5.179474257198286163e-02 3.357241796364847687e+04
5.689865559697841746e-02 3.072753750048162692e+04
6.250551403444545850e-02 2.764589834440989580e+04
6.866487869913283359e-02 2.611113375669338348e+04
7.543119418501802176e-02 2.342156482237415912e+04
8.286427011848424007e-02 2.178159514245613900e+04
9.102980983473445142e-02 2.085261177409218362e+04
9.999999115058272325e-02 1.773220180334080578e+04
1.098541043672585787e-01 1.606774535996589657e+04
1.206792531427361148e-01 1.457460359073634572e+04
1.325711244288214907e-01 1.318286556253216986e+04
1.456348342787200378e-01 1.217443727179021880e+04
1.599858570014452974e-01 1.068801566102342622e+04
1.757510458761641914e-01 9.778922319810610134e+03
1.930697544488981787e-01 8.754416068018948863e+03
2.120950683230800604e-01 8.053645992167848817e+03
2.329951583321586417e-01 7.206101861501486383e+03
2.559547670553742882e-01 6.676518416463850372e+03
2.811768418164965477e-01 6.047835295095188485e+03
3.088843286001189403e-01 5.571141157751784704e+03
3.393221427425128778e-01 5.140914688409927294e+03
3.727593338166072523e-01 4.757045952480040796e+03
4.094914638472018087e-01 4.413047915042650857e+03
4.498432198782237879e-01 4.123009831780125751e+03
4.941712839853393824e-01 3.872288173726211880e+03
5.428674861028858212e-01 3.631737118707367244e+03
5.963622675339625978e-01 3.405359768106864522e+03
6.551284857587630350e-01 3.207540410974032056e+03
7.196855941730535555e-01 3.015415288608915944e+03
7.906042337028588163e-01 2.844336026982632575e+03
8.685112768820903995e-01 2.670471379133537084e+03
9.540953689793428838e-01 2.509622767722244134e+03
1.048113015153642191e+00 0.000000000000000000e+00
