1.048113066601954503e-02 1.006154473153830331e+05
1.151395323963562076e-02 0.000000000000000000e+00
1.264855132798976302e-02 4.370080099273140077e+05
1.389495400641860279e-02 2.181849248836323386e+05
1.526417862678452857e-02 7.596524933506711386e+04
1.676832820337198493e-02 0.000000000000000000e+00
1.842069839530119726e-02 1.267967099152298470e+05
2.023589503111089191e-02 1.396782790331323340e+05
2.222996321434766651e-02 1.878210797381674929e+05
2.442052915136719640e-02 1.922823664655565517e+05
2.682695595500901239e-02 1.268450705326582975e+05
2.947051480134291537e-02 1.112203820455451933e+05
3.237457295239669353e-02 8.735114395646913908e+04
3.556480030685772731e-02 6.465370086296006048e+04
3.906939630451649464e-02 6.252353085669794382e+04
4.291933919013282694e-02 5.696638246779429028e+04
4.714865984004791566e-02 5.956589636361280282e+04
5.179474257198286163e-02 5.721133158521381119e+04
5.689865559697841746e-02 5.465222259763073816e+04
6.250551403444545850e-02 5.427647535233228700e+04
6.866487869913283359e-02 4.803427504771787790e+04
7.543119418501802176e-02 3.641906927464170440e+04
8.286427011848424007e-02 2.846616657820868932e+04
9.102980983473445142e-02 2.375466382366670950e+04
9.999999115058272325e-02 2.049872925285328165e+04
1.098541043672585787e-01 1.960224605578391856e+04
1.206792531427361148e-01 1.856327628278405246e+04
1.325711244288214907e-01 1.550898749907925776e+04
1.456348342787200378e-01 1.264266852263575311e+04
1.599858570014452974e-01 1.139417930087599962e+04
1.757510458761641914e-01 1.033917810096218273e+04
1.930697544488981787e-01 8.920443440007082245e+03
2.120950683230800604e-01 7.759852799954396687e+03
2.329951583321586417e-01 6.964293885201983358e+03
2.559547670553742882e-01 6.098975822982953105e+03
2.811768418164965477e-01 5.464457438033989092e+03
3.088843286001189403e-01 4.850549815684252280e+03
3.393221427425128778e-01 4.362538636280415631e+03
3.727593338166072523e-01 3.921341780197430580e+03
4.094914638472018087e-01 3.540765248855641403e+03
4.498432198782237879e-01 3.220683006894512800e+03
4.941712839853393824e-01 2.913832258401653235e+03
5.428674861028858212e-01 2.678833820337992620e+03
5.963622675339625978e-01 2.468932640380545308e+03
6.551284857587630350e-01 2.275870318308839614e+03
7.196855941730535555e-01 2.109015432495134519e+03
7.906042337028588163e-01 1.962256801763478506e+03
8.685112768820903995e-01 1.831974483988349675e+03
9.540953689793428838e-01 1.706812464511944881e+03
1.048113015153642191e+00 0.000000000000000000e+00
