1.048113066601954503e-02 4.804671019941497798e+04
1.151395323963562076e-02 0.000000000000000000e+00
1.264855132798976302e-02 6.629485783496379736e+04
1.389495400641860279e-02 4.875767167432879069e+04
1.526417862678452857e-02 7.006081818486250995e+04
1.676832820337198493e-02 0.000000000000000000e+00
1.842069839530119726e-02 3.396792470099021739e+04
2.023589503111089191e-02 4.423885912478989485e+04
2.222996321434766651e-02 3.038873428387787499e+04
2.442052915136719640e-02 5.848851644797389599e+04
2.682695595500901239e-02 3.958735410952064558e+04
2.947051480134291537e-02 3.748000374301732518e+04
3.237457295239669353e-02 3.003165017779121263e+04
3.556480030685772731e-02 3.163801771032088800e+04
3.906939630451649464e-02 2.351965908668254269e+04
4.291933919013282694e-02 2.621366715761631713e+04
4.714865984004791566e-02 2.256426717010597349e+04
5.179474257198286163e-02 2.090469734155212427e+04
5.689865559697841746e-02 1.724958266227183412e+04
6.250551403444545850e-02 1.675665192138081329e+04
6.866487869913283359e-02 1.535380772732391597e+04
7.543119418501802176e-02 1.472994251998129585e+04
8.286427011848424007e-02 1.274944366225468548e+04
9.102980983473445142e-02 1.150457575231817827e+04
9.999999115058272325e-02 1.007137367028112203e+04
1.098541043672585787e-01 8.336730568104607300e+03
1.206792531427361148e-01 7.141403580197079464e+03
1.325711244288214907e-01 6.709321230993402423e+03
1.456348342787200378e-01 5.981465470893979727e+03
1.599858570014452974e-01 5.185400785193577576e+03
1.757510458761641914e-01 4.418709573522191931e+03
1.930697544488981787e-01 3.891611659273530677e+03
2.120950683230800604e-01 3.521872272087990495e+03
2.329951583321586417e-01 3.094089948094353531e+03
2.559547670553742882e-01 2.755607665124041432e+03
2.811768418164965477e-01 2.451045146336495691e+03
3.088843286001189403e-01 2.184986243958488558e+03
3.393221427425128778e-01 1.957539597945393780e+03
3.727593338166072523e-01 1.764495506984380654e+03
4.094914638472018087e-01 1.586836281006844956e+03
4.498432198782237879e-01 1.445621230410323278e+03
4.941712839853393824e-01 1.311525240808854960e+03
5.428674861028858212e-01 1.196829274998196752e+03
5.963622675339625978e-01 1.096892439206707422e+03
6.551284857587630350e-01 1.010107973916289438e+03
7.196855941730535555e-01 9.306704690571558558e+02
7.906042337028588163e-01 8.597463931746270873e+02
8.685112768820903995e-01 7.970621896235910526e+02
9.540953689793428838e-01 7.388600574053658647e+02
1.048113015153642191e+00 0.000000000000000000e+00
