1.048113066601954503e-02 1.155598798525419443e+04
1.151395323963562076e-02 0.000000000000000000e+00
1.264855132798976302e-02 1.537063515900660423e+04
1.389495400641860279e-02 1.293770826541377937e+04
1.526417862678452857e-02 1.227759771077867481e+04
1.676832820337198493e-02 0.000000000000000000e+00
1.842069839530119726e-02 1.506108177140267799e+04
2.023589503111089191e-02 1.324113458791208177e+04
2.222996321434766651e-02 1.203470547612829614e+04
2.442052915136719640e-02 1.751123456032499962e+04
2.682695595500901239e-02 1.605498786104159080e+04
2.947051480134291537e-02 1.665991133151303075e+04
3.237457295239669353e-02 1.686378886970583699e+04
3.556480030685772731e-02 1.564308886170535516e+04
3.906939630451649464e-02 1.548188514050680533e+04
4.291933919013282694e-02 1.772045012467365450e+04
4.714865984004791566e-02 1.585419993237393828e+04
5.179474257198286163e-02 1.475627419423430183e+04
5.689865559697841746e-02 1.344551574843789240e+04
6.250551403444545850e-02 1.331112720502007687e+04
6.866487869913283359e-02 1.319363883234067725e+04
7.543119418501802176e-02 1.235359545780854023e+04
8.286427011848424007e-02 1.164507910150652606e+04
9.102980983473445142e-02 1.053302467852271002e+04
9.999999115058272325e-02 9.828675308649309954e+03
1.098541043672585787e-01 8.728684004832663049e+03
1.206792531427361148e-01 8.169988060239287734e+03
1.325711244288214907e-01 7.612641459227064843e+03
1.456348342787200378e-01 6.911385624080789057e+03
1.599858570014452974e-01 6.152603390687052524e+03
1.757510458761641914e-01 5.532498813341871937e+03
1.930697544488981787e-01 5.112709610893789431e+03
2.120950683230800604e-01 4.610653699742056233e+03
2.329951583321586417e-01 4.177898611961492861e+03
2.559547670553742882e-01 3.755900310649360563e+03
2.811768418164965477e-01 3.457252313869548743e+03
3.088843286001189403e-01 3.111903450144583985e+03
3.393221427425128778e-01 2.856800347676172805e+03
3.727593338166072523e-01 2.608405416082066495e+03
4.094914638472018087e-01 2.395594893316990238e+03
4.498432198782237879e-01 2.215039075911316559e+03
4.941712839853393824e-01 2.057345929043342494e+03
5.428674861028858212e-01 1.922548485179394675e+03
5.963622675339625978e-01 1.796475368947642892e+03
6.551284857587630350e-01 1.685135979762693296e+03
7.196855941730535555e-01 1.580815008379943265e+03
7.906042337028588163e-01 1.492762438643327869e+03
8.685112768820903995e-01 1.409032128729968235e+03
9.540953689793428838e-01 1.335023447877386616e+03
1.048113015153642191e+00 0.000000000000000000e+00
