1.048113066601954503e-02 7.102009888106549624e+05
1.151395323963562076e-02 0.000000000000000000e+00
1.264855132798976302e-02 6.595882329206649447e+05
1.389495400641860279e-02 3.537507640212890692e+05
1.526417862678452857e-02 3.030245019130052533e+05
1.676832820337198493e-02 0.000000000000000000e+00
1.842069839530119726e-02 4.814074799374979339e+05
2.023589503111089191e-02 2.965079347412732895e+05
2.222996321434766651e-02 2.482744222318903194e+05
2.442052915136719640e-02 2.266434783837404684e+05
2.682695595500901239e-02 2.115754913181583688e+05
2.947051480134291537e-02 1.135804166508334893e+05
3.237457295239669353e-02 8.929592404029269528e+04
3.556480030685772731e-02 9.217206591251055943e+04
3.906939630451649464e-02 7.644133887476872769e+04
4.291933919013282694e-02 5.899575755407787801e+04
4.714865984004791566e-02 5.028456509065680439e+04
5.179474257198286163e-02 4.976666424448817270e+04
5.689865559697841746e-02 5.341920377078272577e+04
6.250551403444545850e-02 5.470937353566123056e+04
6.866487869913283359e-02 4.870861557522823568e+04
7.543119418501802176e-02 4.204524460168191581e+04
8.286427011848424007e-02 2.882808366644091802e+04
9.102980983473445142e-02 2.073156240481625355e+04
9.999999115058272325e-02 1.734902220324084556e+04
1.098541043672585787e-01 1.732338152328971046e+04
1.206792531427361148e-01 1.760243935527108988e+04
1.325711244288214907e-01 1.427395484632748412e+04
1.456348342787200378e-01 1.114511464520857589e+04
1.599858570014452974e-01 9.369498985765405450e+03
1.757510458761641914e-01 8.711411656757096353e+03
1.930697544488981787e-01 7.707080812949638130e+03
2.120950683230800604e-01 6.367418539472534576e+03
2.329951583321586417e-01 5.662818478388520816e+03
2.559547670553742882e-01 5.016636215282126614e+03
2.811768418164965477e-01 4.351447949569075718e+03
3.088843286001189403e-01 3.832683211686693085e+03
3.393221427425128778e-01 3.401973071584749050e+03
3.727593338166072523e-01 3.017426708281962419e+03
4.094914638472018087e-01 2.711663514470306382e+03
4.498432198782237879e-01 2.423032583690414413e+03
4.941712839853393824e-01 2.199586810486150171e+03
5.428674861028858212e-01 1.986248926626347156e+03
5.963622675339625978e-01 1.801195713036260031e+03
6.551284857587630350e-01 1.643427911737014256e+03
7.196855941730535555e-01 1.507239303696051593e+03
7.906042337028588163e-01 1.383976085804567447e+03
8.685112768820903995e-01 1.271708542439455869e+03
9.540953689793428838e-01 1.173258676885491241e+03
1.048113015153642191e+00 0.000000000000000000e+00
