1.048113066601954503e-02 1.851138155294410171e+04
1.151395323963562076e-02 0.000000000000000000e+00
1.264855132798976302e-02 3.697818810957694222e+04
1.389495400641860279e-02 3.323178726550382271e+04
1.526417862678452857e-02 5.092403497000545030e+04
1.676832820337198493e-02 0.000000000000000000e+00
1.842069839530119726e-02 3.872747594070374180e+04
2.023589503111089191e-02 2.071223503494701436e+04
2.222996321434766651e-02 2.399791849548716709e+04
2.442052915136719640e-02 2.345061394452762761e+04
2.682695595500901239e-02 3.555635539528437221e+04
2.947051480134291537e-02 4.202419942992203141e+04
3.237457295239669353e-02 3.954145180399380479e+04
3.556480030685772731e-02 4.327671148224583885e+04
3.906939630451649464e-02 4.357734237128608220e+04
4.291933919013282694e-02 3.552655762859649258e+04
4.714865984004791566e-02 3.211516165808428923e+04
5.179474257198286163e-02 3.090053193373952672e+04
5.689865559697841746e-02 3.136455885252488952e+04
6.250551403444545850e-02 2.888435483520503112e+04
6.866487869913283359e-02 2.612017812435081578e+04
7.543119418501802176e-02 2.539641874865705904e+04
8.286427011848424007e-02 2.518380538697255179e+04
9.102980983473445142e-02 2.311997296580628245e+04
9.999999115058272325e-02 2.026416494578951460e+04
1.098541043672585787e-01 1.741605296518660543e+04
1.206792531427361148e-01 1.605007189305598877e+04
1.325711244288214907e-01 1.468060990501793276e+04
1.456348342787200378e-01 1.382513527718268961e+04
1.599858570014452974e-01 1.262919443846879221e+04
1.757510458761641914e-01 1.122312115952278327e+04
1.930697544488981787e-01 1.019554648299651308e+04
2.120950683230800604e-01 9.343377886466683776e+03
2.329951583321586417e-01 8.522837421397067374e+03
2.559547670553742882e-01 7.822525068613684198e+03
2.811768418164965477e-01 7.097010899508383773e+03
3.088843286001189403e-01 6.569445668197733539e+03
3.393221427425128778e-01 6.033675974921643501e+03
3.727593338166072523e-01 5.565645466845242481e+03
4.094914638472018087e-01 5.202178311183812184e+03
4.498432198782237879e-01 4.875795868232100474e+03
4.941712839853393824e-01 4.571670094566624357e+03
5.428674861028858212e-01 4.303121868731705035e+03
5.963622675339625978e-01 4.046075387220534139e+03
6.551284857587630350e-01 3.834499676823033951e+03
7.196855941730535555e-01 3.630589298756036897e+03
7.906042337028588163e-01 3.443084101702518183e+03
8.685112768820903995e-01 3.277730757416384222e+03
9.540953689793428838e-01 3.121085545360948345e+03
1.048113015153642191e+00 0.000000000000000000e+00
