1.048113066601954503e-02 5.713650066914686613e+04
1.151395323963562076e-02 0.000000000000000000e+00
1.264855132798976302e-02 9.018737850152025931e+04
1.389495400641860279e-02 8.114267035631711769e+04
1.526417862678452857e-02 1.063249698390931298e+05
1.676832820337198493e-02 0.000000000000000000e+00
1.842069839530119726e-02 7.514210765255363367e+04
2.023589503111089191e-02 6.719818170728239056e+04
2.222996321434766651e-02 5.822525041581714322e+04
2.442052915136719640e-02 4.955753208848423674e+04
2.682695595500901239e-02 7.338178452521313739e+04
2.947051480134291537e-02 6.892850588812601927e+04
3.237457295239669353e-02 5.272561211525181716e+04
3.556480030685772731e-02 5.034414803806450800e+04
3.906939630451649464e-02 3.982037082816001202e+04
4.291933919013282694e-02 3.423172944068090874e+04
4.714865984004791566e-02 3.183685508683513763e+04
5.179474257198286163e-02 2.760905697548608077e+04
5.689865559697841746e-02 2.474825932602623652e+04
6.250551403444545850e-02 2.362901853935111285e+04
6.866487869913283359e-02 2.211841849992069547e+04
7.543119418501802176e-02 1.890910426381677826e+04
8.286427011848424007e-02 1.727217284587378526e+04
9.102980983473445142e-02 1.544259645229533271e+04
9.999999115058272325e-02 1.256222869414072557e+04
1.098541043672585787e-01 1.062421464907044538e+04
1.206792531427361148e-01 9.022040739003281487e+03
1.325711244288214907e-01 8.232863100255222889e+03
1.456348342787200378e-01 7.454519444017278147e+03
1.599858570014452974e-01 6.449925924581411891e+03
1.757510458761641914e-01 5.416797586326895726e+03
1.930697544488981787e-01 4.821044903050321409e+03
2.120950683230800604e-01 4.205996702379668022e+03
2.329951583321586417e-01 3.709986509014859621e+03
2.559547670553742882e-01 3.254195742858782069e+03
2.811768418164965477e-01 2.855736068215458999e+03
3.088843286001189403e-01 2.560263241269240552e+03
3.393221427425128778e-01 2.285300979510529487e+03
3.727593338166072523e-01 2.035846117291718656e+03
4.094914638472018087e-01 1.836139010637778256e+03
4.498432198782237879e-01 1.650263564154741516e+03
4.941712839853393824e-01 1.494457559556527031e+03
5.428674861028858212e-01 1.359242164148985694e+03
5.963622675339625978e-01 1.238383127192430038e+03
6.551284857587630350e-01 1.133734315313938168e+03
7.196855941730535555e-01 1.042315651095265594e+03
7.906042337028588163e-01 9.563114204960974121e+02
8.685112768820903995e-01 8.805902710626747876e+02
9.540953689793428838e-01 8.113345540691690303e+02
1.048113015153642191e+00 0.000000000000000000e+00
