1.048113066601954503e-02 1.087290503677423811e+06
1.151395323963562076e-02 0.000000000000000000e+00
1.264855132798976302e-02 8.396029069011446554e+05
1.389495400641860279e-02 9.441939814103046665e+05
1.526417862678452857e-02 6.942020747457756661e+05
1.676832820337198493e-02 0.000000000000000000e+00
1.842069839530119726e-02 5.136149465807761881e+05
2.023589503111089191e-02 5.383075723448812496e+05
2.222996321434766651e-02 4.294619907417894574e+05
2.442052915136719640e-02 3.738509416661823052e+05
2.682695595500901239e-02 2.626172321282894700e+05
2.947051480134291537e-02 1.957153840637994581e+05
3.237457295239669353e-02 1.619026020391991187e+05
3.556480030685772731e-02 1.466697752132781898e+05
3.906939630451649464e-02 1.124519635688587150e+05
4.291933919013282694e-02 1.033593035378806526e+05
4.714865984004791566e-02 9.320300460429063241e+04
5.179474257198286163e-02 8.975024634083760611e+04
5.689865559697841746e-02 9.007257187999766029e+04
6.250551403444545850e-02 8.460367081410711398e+04
6.866487869913283359e-02 7.349743401247105794e+04
7.543119418501802176e-02 5.637049305282396381e+04
8.286427011848424007e-02 4.352965959865316108e+04
9.102980983473445142e-02 3.607380794160775986e+04
9.999999115058272325e-02 3.281487721254822827e+04
1.098541043672585787e-01 3.170244646469290456e+04
1.206792531427361148e-01 2.786913600055248389e+04
1.325711244288214907e-01 2.304905198646998178e+04
1.456348342787200378e-01 1.942207092792352341e+04
1.599858570014452974e-01 1.726164638810053293e+04
1.757510458761641914e-01 1.515548543494318801e+04
1.930697544488981787e-01 1.360659150208654319e+04
2.120950683230800604e-01 1.227066958853697906e+04
2.329951583321586417e-01 1.069812764142187370e+04
2.559547670553742882e-01 9.627289444511017791e+03
2.811768418164965477e-01 8.653864428304810644e+03
3.088843286001189403e-01 7.819678278262574167e+03
3.393221427425128778e-01 7.055440997269272884e+03
3.727593338166072523e-01 6.419708424829990690e+03
4.094914638472018087e-01 5.860422038951282957e+03
4.498432198782237879e-01 5.373243021970523841e+03
4.941712839853393824e-01 4.954978986701957183e+03
5.428674861028858212e-01 4.567803410128329233e+03
5.963622675339625978e-01 4.199822912989968245e+03
6.551284857587630350e-01 3.879267796930685563e+03
7.196855941730535555e-01 3.563185322648922465e+03
7.906042337028588163e-01 3.270366525644628837e+03
8.685112768820903995e-01 3.015865706637593121e+03
9.540953689793428838e-01 2.768415595148693228e+03
1.048113015153642191e+00 0.000000000000000000e+00
