1.048113066601954503e-02 1.495091576026677154e+06
1.151395323963562076e-02 0.000000000000000000e+00
1.264855132798976302e-02 1.425664279893382220e+06
1.389495400641860279e-02 1.574193528289168375e+06
1.526417862678452857e-02 4.312648135479224147e+05
1.676832820337198493e-02 0.000000000000000000e+00
1.842069839530119726e-02 6.658708991318446351e+05
2.023589503111089191e-02 8.584082663659976097e+05
2.222996321434766651e-02 6.945645562703107717e+05
2.442052915136719640e-02 6.499431880822090898e+05
2.682695595500901239e-02 4.369827054532286711e+05
2.947051480134291537e-02 4.005038598227779148e+05
3.237457295239669353e-02 2.102987180672571412e+05
3.556480030685772731e-02 2.016063811321987887e+05
3.906939630451649464e-02 1.702331469633206143e+05
4.291933919013282694e-02 1.159812091829861165e+05
4.714865984004791566e-02 1.101564238170912722e+05
5.179474257198286163e-02 9.991363004261217429e+04
5.689865559697841746e-02 1.032015803182993404e+05
6.250551403444545850e-02 9.500685597509938816e+04
6.866487869913283359e-02 9.038212473160760419e+04
7.543119418501802176e-02 8.005023906000178249e+04
8.286427011848424007e-02 6.684031322987828753e+04
9.102980983473445142e-02 5.101167142122762743e+04
9.999999115058272325e-02 3.960763193928283727e+04
1.098541043672585787e-01 3.587567507499366184e+04
1.206792531427361148e-01 3.317468592604956939e+04
1.325711244288214907e-01 2.935743821336344627e+04
1.456348342787200378e-01 2.547734143358659639e+04
1.599858570014452974e-01 2.161390106368409033e+04
1.757510458761641914e-01 1.924608138390159729e+04
1.930697544488981787e-01 1.718232112292277452e+04
2.120950683230800604e-01 1.497090940209744804e+04
2.329951583321586417e-01 1.318274907344530584e+04
2.559547670553742882e-01 1.185001074728181993e+04
2.811768418164965477e-01 1.066128221622251658e+04
3.088843286001189403e-01 9.493669697227931465e+03
3.393221427425128778e-01 8.665408951184672333e+03
3.727593338166072523e-01 7.776748879823238894e+03
4.094914638472018087e-01 7.071528535519941215e+03
4.498432198782237879e-01 6.517929357929184334e+03
4.941712839853393824e-01 5.936600532153801396e+03
5.428674861028858212e-01 5.435412922884521322e+03
5.963622675339625978e-01 5.011470918397022615e+03
6.551284857587630350e-01 4.627449690585222015e+03
7.196855941730535555e-01 4.263252875176302041e+03
7.906042337028588163e-01 3.913851345635805046e+03
8.685112768820903995e-01 3.598659361482727036e+03
9.540953689793428838e-01 3.301129736932881769e+03
1.048113015153642191e+00 0.000000000000000000e+00
