1.048113066601954503e-02 2.572878345304154936e+04
1.151395323963562076e-02 0.000000000000000000e+00
1.264855132798976302e-02 5.878681687991118451e+03
1.389495400641860279e-02 2.584070163955377211e+04
1.526417862678452857e-02 3.300287193461377319e+04
1.676832820337198493e-02 0.000000000000000000e+00
1.842069839530119726e-02 3.161163185212968165e+04
2.023589503111089191e-02 2.869609308960691851e+04
2.222996321434766651e-02 4.563702464838053857e+04
2.442052915136719640e-02 2.788543316087085987e+04
2.682695595500901239e-02 3.397513269241928356e+04
2.947051480134291537e-02 2.998046504964860287e+04
3.237457295239669353e-02 2.717616725551263517e+04
3.556480030685772731e-02 1.909039572708894048e+04
3.906939630451649464e-02 2.444419166313334790e+04
4.291933919013282694e-02 2.339801866365340175e+04
4.714865984004791566e-02 2.061327429974046390e+04
5.179474257198286163e-02 1.923514891827455722e+04
5.689865559697841746e-02 1.757475084182917271e+04
6.250551403444545850e-02 1.633293805468215396e+04
6.866487869913283359e-02 1.438852945173541957e+04
7.543119418501802176e-02 1.376117272542831597e+04
8.286427011848424007e-02 1.276829457321110931e+04
9.102980983473445142e-02 1.121313920691762542e+04
9.999999115058272325e-02 9.077104273306489631e+03
1.098541043672585787e-01 7.969979572296166225e+03
1.206792531427361148e-01 7.572400877060974381e+03
1.325711244288214907e-01 6.951994194845914535e+03
1.456348342787200378e-01 6.011750852869065966e+03
1.599858570014452974e-01 5.304702020548659675e+03
1.757510458761641914e-01 4.666231432883547313e+03
1.930697544488981787e-01 4.185846356205719530e+03
2.120950683230800604e-01 3.707499535328614002e+03
2.329951583321586417e-01 3.258821603500124183e+03
2.559547670553742882e-01 2.914597291412563209e+03
2.811768418164965477e-01 2.612293429597148133e+03
3.088843286001189403e-01 2.339940616833089734e+03
3.393221427425128778e-01 2.096605395015772046e+03
3.727593338166072523e-01 1.890445951645304604e+03
4.094914638472018087e-01 1.720120430813080020e+03
4.498432198782237879e-01 1.570388062282163901e+03
4.941712839853393824e-01 1.430740671512273821e+03
5.428674861028858212e-01 1.310360132650682317e+03
5.963622675339625978e-01 1.209840982559094300e+03
6.551284857587630350e-01 1.114610731648873298e+03
7.196855941730535555e-01 1.032553796897062512e+03
7.906042337028588163e-01 9.558634818799640698e+02
8.685112768820903995e-01 8.876635845615046492e+02
9.540953689793428838e-01 8.270402447760097857e+02
1.048113015153642191e+00 0.000000000000000000e+00
