1.048113066601954503e-02 7.420143656279903371e+05
1.151395323963562076e-02 0.000000000000000000e+00
1.264855132798976302e-02 6.510093075738126645e+05
1.389495400641860279e-02 4.596097404242353514e+05
1.526417862678452857e-02 3.183828020994925173e+05
1.676832820337198493e-02 0.000000000000000000e+00
1.842069839530119726e-02 5.267691122485041851e+05
2.023589503111089191e-02 2.942476863183930982e+05
2.222996321434766651e-02 3.393954790266406490e+05
2.442052915136719640e-02 2.590581058194778452e+05
2.682695595500901239e-02 2.756206180924794171e+05
2.947051480134291537e-02 2.287929830130751361e+05
3.237457295239669353e-02 2.010157704340911878e+05
3.556480030685772731e-02 1.610923887865372526e+05
3.906939630451649464e-02 1.685705278367370192e+05
4.291933919013282694e-02 1.274110071439964231e+05
4.714865984004791566e-02 1.394529828976212011e+05
5.179474257198286163e-02 1.293635854836186772e+05
5.689865559697841746e-02 1.184684088645838638e+05
6.250551403444545850e-02 1.109209852387490828e+05
6.866487869913283359e-02 9.071836031643256138e+04
7.543119418501802176e-02 7.371240953787213948e+04
8.286427011848424007e-02 6.562293758724686631e+04
9.102980983473445142e-02 5.689027023725844629e+04
9.999999115058272325e-02 5.664302961157724349e+04
1.098541043672585787e-01 4.970702454671314626e+04
1.206792531427361148e-01 4.285544735551637132e+04
1.325711244288214907e-01 3.751510290555514803e+04
1.456348342787200378e-01 3.372506903070273984e+04
1.599858570014452974e-01 3.118691480877911090e+04
1.757510458761641914e-01 2.776064322518297558e+04
1.930697544488981787e-01 2.499752831506036455e+04
2.120950683230800604e-01 2.279861428299872932e+04
2.329951583321586417e-01 2.057752481977026036e+04
2.559547670553742882e-01 1.894741403521864413e+04
2.811768418164965477e-01 1.741474085394250869e+04
3.088843286001189403e-01 1.606051385322040005e+04
3.393221427425128778e-01 1.492655879615925733e+04
3.727593338166072523e-01 1.378700716639722123e+04
4.094914638472018087e-01 1.297392871009993723e+04
4.498432198782237879e-01 1.218017313461165031e+04
4.941712839853393824e-01 1.142393582589785365e+04
5.428674861028858212e-01 1.074223542116715907e+04
5.963622675339625978e-01 1.013851225374455316e+04
6.551284857587630350e-01 9.547711620813930494e+03
7.196855941730535555e-01 9.000335338128836156e+03
7.906042337028588163e-01 8.462715276019418525e+03
8.685112768820903995e-01 7.941251735721339173e+03
9.540953689793428838e-01 7.464091028684812045e+03
1.048113015153642191e+00 0.000000000000000000e+00
