1.048113066601954503e-02 2.632556634796055732e+05
1.151395323963562076e-02 0.000000000000000000e+00
1.264855132798976302e-02 2.051289485580560286e+05
1.389495400641860279e-02 2.562576152538846945e+05
1.526417862678452857e-02 2.007501638911005866e+05
1.676832820337198493e-02 0.000000000000000000e+00
1.842069839530119726e-02 1.923091834113104269e+05
2.023589503111089191e-02 1.484423802746486326e+05
2.222996321434766651e-02 1.978616587132206769e+05
2.442052915136719640e-02 1.603139098547272442e+05
2.682695595500901239e-02 1.351178906845744641e+05
2.947051480134291537e-02 1.297065299348202097e+05
3.237457295239669353e-02 1.377078976042780560e+05
3.556480030685772731e-02 1.007492474487998115e+05
3.906939630451649464e-02 7.401860318519097927e+04
4.291933919013282694e-02 7.185107980453074561e+04
4.714865984004791566e-02 6.275972185529774288e+04
5.179474257198286163e-02 6.045922238925653801e+04
5.689865559697841746e-02 4.848902099694458593e+04
6.250551403444545850e-02 5.371206362817588524e+04
6.866487869913283359e-02 4.771373945860047388e+04
7.543119418501802176e-02 4.524078301157220267e+04
8.286427011848424007e-02 3.730361025383290689e+04
9.102980983473445142e-02 3.240747663820378148e+04
9.999999115058272325e-02 2.634498712041780527e+04
1.098541043672585787e-01 2.211942931449844036e+04
1.206792531427361148e-01 2.074412422876776327e+04
1.325711244288214907e-01 1.888612287273008042e+04
1.456348342787200378e-01 1.685784341440641583e+04
1.599858570014452974e-01 1.445658355040446986e+04
1.757510458761641914e-01 1.285538121525585302e+04
1.930697544488981787e-01 1.152646977187656375e+04
2.120950683230800604e-01 1.052473634297913850e+04
2.329951583321586417e-01 9.397901400451053632e+03
2.559547670553742882e-01 8.541800991766976949e+03
2.811768418164965477e-01 7.723237145777547084e+03
3.088843286001189403e-01 7.031375069364531555e+03
3.393221427425128778e-01 6.444265489017117943e+03
3.727593338166072523e-01 5.884690455186126201e+03
4.094914638472018087e-01 5.474777169798295290e+03
4.498432198782237879e-01 5.055891545173191844e+03
4.941712839853393824e-01 4.694060272898350377e+03
5.428674861028858212e-01 4.370966196015842797e+03
5.963622675339625978e-01 4.054844772591667606e+03
6.551284857587630350e-01 3.801756459608117439e+03
7.196855941730535555e-01 3.532798392182619864e+03
7.906042337028588163e-01 3.287290822014279911e+03
8.685112768820903995e-01 3.054368221409249145e+03
9.540953689793428838e-01 2.832040947675774532e+03
1.048113015153642191e+00 0.000000000000000000e+00
