1.048113066601954503e-02 3.183653293972200481e+04
1.151395323963562076e-02 0.000000000000000000e+00
1.264855132798976302e-02 2.822159249721358719e+04
1.389495400641860279e-02 3.230394342203052292e+04
1.526417862678452857e-02 3.492943194132862845e+04
1.676832820337198493e-02 0.000000000000000000e+00
1.842069839530119726e-02 2.807930153073760812e+04
2.023589503111089191e-02 2.905670097884733696e+04
2.222996321434766651e-02 3.766472685189015465e+04
2.442052915136719640e-02 2.182614563908815762e+04
2.682695595500901239e-02 2.355170249304430035e+04
2.947051480134291537e-02 2.790568086521766236e+04
3.237457295239669353e-02 2.215431407469689657e+04
3.556480030685772731e-02 2.075815327849677124e+04
3.906939630451649464e-02 2.028399386278101883e+04
4.291933919013282694e-02 1.814069387649403507e+04
4.714865984004791566e-02 1.644947366515270915e+04
5.179474257198286163e-02 1.645113597130361450e+04
5.689865559697841746e-02 1.479207446045088909e+04
6.250551403444545850e-02 1.497073037812286748e+04
6.866487869913283359e-02 1.468393071101011810e+04
7.543119418501802176e-02 1.299373215540266210e+04
8.286427011848424007e-02 1.184152142539427041e+04
9.102980983473445142e-02 9.975967971714941086e+03
9.999999115058272325e-02 8.311137999739272345e+03
1.098541043672585787e-01 7.767247466336040816e+03
1.206792531427361148e-01 7.272504029079887914e+03
1.325711244288214907e-01 6.343030776570465605e+03
1.456348342787200378e-01 5.748542568861888867e+03
1.599858570014452974e-01 4.876440496592838826e+03
1.757510458761641914e-01 4.422825761045570289e+03
1.930697544488981787e-01 4.041520349446684122e+03
2.120950683230800604e-01 3.550518082828174556e+03
2.329951583321586417e-01 3.151524892549087781e+03
2.559547670553742882e-01 2.862084910354154545e+03
2.811768418164965477e-01 2.550499971463646943e+03
3.088843286001189403e-01 2.297170338851824908e+03
3.393221427425128778e-01 2.088978302886997881e+03
3.727593338166072523e-01 1.889916735465824104e+03
4.094914638472018087e-01 1.727274426426567288e+03
4.498432198782237879e-01 1.578964989144024003e+03
4.941712839853393824e-01 1.445090701444683646e+03
5.428674861028858212e-01 1.333638466291463146e+03
5.963622675339625978e-01 1.235559123106376546e+03
6.551284857587630350e-01 1.145277542335495127e+03
7.196855941730535555e-01 1.064962065943535208e+03
7.906042337028588163e-01 9.945290927733231001e+02
8.685112768820903995e-01 9.306489020595909096e+02
9.540953689793428838e-01 8.738610189322077986e+02
1.048113015153642191e+00 0.000000000000000000e+00
