1.048113066601954503e-02 7.318161147411412094e+04
1.151395323963562076e-02 0.000000000000000000e+00
1.264855132798976302e-02 3.179422184184887446e+05
1.389495400641860279e-02 1.587448700208088267e+05
1.526417862678452857e-02 5.527976827031999710e+04
1.676832820337198493e-02 0.000000000000000000e+00
1.842069839530119726e-02 9.217891884363957797e+04
2.023589503111089191e-02 1.015361136376686045e+05
2.222996321434766651e-02 1.366690981147433631e+05
2.442052915136719640e-02 1.397905596602045698e+05
2.682695595500901239e-02 9.218881304299854673e+04
2.947051480134291537e-02 8.081817775550889201e+04
3.237457295239669353e-02 6.339578418349016283e+04
3.556480030685772731e-02 4.693970233943624771e+04
3.906939630451649464e-02 4.534440191672759829e+04
4.291933919013282694e-02 4.130672481109414366e+04
4.714865984004791566e-02 4.320413129371844116e+04
5.179474257198286163e-02 4.151058574700729514e+04
5.689865559697841746e-02 3.961179518553537491e+04
6.250551403444545850e-02 3.930651466981871636e+04
6.866487869913283359e-02 3.477121199298579450e+04
7.543119418501802176e-02 2.632579273872278281e+04
8.286427011848424007e-02 2.054997269002269604e+04
9.102980983473445142e-02 1.712444506731964793e+04
9.999999115058272325e-02 1.476273535022645228e+04
1.098541043672585787e-01 1.411399503052472937e+04
1.206792531427361148e-01 1.334820742907033491e+04
1.325711244288214907e-01 1.113202742154865518e+04
1.456348342787200378e-01 9.051566983610620809e+03
1.599858570014452974e-01 8.146548047312215203e+03
1.757510458761641914e-01 7.380835230701370165e+03
1.930697544488981787e-01 6.353719561405423519e+03
2.120950683230800604e-01 5.513216564185948300e+03
2.329951583321586417e-01 4.937828502900427338e+03
2.559547670553742882e-01 4.313883964005708549e+03
2.811768418164965477e-01 3.855275970413847972e+03
3.088843286001189403e-01 3.412681944131909404e+03
3.393221427425128778e-01 3.061392347160312511e+03
3.727593338166072523e-01 2.744440720369034352e+03
4.094914638472018087e-01 2.470956112471003962e+03
4.498432198782237879e-01 2.241303191009702459e+03
4.941712839853393824e-01 2.022166887907491173e+03
5.428674861028858212e-01 1.853771004000046105e+03
5.963622675339625978e-01 1.703553253283342656e+03
6.551284857587630350e-01 1.565830373279525702e+03
7.196855941730535555e-01 1.446920984111460257e+03
7.906042337028588163e-01 1.342309132870148915e+03
8.685112768820903995e-01 1.249563320161878892e+03
9.540953689793428838e-01 1.160779146912942679e+03
1.048113015153642191e+00 0.000000000000000000e+00
