1.048113066601954503e-02 8.387411129587879987e+04
1.151395323963562076e-02 0.000000000000000000e+00
1.264855132798976302e-02 8.604100841212728119e+04
1.389495400641860279e-02 9.372132880677295907e+04
1.526417862678452857e-02 1.442573695595304016e+05
1.676832820337198493e-02 0.000000000000000000e+00
1.842069839530119726e-02 1.663552244309353409e+05
2.023589503111089191e-02 1.693195674802454305e+05
2.222996321434766651e-02 1.542932450968053890e+05
2.442052915136719640e-02 1.102393990481357323e+05
2.682695595500901239e-02 1.598451955179724609e+05
2.947051480134291537e-02 1.163567495583690761e+05
3.237457295239669353e-02 1.205631153624369472e+05
3.556480030685772731e-02 9.977415854237989697e+04
3.906939630451649464e-02 7.854036540088959737e+04
4.291933919013282694e-02 8.685662540178785275e+04
4.714865984004791566e-02 8.214797958894610929e+04
5.179474257198286163e-02 8.206824727057902783e+04
5.689865559697841746e-02 7.716947298768899054e+04
6.250551403444545850e-02 7.055941988835608936e+04
6.866487869913283359e-02 6.114082188469636458e+04
7.543119418501802176e-02 5.721598806269376655e+04
8.286427011848424007e-02 5.444356093482160213e+04
9.102980983473445142e-02 4.910526902847431484e+04
9.999999115058272325e-02 4.286738851815251837e+04
1.098541043672585787e-01 3.685298057495847752e+04
1.206792531427361148e-01 3.334354342440907203e+04
1.325711244288214907e-01 3.063929349948365416e+04
1.456348342787200378e-01 2.789043648449497414e+04
1.599858570014452974e-01 2.510863698348807156e+04
1.757510458761641914e-01 2.232451689507532865e+04
1.930697544488981787e-01 2.052696183882441983e+04
2.120950683230800604e-01 1.867570341094524338e+04
2.329951583321586417e-01 1.701723500335311473e+04
2.559547670553742882e-01 1.565014154757450160e+04
2.811768418164965477e-01 1.434378404366789255e+04
3.088843286001189403e-01 1.320513628051193336e+04
3.393221427425128778e-01 1.227186767178111586e+04
3.727593338166072523e-01 1.150941180769498715e+04
4.094914638472018087e-01 1.070265288975678050e+04
4.498432198782237879e-01 1.005088956461150883e+04
4.941712839853393824e-01 9.442595677722054461e+03
5.428674861028858212e-01 8.898506348745735522e+03
5.963622675339625978e-01 8.385416909170595318e+03
6.551284857587630350e-01 7.924683188320952468e+03
7.196855941730535555e-01 7.455134027914617036e+03
7.906042337028588163e-01 7.038550482678409026e+03
8.685112768820903995e-01 6.631936989612918296e+03
9.540953689793428838e-01 6.230276042495434012e+03
1.048113015153642191e+00 0.000000000000000000e+00
