1.048113066601954503e-02 8.707537876256470918e+04
1.151395323963562076e-02 0.000000000000000000e+00
1.264855132798976302e-02 6.667723276095374604e+04
1.389495400641860279e-02 1.671373157593702781e+05
1.526417862678452857e-02 8.500354190920070687e+04
1.676832820337198493e-02 0.000000000000000000e+00
1.842069839530119726e-02 7.086280246585066197e+04
2.023589503111089191e-02 1.195192644639026839e+05
2.222996321434766651e-02 9.042593114322188194e+04
2.442052915136719640e-02 8.929984156585927121e+04
2.682695595500901239e-02 8.925778943998960312e+04
2.947051480134291537e-02 1.132084431371082028e+05
3.237457295239669353e-02 8.654949328410942690e+04
3.556480030685772731e-02 8.496482746882553329e+04
3.906939630451649464e-02 7.049081726977787912e+04
4.291933919013282694e-02 8.967781731007415510e+04
4.714865984004791566e-02 7.208515202671723091e+04
5.179474257198286163e-02 6.091221269936260069e+04
5.689865559697841746e-02 5.892312917405986809e+04
6.250551403444545850e-02 5.703721657396330556e+04
6.866487869913283359e-02 5.553031460428960418e+04
7.543119418501802176e-02 5.175501393252237904e+04
8.286427011848424007e-02 4.854569109641222167e+04
9.102980983473445142e-02 4.155271996243810281e+04
9.999999115058272325e-02 3.718001508531648142e+04
1.098541043672585787e-01 3.216759330716458135e+04
1.206792531427361148e-01 3.027888286330617120e+04
1.325711244288214907e-01 2.768745663563026756e+04
1.456348342787200378e-01 2.528371584605248790e+04
1.599858570014452974e-01 2.309861602649784254e+04
1.757510458761641914e-01 2.048467267412721776e+04
1.930697544488981787e-01 1.836527017786950455e+04
2.120950683230800604e-01 1.695248115387692451e+04
2.329951583321586417e-01 1.540080367056462273e+04
2.559547670553742882e-01 1.426258497263441313e+04
2.811768418164965477e-01 1.306770168206221388e+04
3.088843286001189403e-01 1.207157159222217160e+04
3.393221427425128778e-01 1.115474535427880983e+04
3.727593338166072523e-01 1.032975232847193547e+04
4.094914638472018087e-01 9.711953660812740054e+03
4.498432198782237879e-01 9.089902091682519313e+03
4.941712839853393824e-01 8.533452884353941045e+03
5.428674861028858212e-01 8.042719519652740928e+03
5.963622675339625978e-01 7.619605156417781473e+03
6.551284857587630350e-01 7.231477409100181831e+03
7.196855941730535555e-01 6.855365159591478914e+03
7.906042337028588163e-01 6.508043172086165214e+03
8.685112768820903995e-01 6.183730008901708970e+03
9.540953689793428838e-01 5.860193497778971505e+03
1.048113015153642191e+00 0.000000000000000000e+00
