1.048113066601954503e-02 8.633020498750984552e+04
1.151395323963562076e-02 0.000000000000000000e+00
1.264855132798976302e-02 1.386120098059596785e+05
1.389495400641860279e-02 1.088943720528731792e+05
1.526417862678452857e-02 1.036691433050264168e+05
1.676832820337198493e-02 0.000000000000000000e+00
1.842069839530119726e-02 1.008008816212857491e+05
2.023589503111089191e-02 1.129718341507351870e+05
2.222996321434766651e-02 8.782567334890141501e+04
2.442052915136719640e-02 7.064409470718262310e+04
2.682695595500901239e-02 7.195303319269405620e+04
2.947051480134291537e-02 9.264105131648544921e+04
3.237457295239669353e-02 7.792370926672860514e+04
3.556480030685772731e-02 5.139047920245846035e+04
3.906939630451649464e-02 5.600735777402487292e+04
4.291933919013282694e-02 4.816328116294161009e+04
4.714865984004791566e-02 4.655795969947394769e+04
5.179474257198286163e-02 4.031734596995249012e+04
5.689865559697841746e-02 4.129629441847300041e+04
6.250551403444545850e-02 3.773504575834657589e+04
6.866487869913283359e-02 3.424035639553951478e+04
7.543119418501802176e-02 3.508354960349452449e+04
8.286427011848424007e-02 2.946786168667138918e+04
9.102980983473445142e-02 2.568847185771712248e+04
9.999999115058272325e-02 2.055758879953531141e+04
1.098541043672585787e-01 1.814896360635780002e+04
1.206792531427361148e-01 1.639515832037965447e+04
1.325711244288214907e-01 1.609808202413247636e+04
1.456348342787200378e-01 1.428427166566365486e+04
1.599858570014452974e-01 1.208200653531461285e+04
1.757510458761641914e-01 1.088911178923809712e+04
1.930697544488981787e-01 1.000579110103395396e+04
2.120950683230800604e-01 9.209848585106428800e+03
2.329951583321586417e-01 8.104197535265255283e+03
2.559547670553742882e-01 7.425846516848864667e+03
2.811768418164965477e-01 6.739935578261097362e+03
3.088843286001189403e-01 6.139708915528059151e+03
3.393221427425128778e-01 5.667869326671348063e+03
3.727593338166072523e-01 5.220505765658715973e+03
4.094914638472018087e-01 4.825009795703981581e+03
4.498432198782237879e-01 4.502124325717155443e+03
4.941712839853393824e-01 4.207517061718053810e+03
5.428674861028858212e-01 3.928063149514242923e+03
5.963622675339625978e-01 3.688779678435227652e+03
6.551284857587630350e-01 3.463096523576395157e+03
7.196855941730535555e-01 3.253645223444880685e+03
7.906042337028588163e-01 3.063632821330460501e+03
8.685112768820903995e-01 2.879992519944557444e+03
9.540953689793428838e-01 2.716738045754997984e+03
1.048113015153642191e+00 0.000000000000000000e+00
