1.048113066601954503e-02 1.027544882406482357e+05
1.151395323963562076e-02 0.000000000000000000e+00
1.264855132798976302e-02 1.471117151884412160e+05
1.389495400641860279e-02 2.400302009414129716e+05
1.526417862678452857e-02 1.781420002632687974e+05
1.676832820337198493e-02 0.000000000000000000e+00
1.842069839530119726e-02 2.665774664567340515e+05
2.023589503111089191e-02 2.690232119231716497e+05
2.222996321434766651e-02 2.056282165094492375e+05
2.442052915136719640e-02 2.240578092055239831e+05
2.682695595500901239e-02 1.383713287577237352e+05
2.947051480134291537e-02 1.769996178315041761e+05
3.237457295239669353e-02 1.481141000175294466e+05
3.556480030685772731e-02 1.254465878501793050e+05
3.906939630451649464e-02 1.106779814080883953e+05
4.291933919013282694e-02 1.113076626132322126e+05
4.714865984004791566e-02 1.068549568127326493e+05
5.179474257198286163e-02 9.858502202673055581e+04
5.689865559697841746e-02 9.105296933075546985e+04
6.250551403444545850e-02 8.224109254284307826e+04
6.866487869913283359e-02 7.614020277514698682e+04
7.543119418501802176e-02 7.306242977192920807e+04
8.286427011848424007e-02 6.341111537111153302e+04
9.102980983473445142e-02 5.309030946088506607e+04
9.999999115058272325e-02 4.639020700317049341e+04
1.098541043672585787e-01 4.323631102806168929e+04
1.206792531427361148e-01 4.117011511109658750e+04
1.325711244288214907e-01 3.638451765824520407e+04
1.456348342787200378e-01 3.188520604385607294e+04
1.599858570014452974e-01 2.913180510283957119e+04
1.757510458761641914e-01 2.653469567598764115e+04
1.930697544488981787e-01 2.405187759465433555e+04
2.120950683230800604e-01 2.208885569130233489e+04
2.329951583321586417e-01 1.997101401774107217e+04
2.559547670553742882e-01 1.842799418139366753e+04
2.811768418164965477e-01 1.693532096411345265e+04
3.088843286001189403e-01 1.576505072864422982e+04
3.393221427425128778e-01 1.480684650687886824e+04
3.727593338166072523e-01 1.386811543909726788e+04
4.094914638472018087e-01 1.298987616642781359e+04
4.498432198782237879e-01 1.222879155422000622e+04
4.941712839853393824e-01 1.148557103736934368e+04
5.428674861028858212e-01 1.088952542295652893e+04
5.963622675339625978e-01 1.031766854403772959e+04
6.551284857587630350e-01 9.791190551937912460e+03
7.196855941730535555e-01 9.291255705075564038e+03
7.906042337028588163e-01 8.807850048227732259e+03
8.685112768820903995e-01 8.329463275353080462e+03
9.540953689793428838e-01 7.880778240439648471e+03
1.048113015153642191e+00 0.000000000000000000e+00
