1.048113066601954503e-02 2.320327822947961395e+05
1.151395323963562076e-02 0.000000000000000000e+00
1.264855132798976302e-02 8.120298719622910721e+04
1.389495400641860279e-02 5.919484395112833590e+04
1.526417862678452857e-02 1.169242027004185220e+05
1.676832820337198493e-02 0.000000000000000000e+00
1.842069839530119726e-02 8.963703882700460963e+04
2.023589503111089191e-02 1.010197388187420584e+05
2.222996321434766651e-02 1.522888950503363158e+05
2.442052915136719640e-02 1.220411385058556043e+05
2.682695595500901239e-02 1.027029420699254697e+05
2.947051480134291537e-02 1.048245957066596166e+05
3.237457295239669353e-02 7.634208213372519822e+04
3.556480030685772731e-02 5.754198338137716928e+04
3.906939630451649464e-02 6.766775048880233953e+04
4.291933919013282694e-02 5.678297390868438379e+04
4.714865984004791566e-02 5.677838454741882742e+04
5.179474257198286163e-02 5.118586965567596781e+04
5.689865559697841746e-02 4.613667223418951471e+04
6.250551403444545850e-02 4.138608457932819147e+04
6.866487869913283359e-02 3.823104498849638185e+04
7.543119418501802176e-02 3.678932375546568073e+04
8.286427011848424007e-02 3.401308817371151235e+04
9.102980983473445142e-02 2.999778568442313190e+04
9.999999115058272325e-02 2.563106233222395895e+04
1.098541043672585787e-01 2.016511078584346251e+04
1.206792531427361148e-01 1.925685291498853985e+04
1.325711244288214907e-01 1.748976864982670668e+04
1.456348342787200378e-01 1.615972363731614496e+04
1.599858570014452974e-01 1.414182781329234240e+04
1.757510458761641914e-01 1.252079021389257650e+04
1.930697544488981787e-01 1.110343568282080741e+04
2.120950683230800604e-01 1.006432619261799300e+04
2.329951583321586417e-01 8.996557643878291856e+03
2.559547670553742882e-01 8.230673249534989736e+03
2.811768418164965477e-01 7.505056717892941379e+03
3.088843286001189403e-01 6.827351168247152600e+03
3.393221427425128778e-01 6.275708755392950479e+03
3.727593338166072523e-01 5.731051548439312683e+03
4.094914638472018087e-01 5.334541305339399514e+03
4.498432198782237879e-01 4.932449860640363113e+03
4.941712839853393824e-01 4.595026119280541934e+03
5.428674861028858212e-01 4.277993481776897170e+03
5.963622675339625978e-01 4.014147139509024782e+03
6.551284857587630350e-01 3.771199009371704051e+03
7.196855941730535555e-01 3.540205511325661519e+03
7.906042337028588163e-01 3.323681569251944893e+03
8.685112768820903995e-01 3.123242166468695359e+03
9.540953689793428838e-01 2.933277045098238887e+03
1.048113015153642191e+00 0.000000000000000000e+00
