1.048113066601954503e-02 2.415611192688546362e+04
1.151395323963562076e-02 0.000000000000000000e+00
1.264855132798976302e-02 2.006669948366767858e+04
1.389495400641860279e-02 1.734499370614459986e+04
1.526417862678452857e-02 2.033088370230744476e+04
1.676832820337198493e-02 0.000000000000000000e+00
1.842069839530119726e-02 2.297578273668771726e+04
2.023589503111089191e-02 2.044741491499088443e+04
2.222996321434766651e-02 2.348121192372463702e+04
2.442052915136719640e-02 3.335131409543689369e+04
2.682695595500901239e-02 2.483080416403200434e+04
2.947051480134291537e-02 2.093686936819341645e+04
3.237457295239669353e-02 2.904728203615493840e+04
3.556480030685772731e-02 2.299090115922320547e+04
3.906939630451649464e-02 2.633264437851564071e+04
4.291933919013282694e-02 2.598492882855075732e+04
4.714865984004791566e-02 2.141639252425180894e+04
5.179474257198286163e-02 1.965926095790025647e+04
5.689865559697841746e-02 2.028795040708718079e+04
6.250551403444545850e-02 2.046190507093122869e+04
6.866487869913283359e-02 2.074694625126254323e+04
7.543119418501802176e-02 1.934633282620194223e+04
8.286427011848424007e-02 1.732657726030686172e+04
9.102980983473445142e-02 1.642982896160873497e+04
9.999999115058272325e-02 1.522222286087154498e+04
1.098541043672585787e-01 1.312881639143828215e+04
1.206792531427361148e-01 1.233901250265180352e+04
1.325711244288214907e-01 1.143686223581548256e+04
1.456348342787200378e-01 1.073421975228680822e+04
1.599858570014452974e-01 9.768310786417559939e+03
1.757510458761641914e-01 8.528493377346758280e+03
1.930697544488981787e-01 7.943992303033871394e+03
2.120950683230800604e-01 7.304329312665830003e+03
2.329951583321586417e-01 6.633308106544561269e+03
2.559547670553742882e-01 6.033892079846682464e+03
2.811768418164965477e-01 5.553331302077378496e+03
3.088843286001189403e-01 5.152564118073612917e+03
3.393221427425128778e-01 4.740234423676037295e+03
3.727593338166072523e-01 4.392872476459863719e+03
4.094914638472018087e-01 4.104491186694645876e+03
4.498432198782237879e-01 3.842720117568320347e+03
4.941712839853393824e-01 3.620649061462053396e+03
5.428674861028858212e-01 3.411772536424999089e+03
5.963622675339625978e-01 3.213284214690713270e+03
6.551284857587630350e-01 3.051882609041403612e+03
7.196855941730535555e-01 2.892650057538999135e+03
7.906042337028588163e-01 2.751617078815365403e+03
8.685112768820903995e-01 2.620198595923731318e+03
9.540953689793428838e-01 2.494489727327884339e+03
1.048113015153642191e+00 0.000000000000000000e+00
