1.048113066601954503e-02 4.537104727600992192e+05
1.151395323963562076e-02 0.000000000000000000e+00
1.264855132798976302e-02 2.038603242780078144e+05
1.389495400641860279e-02 7.485274507950970437e+05
1.526417862678452857e-02 4.677418567203567363e+05
1.676832820337198493e-02 0.000000000000000000e+00
1.842069839530119726e-02 4.420695585354397190e+05
2.023589503111089191e-02 4.549952269556492683e+05
2.222996321434766651e-02 3.391324190817556228e+05
2.442052915136719640e-02 3.913610677258593496e+05
2.682695595500901239e-02 3.016456448545816238e+05
2.947051480134291537e-02 2.823641867402138887e+05
3.237457295239669353e-02 2.053626495654119062e+05
3.556480030685772731e-02 2.119516501889176434e+05
3.906939630451649464e-02 1.451898803321541636e+05
4.291933919013282694e-02 1.446138011033433140e+05
4.714865984004791566e-02 1.227595034645227715e+05
5.179474257198286163e-02 1.229448334049839759e+05
5.689865559697841746e-02 1.233064951590848796e+05
6.250551403444545850e-02 1.221866374606746976e+05
6.866487869913283359e-02 1.028177815058838169e+05
7.543119418501802176e-02 8.323989068475771637e+04
8.286427011848424007e-02 7.214875150702927203e+04
9.102980983473445142e-02 5.789152682463957171e+04
9.999999115058272325e-02 5.298707833631357789e+04
1.098541043672585787e-01 4.872734507769102493e+04
1.206792531427361148e-01 4.528940714920895698e+04
1.325711244288214907e-01 3.867714250747503684e+04
1.456348342787200378e-01 3.450805102964748949e+04
1.599858570014452974e-01 3.109156959035490218e+04
1.757510458761641914e-01 2.817268320437890725e+04
1.930697544488981787e-01 2.571132128528046451e+04
2.120950683230800604e-01 2.338290185019211640e+04
2.329951583321586417e-01 2.116090477948121043e+04
2.559547670553742882e-01 1.942338961190258124e+04
2.811768418164965477e-01 1.803408398150002176e+04
3.088843286001189403e-01 1.649282984314097121e+04
3.393221427425128778e-01 1.543000845283035596e+04
3.727593338166072523e-01 1.430291326752158420e+04
4.094914638472018087e-01 1.334636866569374797e+04
4.498432198782237879e-01 1.252566971415319858e+04
4.941712839853393824e-01 1.181938198443902002e+04
5.428674861028858212e-01 1.106970196776970806e+04
5.963622675339625978e-01 1.043648648915272861e+04
6.551284857587630350e-01 9.820224956692565684e+03
7.196855941730535555e-01 9.224103881674152944e+03
7.906042337028588163e-01 8.603131566382879100e+03
8.685112768820903995e-01 8.057495190480874044e+03
9.540953689793428838e-01 7.513716643342189855e+03
1.048113015153642191e+00 0.000000000000000000e+00
