1.048113066601954503e-02 5.579547070934574731e+04
1.151395323963562076e-02 0.000000000000000000e+00
1.264855132798976302e-02 5.445105631090922543e+04
1.389495400641860279e-02 2.702650239743017300e+04
1.526417862678452857e-02 4.525320940059900749e+04
1.676832820337198493e-02 0.000000000000000000e+00
1.842069839530119726e-02 6.932733045021852013e+04
2.023589503111089191e-02 4.303595779924935778e+04
2.222996321434766651e-02 6.905006048705562716e+04
2.442052915136719640e-02 6.154486280743086536e+04
2.682695595500901239e-02 5.103751141438102059e+04
2.947051480134291537e-02 4.728103277597377746e+04
3.237457295239669353e-02 4.569609731917009049e+04
3.556480030685772731e-02 3.705142078894478618e+04
3.906939630451649464e-02 3.972534238876649761e+04
4.291933919013282694e-02 3.915038127339967468e+04
4.714865984004791566e-02 3.046294838701342087e+04
5.179474257198286163e-02 3.444745545541539468e+04
5.689865559697841746e-02 2.947717272872761532e+04
6.250551403444545850e-02 2.992083710018856436e+04
6.866487869913283359e-02 2.796516205878422988e+04
7.543119418501802176e-02 2.610464111462822257e+04
8.286427011848424007e-02 2.336363272194457386e+04
9.102980983473445142e-02 2.152466745569038903e+04
9.999999115058272325e-02 1.895937505603493628e+04
1.098541043672585787e-01 1.733391198746790178e+04
1.206792531427361148e-01 1.498377036287333249e+04
1.325711244288214907e-01 1.406475753360171075e+04
1.456348342787200378e-01 1.266446047494760933e+04
1.599858570014452974e-01 1.137574635104227855e+04
1.757510458761641914e-01 9.917532438026781165e+03
1.930697544488981787e-01 8.989977332396485508e+03
2.120950683230800604e-01 8.101103480024620694e+03
2.329951583321586417e-01 7.286872006532368687e+03
2.559547670553742882e-01 6.565474400016084473e+03
2.811768418164965477e-01 5.880450322706285988e+03
3.088843286001189403e-01 5.345467482477293743e+03
3.393221427425128778e-01 4.913285141348743309e+03
3.727593338166072523e-01 4.470101719252336807e+03
4.094914638472018087e-01 4.083033088019694787e+03
4.498432198782237879e-01 3.776774265595110592e+03
4.941712839853393824e-01 3.483514714695078510e+03
5.428674861028858212e-01 3.228629883387227892e+03
5.963622675339625978e-01 3.015160579736316322e+03
6.551284857587630350e-01 2.805581151563503681e+03
7.196855941730535555e-01 2.635691423686998860e+03
7.906042337028588163e-01 2.472369008207667775e+03
8.685112768820903995e-01 2.330323752185215199e+03
9.540953689793428838e-01 2.197096040099540005e+03
1.048113015153642191e+00 0.000000000000000000e+00
