1.048113066601954503e-02 8.586299490816087928e+04
1.151395323963562076e-02 0.000000000000000000e+00
1.264855132798976302e-02 1.007130199348665046e+05
1.389495400641860279e-02 1.191590844237308920e+05
1.526417862678452857e-02 2.207254052953383070e+05
1.676832820337198493e-02 0.000000000000000000e+00
1.842069839530119726e-02 8.178491500290324620e+04
2.023589503111089191e-02 1.146379441737706366e+05
2.222996321434766651e-02 1.330711059333230951e+05
2.442052915136719640e-02 1.215960804030797299e+05
2.682695595500901239e-02 8.912858331513442681e+04
2.947051480134291537e-02 1.062589735221224109e+05
3.237457295239669353e-02 6.597167174426768906e+04
3.556480030685772731e-02 6.685474249964143382e+04
3.906939630451649464e-02 4.558195161776016175e+04
4.291933919013282694e-02 6.129708136483130511e+04
4.714865984004791566e-02 5.840283035217559518e+04
5.179474257198286163e-02 5.356574479940030869e+04
5.689865559697841746e-02 4.800940687223653367e+04
6.250551403444545850e-02 4.225170757097763271e+04
6.866487869913283359e-02 3.465090291662357049e+04
7.543119418501802176e-02 2.876446932591807126e+04
8.286427011848424007e-02 2.381851961531000052e+04
9.102980983473445142e-02 2.199957208267155147e+04
9.999999115058272325e-02 1.994981840790766364e+04
1.098541043672585787e-01 1.726003691100147262e+04
1.206792531427361148e-01 1.452711874127353440e+04
1.325711244288214907e-01 1.274638465675458610e+04
1.456348342787200378e-01 1.135569783954510058e+04
1.599858570014452974e-01 9.969382011818266619e+03
1.757510458761641914e-01 8.579294713438865074e+03
1.930697544488981787e-01 7.612417682166957093e+03
2.120950683230800604e-01 6.737824077213026612e+03
2.329951583321586417e-01 5.997810697930645802e+03
2.559547670553742882e-01 5.290265911594632598e+03
2.811768418164965477e-01 4.729670437689917890e+03
3.088843286001189403e-01 4.272214159451895284e+03
3.393221427425128778e-01 3.865934776211683584e+03
3.727593338166072523e-01 3.467116683754124097e+03
4.094914638472018087e-01 3.159248600591115064e+03
4.498432198782237879e-01 2.895011893774731107e+03
4.941712839853393824e-01 2.669468933340111107e+03
5.428674861028858212e-01 2.444801558031295826e+03
5.963622675339625978e-01 2.270354522278692457e+03
6.551284857587630350e-01 2.095807275283124909e+03
7.196855941730535555e-01 1.943294776400073488e+03
7.906042337028588163e-01 1.802609259037738184e+03
8.685112768820903995e-01 1.679748156015678660e+03
9.540953689793428838e-01 1.565236924223726874e+03
1.048113015153642191e+00 0.000000000000000000e+00
