1.048113066601954503e-02 2.687174791383417687e+04
1.151395323963562076e-02 0.000000000000000000e+00
1.264855132798976302e-02 3.881703886185196461e+04
1.389495400641860279e-02 5.419728532744900440e+04
1.526417862678452857e-02 2.887795085319873760e+04
1.676832820337198493e-02 0.000000000000000000e+00
1.842069839530119726e-02 3.005069685222813132e+04
2.023589503111089191e-02 4.528975339011859614e+04
2.222996321434766651e-02 2.570443049918581528e+04
2.442052915136719640e-02 2.954015070929441936e+04
2.682695595500901239e-02 3.906975002325350215e+04
2.947051480134291537e-02 3.957815827493932011e+04
3.237457295239669353e-02 3.853559444234202965e+04
3.556480030685772731e-02 3.581166655613580951e+04
3.906939630451649464e-02 3.419480202764586284e+04
4.291933919013282694e-02 2.831697977176582208e+04
4.714865984004791566e-02 2.891754441976372982e+04
5.179474257198286163e-02 2.667445379868167220e+04
5.689865559697841746e-02 2.220761597614618222e+04
6.250551403444545850e-02 2.410426601819264761e+04
6.866487869913283359e-02 2.230227375468051468e+04
7.543119418501802176e-02 2.030941824156497023e+04
8.286427011848424007e-02 1.833772185186782008e+04
9.102980983473445142e-02 1.766880879205631936e+04
9.999999115058272325e-02 1.639383453399517020e+04
1.098541043672585787e-01 1.378451992388753388e+04
1.206792531427361148e-01 1.244655143955979838e+04
1.325711244288214907e-01 1.152423953120072110e+04
1.456348342787200378e-01 1.047951831369982938e+04
1.599858570014452974e-01 9.205559897271972659e+03
1.757510458761641914e-01 8.051102143259775403e+03
1.930697544488981787e-01 7.439592350378299670e+03
2.120950683230800604e-01 6.629108875303405512e+03
2.329951583321586417e-01 5.967290594971253086e+03
2.559547670553742882e-01 5.312825058437443658e+03
2.811768418164965477e-01 4.852158097006497883e+03
3.088843286001189403e-01 4.412417936434226249e+03
3.393221427425128778e-01 3.987785771829565419e+03
3.727593338166072523e-01 3.646593398961155799e+03
4.094914638472018087e-01 3.319573724822571876e+03
4.498432198782237879e-01 3.084822620927774551e+03
4.941712839853393824e-01 2.843801524059176700e+03
5.428674861028858212e-01 2.639888241064847989e+03
5.963622675339625978e-01 2.451247723212318306e+03
6.551284857587630350e-01 2.285754827289898913e+03
7.196855941730535555e-01 2.141817532163827764e+03
7.906042337028588163e-01 2.008013516936875476e+03
8.685112768820903995e-01 1.888123724493794271e+03
9.540953689793428838e-01 1.783077942600466258e+03
1.048113015153642191e+00 0.000000000000000000e+00
