1.048113066601954503e-02 8.706879578725069223e+03
1.151395323963562076e-02 0.000000000000000000e+00
1.264855132798976302e-02 1.999044178701122655e+04
1.389495400641860279e-02 2.925456156789803572e+04
1.526417862678452857e-02 2.805100006764565478e+04
1.676832820337198493e-02 0.000000000000000000e+00
1.842069839530119726e-02 3.871157794713119074e+04
2.023589503111089191e-02 2.558058834551101609e+04
2.222996321434766651e-02 3.088611860438566146e+04
2.442052915136719640e-02 3.302265329774006386e+04
2.682695595500901239e-02 2.522143950584130653e+04
2.947051480134291537e-02 2.923149404918132859e+04
3.237457295239669353e-02 3.109105012657301995e+04
3.556480030685772731e-02 2.917786350229968230e+04
3.906939630451649464e-02 2.543715469676991779e+04
4.291933919013282694e-02 2.405799870785712119e+04
4.714865984004791566e-02 2.374363180069065129e+04
5.179474257198286163e-02 2.383222307477811046e+04
5.689865559697841746e-02 1.932533845562397983e+04
6.250551403444545850e-02 2.005245108842018817e+04
6.866487869913283359e-02 1.968369808304543403e+04
7.543119418501802176e-02 1.907836743390817719e+04
8.286427011848424007e-02 1.806885880849543173e+04
9.102980983473445142e-02 1.607472829949539664e+04
9.999999115058272325e-02 1.435451205204928192e+04
1.098541043672585787e-01 1.348226438809469801e+04
1.206792531427361148e-01 1.195778640801288202e+04
1.325711244288214907e-01 1.114335517911947500e+04
1.456348342787200378e-01 1.034470107978071428e+04
1.599858570014452974e-01 9.225830037312502100e+03
1.757510458761641914e-01 8.328029788969492074e+03
1.930697544488981787e-01 7.490565213917058827e+03
2.120950683230800604e-01 6.937282539107965022e+03
2.329951583321586417e-01 6.324297200038255141e+03
2.559547670553742882e-01 5.691918667762927726e+03
2.811768418164965477e-01 5.243656322469671068e+03
3.088843286001189403e-01 4.784040121958921191e+03
3.393221427425128778e-01 4.412549907438824448e+03
3.727593338166072523e-01 4.053316903802002344e+03
4.094914638472018087e-01 3.779487060885817300e+03
4.498432198782237879e-01 3.524728689773663518e+03
4.941712839853393824e-01 3.296088994482215639e+03
5.428674861028858212e-01 3.084312982531611397e+03
5.963622675339625978e-01 2.902545893041546606e+03
6.551284857587630350e-01 2.736699947376914679e+03
7.196855941730535555e-01 2.590420889909643392e+03
7.906042337028588163e-01 2.453718340878389427e+03
8.685112768820903995e-01 2.324949448915433550e+03
9.540953689793428838e-01 2.210689097542103809e+03
1.048113015153642191e+00 0.000000000000000000e+00
