1.048113066601954503e-02 1.738723587408154272e+05
1.151395323963562076e-02 0.000000000000000000e+00
1.264855132798976302e-02 1.390857386639649048e+05
1.389495400641860279e-02 6.595382441236320301e+04
1.526417862678452857e-02 1.458142272358094342e+05
1.676832820337198493e-02 0.000000000000000000e+00
1.842069839530119726e-02 1.295151333611781301e+05
2.023589503111089191e-02 1.558439423672160483e+05
2.222996321434766651e-02 2.043843607953164028e+05
2.442052915136719640e-02 9.408807451203154051e+04
2.682695595500901239e-02 1.319392902123502572e+05
2.947051480134291537e-02 1.092054243609477853e+05
3.237457295239669353e-02 1.091201232553258596e+05
3.556480030685772731e-02 8.420958993149452726e+04
3.906939630451649464e-02 9.881939537912499509e+04
4.291933919013282694e-02 8.405630848502069421e+04
4.714865984004791566e-02 7.220778032588175847e+04
5.179474257198286163e-02 7.056618573354653199e+04
5.689865559697841746e-02 6.536843407341556303e+04
6.250551403444545850e-02 5.773418133637953724e+04
6.866487869913283359e-02 5.988118523247502162e+04
7.543119418501802176e-02 5.569799022992631944e+04
8.286427011848424007e-02 4.770666893294636975e+04
9.102980983473445142e-02 4.084099094750999211e+04
9.999999115058272325e-02 3.430117182229431637e+04
1.098541043672585787e-01 3.116132298453009207e+04
1.206792531427361148e-01 2.876990202843410225e+04
1.325711244288214907e-01 2.713226779781074219e+04
1.456348342787200378e-01 2.397684024843520456e+04
1.599858570014452974e-01 2.008256140920315738e+04
1.757510458761641914e-01 1.804981267375438983e+04
1.930697544488981787e-01 1.641944791718071792e+04
2.120950683230800604e-01 1.501402251314459136e+04
2.329951583321586417e-01 1.337996513207082171e+04
2.559547670553742882e-01 1.231500649801797772e+04
2.811768418164965477e-01 1.113561473876081436e+04
3.088843286001189403e-01 1.021933371433171487e+04
3.393221427425128778e-01 9.296619351973200537e+03
3.727593338166072523e-01 8.565643407086754451e+03
4.094914638472018087e-01 7.956925431332649168e+03
4.498432198782237879e-01 7.413871717807827736e+03
4.941712839853393824e-01 6.927398535829686807e+03
5.428674861028858212e-01 6.492954618082718298e+03
5.963622675339625978e-01 6.076039875520908026e+03
6.551284857587630350e-01 5.712378710217922162e+03
7.196855941730535555e-01 5.392011269375258053e+03
7.906042337028588163e-01 5.088196781389853641e+03
8.685112768820903995e-01 4.811603010179871490e+03
9.540953689793428838e-01 4.549395150931144599e+03
1.048113015153642191e+00 0.000000000000000000e+00
