1.048113066601954503e-02 8.794297732046901365e+04
1.151395323963562076e-02 0.000000000000000000e+00
1.264855132798976302e-02 7.733838027008986683e+04
1.389495400641860279e-02 9.488512978606944671e+04
1.526417862678452857e-02 7.443874444215987751e+04
1.676832820337198493e-02 0.000000000000000000e+00
1.842069839530119726e-02 1.146779717781741347e+05
2.023589503111089191e-02 1.305260064394185029e+05
2.222996321434766651e-02 9.330029784905639826e+04
2.442052915136719640e-02 1.059281955615560582e+05
2.682695595500901239e-02 1.266051218471515749e+05
2.947051480134291537e-02 1.079504999768189591e+05
3.237457295239669353e-02 1.071775396503317170e+05
3.556480030685772731e-02 1.032150495598450652e+05
3.906939630451649464e-02 8.793523589002049994e+04
4.291933919013282694e-02 8.601723079078865703e+04
4.714865984004791566e-02 7.586381698578115902e+04
5.179474257198286163e-02 6.660455564285893342e+04
5.689865559697841746e-02 6.313761853335442720e+04
6.250551403444545850e-02 5.993325243768596556e+04
6.866487869913283359e-02 5.622608902185448824e+04
7.543119418501802176e-02 5.527150147558089520e+04
8.286427011848424007e-02 5.276463289861957310e+04
9.102980983473445142e-02 4.544288727540962282e+04
9.999999115058272325e-02 3.970481604274162964e+04
1.098541043672585787e-01 3.449032469070985826e+04
1.206792531427361148e-01 3.146978939155495027e+04
1.325711244288214907e-01 2.915660013837384759e+04
1.456348342787200378e-01 2.613409688363463647e+04
1.599858570014452974e-01 2.411759078710643371e+04
1.757510458761641914e-01 2.135297870170526585e+04
1.930697544488981787e-01 1.939696950339033356e+04
2.120950683230800604e-01 1.767700073056193287e+04
2.329951583321586417e-01 1.615764046518750911e+04
2.559547670553742882e-01 1.465903089138903670e+04
2.811768418164965477e-01 1.363680645771776653e+04
3.088843286001189403e-01 1.249272245589289923e+04
3.393221427425128778e-01 1.169500965313279812e+04
3.727593338166072523e-01 1.085303849631247795e+04
4.094914638472018087e-01 1.011995300738546757e+04
4.498432198782237879e-01 9.523381123488004960e+03
4.941712839853393824e-01 8.970637903420898510e+03
5.428674861028858212e-01 8.485289045571145834e+03
5.963622675339625978e-01 8.025355417099422993e+03
6.551284857587630350e-01 7.603387169816970527e+03
7.196855941730535555e-01 7.192972126816564014e+03
7.906042337028588163e-01 6.825154885257026763e+03
8.685112768820903995e-01 6.433294327145753414e+03
9.540953689793428838e-01 6.075547100655608119e+03
1.048113015153642191e+00 0.000000000000000000e+00
