1.048113066601954503e-02 2.282475784554266138e+05
1.151395323963562076e-02 0.000000000000000000e+00
1.264855132798976302e-02 1.320960433637877286e+05
1.389495400641860279e-02 2.433361010927060852e+05
1.526417862678452857e-02 1.721907461345660849e+05
1.676832820337198493e-02 0.000000000000000000e+00
1.842069839530119726e-02 1.614273214504022617e+05
2.023589503111089191e-02 1.906263288035923615e+05
2.222996321434766651e-02 1.653361151381613745e+05
2.442052915136719640e-02 1.856705676287706010e+05
2.682695595500901239e-02 1.170977358322387154e+05
2.947051480134291537e-02 1.124780270238364901e+05
3.237457295239669353e-02 8.372241575695028587e+04
3.556480030685772731e-02 5.635811960390603053e+04
3.906939630451649464e-02 4.935130623360871687e+04
4.291933919013282694e-02 4.152134957683140965e+04
4.714865984004791566e-02 3.563087050896039727e+04
5.179474257198286163e-02 4.065329509397811489e+04
5.689865559697841746e-02 3.619017533987154457e+04
6.250551403444545850e-02 3.180329204601937818e+04
6.866487869913283359e-02 2.834409109172219178e+04
7.543119418501802176e-02 2.332548995741701219e+04
8.286427011848424007e-02 1.832199095189901345e+04
9.102980983473445142e-02 1.406679729569942720e+04
9.999999115058272325e-02 1.259538093382720763e+04
1.098541043672585787e-01 1.147754949281815425e+04
1.206792531427361148e-01 1.039137995117511491e+04
1.325711244288214907e-01 8.549723109493404991e+03
1.456348342787200378e-01 7.108764424773729843e+03
1.599858570014452974e-01 6.023669411734150344e+03
1.757510458761641914e-01 5.341376074756539310e+03
1.930697544488981787e-01 4.649282809903547786e+03
2.120950683230800604e-01 3.963597633409947775e+03
2.329951583321586417e-01 3.461514657156556495e+03
2.559547670553742882e-01 3.034446942724104701e+03
2.811768418164965477e-01 2.654919675405356429e+03
3.088843286001189403e-01 2.319837249526777669e+03
3.393221427425128778e-01 2.056212561556967557e+03
3.727593338166072523e-01 1.818993273765630875e+03
4.094914638472018087e-01 1.617970099274932636e+03
4.498432198782237879e-01 1.442525203225942732e+03
4.941712839853393824e-01 1.297855138207440177e+03
5.428674861028858212e-01 1.169879921440756334e+03
5.963622675339625978e-01 1.056792070040087992e+03
6.551284857587630350e-01 9.561997910216114178e+02
7.196855941730535555e-01 8.708024460031352874e+02
7.906042337028588163e-01 7.958288506151951651e+02
8.685112768820903995e-01 7.293019622322231044e+02
9.540953689793428838e-01 6.671670521245960117e+02
1.048113015153642191e+00 0.000000000000000000e+00
