1.048113066601954503e-02 4.010925150274426414e+04
1.151395323963562076e-02 0.000000000000000000e+00
1.264855132798976302e-02 2.654451816635143769e+04
1.389495400641860279e-02 2.779527203810340143e+04
1.526417862678452857e-02 2.153378422005477478e+04
1.676832820337198493e-02 0.000000000000000000e+00
1.842069839530119726e-02 3.207071052825225343e+04
2.023589503111089191e-02 2.807350086904727505e+04
2.222996321434766651e-02 3.047473182442493635e+04
2.442052915136719640e-02 2.212367148696323420e+04
2.682695595500901239e-02 3.838037901537454309e+04
2.947051480134291537e-02 3.172612247992328776e+04
3.237457295239669353e-02 2.693671676928377201e+04
3.556480030685772731e-02 2.930093186271280501e+04
3.906939630451649464e-02 2.262372695391890375e+04
4.291933919013282694e-02 2.404334775366042231e+04
4.714865984004791566e-02 2.252231481087963766e+04
5.179474257198286163e-02 1.988787586022645701e+04
5.689865559697841746e-02 1.948638015529724726e+04
6.250551403444545850e-02 1.712819443740522911e+04
6.866487869913283359e-02 1.633018546129052265e+04
7.543119418501802176e-02 1.601426486595607821e+04
8.286427011848424007e-02 1.406492170360244927e+04
9.102980983473445142e-02 1.213724977165680684e+04
9.999999115058272325e-02 1.079837660017505186e+04
1.098541043672585787e-01 9.434829309204917081e+03
1.206792531427361148e-01 9.041659588220105434e+03
1.325711244288214907e-01 8.219665430582072077e+03
1.456348342787200378e-01 7.446030245543636738e+03
1.599858570014452974e-01 6.309824580983856322e+03
1.757510458761641914e-01 5.710371196451591459e+03
1.930697544488981787e-01 5.204159328077776081e+03
2.120950683230800604e-01 4.600349003587889456e+03
2.329951583321586417e-01 4.037542575897865845e+03
2.559547670553742882e-01 3.664608547324506617e+03
2.811768418164965477e-01 3.286232859327778897e+03
3.088843286001189403e-01 2.954360070745187386e+03
3.393221427425128778e-01 2.671416045878699606e+03
3.727593338166072523e-01 2.420598496347513901e+03
4.094914638472018087e-01 2.196903635561840929e+03
4.498432198782237879e-01 2.007409420841100427e+03
4.941712839853393824e-01 1.848438423356336443e+03
5.428674861028858212e-01 1.698754761623176819e+03
5.963622675339625978e-01 1.573248599759535409e+03
6.551284857587630350e-01 1.456019412894301240e+03
7.196855941730535555e-01 1.350113735206908132e+03
7.906042337028588163e-01 1.260513507411862065e+03
8.685112768820903995e-01 1.177936736985872130e+03
9.540953689793428838e-01 1.103432046114831337e+03
1.048113015153642191e+00 0.000000000000000000e+00
