1.048113066601954503e-02 5.353567193026310269e+04
1.151395323963562076e-02 0.000000000000000000e+00
1.264855132798976302e-02 1.701737321167684422e+04
1.389495400641860279e-02 3.113805474582292663e+04
1.526417862678452857e-02 3.235300689467883785e+04
1.676832820337198493e-02 0.000000000000000000e+00
1.842069839530119726e-02 2.032162652349453856e+04
2.023589503111089191e-02 2.805858153787720585e+04
2.222996321434766651e-02 2.750205526218448358e+04
2.442052915136719640e-02 3.999537804370039521e+04
2.682695595500901239e-02 2.896479235760038864e+04
2.947051480134291537e-02 3.524935186377990613e+04
3.237457295239669353e-02 3.531339982863223122e+04
3.556480030685772731e-02 3.492192375485962839e+04
3.906939630451649464e-02 3.115543648320056673e+04
4.291933919013282694e-02 2.732593938097310456e+04
4.714865984004791566e-02 2.805435737285287541e+04
5.179474257198286163e-02 2.494764761659741635e+04
5.689865559697841746e-02 2.444232419512522756e+04
6.250551403444545850e-02 2.295541510641518835e+04
6.866487869913283359e-02 2.346391388799246852e+04
7.543119418501802176e-02 2.017280403120679694e+04
8.286427011848424007e-02 2.100362513671274792e+04
9.102980983473445142e-02 1.891532896199531388e+04
9.999999115058272325e-02 1.697007407137525297e+04
1.098541043672585787e-01 1.387605527034590705e+04
1.206792531427361148e-01 1.307072883892050049e+04
1.325711244288214907e-01 1.205921111029710664e+04
1.456348342787200378e-01 1.133483148216672635e+04
1.599858570014452974e-01 1.003073662559629520e+04
1.757510458761641914e-01 8.935746631567004442e+03
1.930697544488981787e-01 8.067761518183615408e+03
2.120950683230800604e-01 7.398218520818622892e+03
2.329951583321586417e-01 6.668317177789482230e+03
2.559547670553742882e-01 6.033469037522387225e+03
2.811768418164965477e-01 5.477334655311669849e+03
3.088843286001189403e-01 4.994742136214505081e+03
3.393221427425128778e-01 4.560601565415737241e+03
3.727593338166072523e-01 4.158304095115183372e+03
4.094914638472018087e-01 3.844814071187297941e+03
4.498432198782237879e-01 3.563545243082666730e+03
4.941712839853393824e-01 3.301742537296865521e+03
5.428674861028858212e-01 3.072877896418735872e+03
5.963622675339625978e-01 2.892025126839146651e+03
6.551284857587630350e-01 2.707952745922533268e+03
7.196855941730535555e-01 2.549139422995513996e+03
7.906042337028588163e-01 2.399436561334468479e+03
8.685112768820903995e-01 2.280392993497020143e+03
9.540953689793428838e-01 2.158342164998419321e+03
1.048113015153642191e+00 0.000000000000000000e+00
