1.048113066601954503e-02 5.961403617421271338e+04
1.151395323963562076e-02 0.000000000000000000e+00
1.264855132798976302e-02 5.929636560107015976e+04
1.389495400641860279e-02 1.599305201886402501e+05
1.526417862678452857e-02 1.187667055739245989e+05
1.676832820337198493e-02 0.000000000000000000e+00
1.842069839530119726e-02 4.929072050735479570e+04
2.023589503111089191e-02 9.719283027476228017e+04
2.222996321434766651e-02 8.581404494689592684e+04
2.442052915136719640e-02 9.431869211011614243e+04
2.682695595500901239e-02 1.005591916906165134e+05
2.947051480134291537e-02 1.036985807827354583e+05
3.237457295239669353e-02 8.334689552993507823e+04
3.556480030685772731e-02 1.017769595509091741e+05
3.906939630451649464e-02 8.255162068929013913e+04
4.291933919013282694e-02 6.905086668200683198e+04
4.714865984004791566e-02 6.655735140081365535e+04
5.179474257198286163e-02 7.000082067030380131e+04
5.689865559697841746e-02 6.093389999341798102e+04
6.250551403444545850e-02 6.029947796966398892e+04
6.866487869913283359e-02 5.420995736212715565e+04
7.543119418501802176e-02 5.201799861487651651e+04
8.286427011848424007e-02 4.826348017559762229e+04
9.102980983473445142e-02 4.380828521099832142e+04
9.999999115058272325e-02 3.895791794595721876e+04
1.098541043672585787e-01 3.311910664485299640e+04
1.206792531427361148e-01 3.110914583130523533e+04
1.325711244288214907e-01 2.922238895670849524e+04
1.456348342787200378e-01 2.664448209701338055e+04
1.599858570014452974e-01 2.356251890940593876e+04
1.757510458761641914e-01 2.144108378015381459e+04
1.930697544488981787e-01 1.950595443230781166e+04
2.120950683230800604e-01 1.826966585250294520e+04
2.329951583321586417e-01 1.667335916531688417e+04
2.559547670553742882e-01 1.547297195596819802e+04
2.811768418164965477e-01 1.421150639706537550e+04
3.088843286001189403e-01 1.323570478149459268e+04
3.393221427425128778e-01 1.234099553152625049e+04
3.727593338166072523e-01 1.156101676867948481e+04
4.094914638472018087e-01 1.090970057326202732e+04
4.498432198782237879e-01 1.028859598470203673e+04
4.941712839853393824e-01 9.748832982062387600e+03
5.428674861028858212e-01 9.219801333207020434e+03
5.963622675339625978e-01 8.748058547797138090e+03
6.551284857587630350e-01 8.293585679744594017e+03
7.196855941730535555e-01 7.875254380472860248e+03
7.906042337028588163e-01 7.466401305373828109e+03
8.685112768820903995e-01 7.087108089365901833e+03
9.540953689793428838e-01 6.705562809487068080e+03
1.048113015153642191e+00 0.000000000000000000e+00
