1.048113066601954503e-02 1.430396994384985883e+05
1.151395323963562076e-02 0.000000000000000000e+00
1.264855132798976302e-02 1.282731819800088124e+05
1.389495400641860279e-02 1.642448390547531308e+05
1.526417862678452857e-02 1.501607481958590506e+05
1.676832820337198493e-02 0.000000000000000000e+00
1.842069839530119726e-02 1.252686716729690088e+05
2.023589503111089191e-02 1.369112039243649051e+05
2.222996321434766651e-02 1.490448644937851932e+05
2.442052915136719640e-02 1.338560294394383673e+05
2.682695595500901239e-02 1.275456302265494014e+05
2.947051480134291537e-02 9.849191876249585766e+04
3.237457295239669353e-02 9.560544843520775612e+04
3.556480030685772731e-02 8.719685481782122224e+04
3.906939630451649464e-02 7.829233275640917418e+04
4.291933919013282694e-02 7.308135911086402484e+04
4.714865984004791566e-02 6.522933120634826628e+04
5.179474257198286163e-02 6.221537906251594541e+04
5.689865559697841746e-02 5.213621384423057316e+04
6.250551403444545850e-02 5.084514240125576180e+04
6.866487869913283359e-02 4.510637808230884548e+04
7.543119418501802176e-02 4.324348356752279506e+04
8.286427011848424007e-02 3.537939434793867986e+04
9.102980983473445142e-02 3.049740241035522922e+04
9.999999115058272325e-02 2.676615256586669057e+04
1.098541043672585787e-01 2.357263992678300201e+04
1.206792531427361148e-01 2.234877598593516450e+04
1.325711244288214907e-01 1.999706749245309402e+04
1.456348342787200378e-01 1.748745463514303628e+04
1.599858570014452974e-01 1.546068940707606271e+04
1.757510458761641914e-01 1.393205176213635423e+04
1.930697544488981787e-01 1.284470260166433582e+04
2.120950683230800604e-01 1.152323610208898026e+04
2.329951583321586417e-01 1.040084456581752966e+04
2.559547670553742882e-01 9.408297634962706070e+03
2.811768418164965477e-01 8.616873635426436522e+03
3.088843286001189403e-01 7.910803617984477569e+03
3.393221427425128778e-01 7.311064425903369738e+03
3.727593338166072523e-01 6.756517242744229407e+03
4.094914638472018087e-01 6.292725126853363690e+03
4.498432198782237879e-01 5.854059663550453479e+03
4.941712839853393824e-01 5.463946522471906974e+03
5.428674861028858212e-01 5.116704040618567888e+03
5.963622675339625978e-01 4.798959156045591953e+03
6.551284857587630350e-01 4.485889068501744987e+03
7.196855941730535555e-01 4.210784728868326965e+03
7.906042337028588163e-01 3.944112350919707751e+03
8.685112768820903995e-01 3.678487496662738067e+03
9.540953689793428838e-01 3.427672506672530290e+03
1.048113015153642191e+00 0.000000000000000000e+00
