1.048113066601954503e-02 1.522427499184839544e+05
1.151395323963562076e-02 0.000000000000000000e+00
1.264855132798976302e-02 1.066604979104417289e+05
1.389495400641860279e-02 8.555482033763054642e+04
1.526417862678452857e-02 1.324888939745612734e+05
1.676832820337198493e-02 0.000000000000000000e+00
1.842069839530119726e-02 9.853508145977658569e+04
2.023589503111089191e-02 1.177446702691569662e+05
2.222996321434766651e-02 6.764103937154449522e+04
2.442052915136719640e-02 1.177018314464972354e+05
2.682695595500901239e-02 1.028920752252934908e+05
2.947051480134291537e-02 9.116637412933347514e+04
3.237457295239669353e-02 8.054632155826284725e+04
3.556480030685772731e-02 6.901355538000831439e+04
3.906939630451649464e-02 8.926194732334569562e+04
4.291933919013282694e-02 6.659904913693742128e+04
4.714865984004791566e-02 6.938969989211764187e+04
5.179474257198286163e-02 6.079017339946379070e+04
5.689865559697841746e-02 5.902193561538853828e+04
6.250551403444545850e-02 5.318767058613429253e+04
6.866487869913283359e-02 5.131449583882736624e+04
7.543119418501802176e-02 4.655964492529889685e+04
8.286427011848424007e-02 3.915361598184519971e+04
9.102980983473445142e-02 3.448630979797238251e+04
9.999999115058272325e-02 3.158846748524531722e+04
1.098541043672585787e-01 2.916539446647467048e+04
1.206792531427361148e-01 2.740114221639035532e+04
1.325711244288214907e-01 2.296350476255669491e+04
1.456348342787200378e-01 2.100218851562952113e+04
1.599858570014452974e-01 1.860878209360041001e+04
1.757510458761641914e-01 1.693432187244508896e+04
1.930697544488981787e-01 1.530027904464166386e+04
2.120950683230800604e-01 1.373129271862074165e+04
2.329951583321586417e-01 1.236796033720933701e+04
2.559547670553742882e-01 1.133813183497350838e+04
2.811768418164965477e-01 1.030123878242519640e+04
3.088843286001189403e-01 9.416810314144686345e+03
3.393221427425128778e-01 8.703648401863727486e+03
3.727593338166072523e-01 8.042216870596794251e+03
4.094914638472018087e-01 7.471546188459206860e+03
4.498432198782237879e-01 6.957827893894120280e+03
4.941712839853393824e-01 6.483000391138750274e+03
5.428674861028858212e-01 6.068770326744641352e+03
5.963622675339625978e-01 5.708143284878388840e+03
6.551284857587630350e-01 5.382243167751616056e+03
7.196855941730535555e-01 5.076047093230143219e+03
7.906042337028588163e-01 4.800333119056567739e+03
8.685112768820903995e-01 4.543976955744308725e+03
9.540953689793428838e-01 4.314721124386333940e+03
1.048113015153642191e+00 0.000000000000000000e+00
