1.048113066601954503e-02 6.311972419953877397e+04
1.151395323963562076e-02 0.000000000000000000e+00
1.264855132798976302e-02 9.963104813808662584e+04
1.389495400641860279e-02 2.963370443126771715e+05
1.526417862678452857e-02 1.955996955209382577e+05
1.676832820337198493e-02 0.000000000000000000e+00
1.842069839530119726e-02 1.448049558789488510e+05
2.023589503111089191e-02 2.722448044617722044e+05
2.222996321434766651e-02 1.595992378920848714e+05
2.442052915136719640e-02 1.442766473881048150e+05
2.682695595500901239e-02 1.480200877716647810e+05
2.947051480134291537e-02 1.051204894196719979e+05
3.237457295239669353e-02 8.937772609620729054e+04
3.556480030685772731e-02 6.857863357393650222e+04
3.906939630451649464e-02 6.326493811494347028e+04
4.291933919013282694e-02 5.411377635473434930e+04
4.714865984004791566e-02 5.458799374772459851e+04
5.179474257198286163e-02 5.670980899999234680e+04
5.689865559697841746e-02 5.482389003796897305e+04
6.250551403444545850e-02 5.912054922386221733e+04
6.866487869913283359e-02 5.052995602596242679e+04
7.543119418501802176e-02 4.098576709940450382e+04
8.286427011848424007e-02 2.988943477460893337e+04
9.102980983473445142e-02 2.353934528186133684e+04
9.999999115058272325e-02 2.084215924845605696e+04
1.098541043672585787e-01 2.198754650020127519e+04
1.206792531427361148e-01 2.036072468758799369e+04
1.325711244288214907e-01 1.676387096032113186e+04
1.456348342787200378e-01 1.319864096869972127e+04
1.599858570014452974e-01 1.169482430884390487e+04
1.757510458761641914e-01 1.100264269279635846e+04
1.930697544488981787e-01 9.594509296125343099e+03
2.120950683230800604e-01 8.221402186423028979e+03
2.329951583321586417e-01 7.380436466156679671e+03
2.559547670553742882e-01 6.486659215565363411e+03
2.811768418164965477e-01 5.729726397151749552e+03
3.088843286001189403e-01 5.175028828324746428e+03
3.393221427425128778e-01 4.623702621813992664e+03
3.727593338166072523e-01 4.171580682240278293e+03
4.094914638472018087e-01 3.756603332398571183e+03
4.498432198782237879e-01 3.425487331117079066e+03
4.941712839853393824e-01 3.135946486044993890e+03
5.428674861028858212e-01 2.863129227923234794e+03
5.963622675339625978e-01 2.637925694454812856e+03
6.551284857587630350e-01 2.430416919156638869e+03
7.196855941730535555e-01 2.254126408604466633e+03
7.906042337028588163e-01 2.098086853080102173e+03
8.685112768820903995e-01 1.957192751376091110e+03
9.540953689793428838e-01 1.828573877855237697e+03
1.048113015153642191e+00 0.000000000000000000e+00
