1.048113066601954503e-02 9.125413285012552515e+05
1.151395323963562076e-02 0.000000000000000000e+00
1.264855132798976302e-02 5.514263647518431535e+05
1.389495400641860279e-02 5.310778348151253304e+05
1.526417862678452857e-02 1.071396435871217865e+06
1.676832820337198493e-02 0.000000000000000000e+00
1.842069839530119726e-02 4.402141456565556582e+05
2.023589503111089191e-02 5.028158815121753141e+05
2.222996321434766651e-02 2.526354298396543600e+05
2.442052915136719640e-02 2.786597106140474789e+05
2.682695595500901239e-02 2.850189360415126430e+05
2.947051480134291537e-02 2.687435531912859296e+05
3.237457295239669353e-02 1.497211397237735218e+05
3.556480030685772731e-02 1.568899256974486052e+05
3.906939630451649464e-02 1.079532575330619002e+05
4.291933919013282694e-02 1.247290219309036474e+05
4.714865984004791566e-02 9.671733273585083953e+04
5.179474257198286163e-02 1.000382030875594064e+05
5.689865559697841746e-02 9.038461553171617561e+04
6.250551403444545850e-02 8.230284500452170323e+04
6.866487869913283359e-02 6.562870718601885892e+04
7.543119418501802176e-02 5.412037375426361541e+04
8.286427011848424007e-02 4.305054235294536193e+04
9.102980983473445142e-02 3.814508398106247478e+04
9.999999115058272325e-02 3.398483840220082493e+04
1.098541043672585787e-01 3.027337791135106818e+04
1.206792531427361148e-01 2.668287092672511426e+04
1.325711244288214907e-01 2.229278500694919057e+04
1.456348342787200378e-01 1.958894685274063158e+04
1.599858570014452974e-01 1.738150124860509095e+04
1.757510458761641914e-01 1.525678761267453410e+04
1.930697544488981787e-01 1.342585669231376960e+04
2.120950683230800604e-01 1.177481001474564255e+04
2.329951583321586417e-01 1.045038107920703987e+04
2.559547670553742882e-01 9.287908573041262571e+03
2.811768418164965477e-01 8.448554115462453410e+03
3.088843286001189403e-01 7.549127912684608418e+03
3.393221427425128778e-01 6.813182177114240403e+03
3.727593338166072523e-01 6.158882286723166544e+03
4.094914638472018087e-01 5.632319725833172924e+03
4.498432198782237879e-01 5.163810035717204300e+03
4.941712839853393824e-01 4.744301849967445378e+03
5.428674861028858212e-01 4.356122245459745500e+03
5.963622675339625978e-01 4.022953886001464525e+03
6.551284857587630350e-01 3.707927907055222931e+03
7.196855941730535555e-01 3.448572050301247145e+03
7.906042337028588163e-01 3.184688232731822154e+03
8.685112768820903995e-01 2.948621766724476402e+03
9.540953689793428838e-01 2.735746351465133102e+03
1.048113015153642191e+00 0.000000000000000000e+00
