1.048113066601954503e-02 1.170549345285263116e+05
1.151395323963562076e-02 0.000000000000000000e+00
1.264855132798976302e-02 9.372983351727445552e+04
1.389495400641860279e-02 4.437789536873344332e+04
1.526417862678452857e-02 9.815019675479996658e+04
1.676832820337198493e-02 0.000000000000000000e+00
1.842069839530119726e-02 8.723182320819803863e+04
2.023589503111089191e-02 1.050186050196869328e+05
2.222996321434766651e-02 1.377409595790629683e+05
2.442052915136719640e-02 6.324499918192822952e+04
2.682695595500901239e-02 8.880782853469208931e+04
2.947051480134291537e-02 7.343977703834832937e+04
3.237457295239669353e-02 7.344688237954337092e+04
3.556480030685772731e-02 5.665665376782129169e+04
3.906939630451649464e-02 6.643325359749753261e+04
4.291933919013282694e-02 5.645500817355982144e+04
4.714865984004791566e-02 4.848616215018984076e+04
5.179474257198286163e-02 4.738848044324825605e+04
5.689865559697841746e-02 4.387105114219513052e+04
6.250551403444545850e-02 3.873130786387014814e+04
6.866487869913283359e-02 4.012910993916837469e+04
7.543119418501802176e-02 3.726298423165201530e+04
8.286427011848424007e-02 3.187289940275005210e+04
9.102980983473445142e-02 2.724771046005726748e+04
9.999999115058272325e-02 2.283790914061964577e+04
1.098541043672585787e-01 2.071292030001334206e+04
1.206792531427361148e-01 1.908709351260153198e+04
1.325711244288214907e-01 1.796452145668516459e+04
1.456348342787200378e-01 1.584326878571453926e+04
1.599858570014452974e-01 1.322798880962795738e+04
1.757510458761641914e-01 1.185793196868500854e+04
1.930697544488981787e-01 1.076276683379488713e+04
2.120950683230800604e-01 9.810734081382706790e+03
2.329951583321586417e-01 8.714035267743198347e+03
2.559547670553742882e-01 7.995896974804700221e+03
2.811768418164965477e-01 7.205953582513617221e+03
3.088843286001189403e-01 6.590406128447908486e+03
3.393221427425128778e-01 5.974749663651155061e+03
3.727593338166072523e-01 5.485835366644705573e+03
4.094914638472018087e-01 5.078489463812057693e+03
4.498432198782237879e-01 4.714737048357341337e+03
4.941712839853393824e-01 4.390129091021126442e+03
5.428674861028858212e-01 4.100576214451548367e+03
5.963622675339625978e-01 3.824263488667003912e+03
6.551284857587630350e-01 3.583142337120218599e+03
7.196855941730535555e-01 3.370579102107551080e+03
7.906042337028588163e-01 3.169802770667115055e+03
8.685112768820903995e-01 2.986951951239648224e+03
9.540953689793428838e-01 2.814191374458557675e+03
1.048113015153642191e+00 0.000000000000000000e+00
