1.048113066601954503e-02 7.373497251434910868e+04
1.151395323963562076e-02 0.000000000000000000e+00
1.264855132798976302e-02 2.004282859271254711e+04
1.389495400641860279e-02 3.570488958634839219e+04
1.526417862678452857e-02 5.817143969371891581e+04
1.676832820337198493e-02 0.000000000000000000e+00
1.842069839530119726e-02 4.376781630131839484e+04
2.023589503111089191e-02 5.558658819704094640e+04
2.222996321434766651e-02 7.455473583432132727e+04
2.442052915136719640e-02 8.406136883218129515e+04
2.682695595500901239e-02 7.833087117851056973e+04
2.947051480134291537e-02 8.358091240852138435e+04
3.237457295239669353e-02 5.632339545228277711e+04
3.556480030685772731e-02 6.604083017229182587e+04
3.906939630451649464e-02 5.885756980950848083e+04
4.291933919013282694e-02 5.137968222337299085e+04
4.714865984004791566e-02 5.420366833433496504e+04
5.179474257198286163e-02 5.115062057858654589e+04
5.689865559697841746e-02 4.715634016055212123e+04
6.250551403444545850e-02 4.708807863092028128e+04
6.866487869913283359e-02 4.417961400457709533e+04
7.543119418501802176e-02 4.251574367864782107e+04
8.286427011848424007e-02 3.901550584852146858e+04
9.102980983473445142e-02 3.635325166464359791e+04
9.999999115058272325e-02 3.209396314393435750e+04
1.098541043672585787e-01 2.999643692951076446e+04
1.206792531427361148e-01 2.762744602371293149e+04
1.325711244288214907e-01 2.454513723569913418e+04
1.456348342787200378e-01 2.275124516728226808e+04
1.599858570014452974e-01 2.079205743472919858e+04
1.757510458761641914e-01 1.892300961043590360e+04
1.930697544488981787e-01 1.732770075274999544e+04
2.120950683230800604e-01 1.592370451607722134e+04
2.329951583321586417e-01 1.437429046683759771e+04
2.559547670553742882e-01 1.340488765345090360e+04
2.811768418164965477e-01 1.235588140103333535e+04
3.088843286001189403e-01 1.135903658834986345e+04
3.393221427425128778e-01 1.065242474005273834e+04
3.727593338166072523e-01 9.868319637091244658e+03
4.094914638472018087e-01 9.272761760954859710e+03
4.498432198782237879e-01 8.695731240899804106e+03
4.941712839853393824e-01 8.242999164521241255e+03
5.428674861028858212e-01 7.776233046586754426e+03
5.963622675339625978e-01 7.391634792243356060e+03
6.551284857587630350e-01 7.047312216189071478e+03
7.196855941730535555e-01 6.732483684058867766e+03
7.906042337028588163e-01 6.411782608339493891e+03
8.685112768820903995e-01 6.116134110854327446e+03
9.540953689793428838e-01 5.837783143148056297e+03
1.048113015153642191e+00 0.000000000000000000e+00
