1.048113066601954503e-02 2.241150457399449078e+05
1.151395323963562076e-02 0.000000000000000000e+00
1.264855132798976302e-02 3.872691603267561877e+05
1.389495400641860279e-02 2.551008268847044965e+05
1.526417862678452857e-02 3.147405091841235408e+05
1.676832820337198493e-02 0.000000000000000000e+00
1.842069839530119726e-02 2.957193682002866990e+05
2.023589503111089191e-02 1.918194559116103919e+05
2.222996321434766651e-02 1.981163706877136719e+05
2.442052915136719640e-02 2.889251241525016958e+05
2.682695595500901239e-02 1.784353431724217371e+05
2.947051480134291537e-02 1.844689944273282017e+05
3.237457295239669353e-02 2.063172375513765728e+05
3.556480030685772731e-02 1.693279559009412187e+05
3.906939630451649464e-02 1.308728840335092100e+05
4.291933919013282694e-02 1.435000048551112995e+05
4.714865984004791566e-02 1.201180042736562027e+05
5.179474257198286163e-02 1.247818098313294176e+05
5.689865559697841746e-02 1.016659158401202003e+05
6.250551403444545850e-02 1.021412572679659934e+05
6.866487869913283359e-02 9.732341319679247681e+04
7.543119418501802176e-02 8.809112298694584752e+04
8.286427011848424007e-02 7.811301626888728060e+04
9.102980983473445142e-02 6.879811721348846913e+04
9.999999115058272325e-02 5.601694714214143460e+04
1.098541043672585787e-01 5.188980971338116797e+04
1.206792531427361148e-01 4.632809855128945492e+04
1.325711244288214907e-01 4.427078540447882551e+04
1.456348342787200378e-01 3.954687808336845774e+04
1.599858570014452974e-01 3.526366077368554397e+04
1.757510458761641914e-01 3.173359606919365615e+04
1.930697544488981787e-01 2.965224524764353555e+04
2.120950683230800604e-01 2.709604327498019848e+04
2.329951583321586417e-01 2.468063600692082036e+04
2.559547670553742882e-01 2.280980117164622789e+04
2.811768418164965477e-01 2.099806754828650810e+04
3.088843286001189403e-01 1.943458087687024090e+04
3.393221427425128778e-01 1.818789528562207852e+04
3.727593338166072523e-01 1.694065522072400199e+04
4.094914638472018087e-01 1.594429584545800026e+04
4.498432198782237879e-01 1.505494791221824198e+04
4.941712839853393824e-01 1.419217021109763300e+04
5.428674861028858212e-01 1.349475893756917503e+04
5.963622675339625978e-01 1.274907461094117389e+04
6.551284857587630350e-01 1.213515796416601734e+04
7.196855941730535555e-01 1.150764203339302185e+04
7.906042337028588163e-01 1.086241035803102204e+04
8.685112768820903995e-01 1.026520342239863021e+04
9.540953689793428838e-01 9.686785399999533183e+03
1.048113015153642191e+00 0.000000000000000000e+00
