1.048113066601954503e-02 3.261738712556958853e+04
1.151395323963562076e-02 0.000000000000000000e+00
1.264855132798976302e-02 1.032586025750124536e+05
1.389495400641860279e-02 6.362212295357703988e+04
1.526417862678452857e-02 1.003290833722182724e+05
1.676832820337198493e-02 0.000000000000000000e+00
1.842069839530119726e-02 6.748193800754363474e+04
2.023589503111089191e-02 6.234321308476258127e+04
2.222996321434766651e-02 5.513547154486802174e+04
2.442052915136719640e-02 5.027272230725397822e+04
2.682695595500901239e-02 8.451875338638829999e+04
2.947051480134291537e-02 6.191170286401077465e+04
3.237457295239669353e-02 5.959274361418992339e+04
3.556480030685772731e-02 5.603158365982614487e+04
3.906939630451649464e-02 5.537765531770328380e+04
4.291933919013282694e-02 5.357463432509868289e+04
4.714865984004791566e-02 5.072814401278045261e+04
5.179474257198286163e-02 4.355393009406674537e+04
5.689865559697841746e-02 4.342750800935459120e+04
6.250551403444545850e-02 4.060827875409495027e+04
6.866487869913283359e-02 3.636050859491465235e+04
7.543119418501802176e-02 3.550743914282355399e+04
8.286427011848424007e-02 3.198790087214262530e+04
9.102980983473445142e-02 2.739612884834471697e+04
9.999999115058272325e-02 2.462574167441873578e+04
1.098541043672585787e-01 2.249904947960111895e+04
1.206792531427361148e-01 2.038705865461498979e+04
1.325711244288214907e-01 1.764097903438327194e+04
1.456348342787200378e-01 1.655337769641452905e+04
1.599858570014452974e-01 1.457853157906284650e+04
1.757510458761641914e-01 1.274432732105965624e+04
1.930697544488981787e-01 1.144849106949571433e+04
2.120950683230800604e-01 1.040190487826413664e+04
2.329951583321586417e-01 9.251798512552675675e+03
2.559547670553742882e-01 8.359202454922469769e+03
2.811768418164965477e-01 7.558596547736977300e+03
3.088843286001189403e-01 6.860853461482014609e+03
3.393221427425128778e-01 6.285053431695680956e+03
3.727593338166072523e-01 5.729978174944420061e+03
4.094914638472018087e-01 5.289289602602359992e+03
4.498432198782237879e-01 4.871770163980834695e+03
4.941712839853393824e-01 4.514314280621638318e+03
5.428674861028858212e-01 4.210416135513482914e+03
5.963622675339625978e-01 3.923131199061628195e+03
6.551284857587630350e-01 3.670261206736316126e+03
7.196855941730535555e-01 3.448240396729202075e+03
7.906042337028588163e-01 3.247083555088620415e+03
8.685112768820903995e-01 3.050419909247979831e+03
9.540953689793428838e-01 2.877783113382300144e+03
1.048113015153642191e+00 0.000000000000000000e+00
