1.048113066601954503e-02 9.449919484793889569e+04
1.151395323963562076e-02 0.000000000000000000e+00
1.264855132798976302e-02 1.158234925418444182e+05
1.389495400641860279e-02 6.595289192110742442e+04
1.526417862678452857e-02 4.577340824744095153e+04
1.676832820337198493e-02 0.000000000000000000e+00
1.842069839530119726e-02 5.842510193215741310e+04
2.023589503111089191e-02 9.043461336475763528e+04
2.222996321434766651e-02 5.392665209567021520e+04
2.442052915136719640e-02 6.447480821658398781e+04
2.682695595500901239e-02 5.631335646341186657e+04
2.947051480134291537e-02 5.089011890151852276e+04
3.237457295239669353e-02 5.226292078128930734e+04
3.556480030685772731e-02 4.840719307532998209e+04
3.906939630451649464e-02 3.980819649365226360e+04
4.291933919013282694e-02 3.516430905657046969e+04
4.714865984004791566e-02 3.159915068912145944e+04
5.179474257198286163e-02 3.273299834664894297e+04
5.689865559697841746e-02 2.985230433642838034e+04
6.250551403444545850e-02 2.826588864328634736e+04
6.866487869913283359e-02 2.364294149621590623e+04
7.543119418501802176e-02 2.072862408227944252e+04
8.286427011848424007e-02 1.694235825982302049e+04
9.102980983473445142e-02 1.496847969235713208e+04
9.999999115058272325e-02 1.334876772053682726e+04
1.098541043672585787e-01 1.244561042772844485e+04
1.206792531427361148e-01 1.105439058350985033e+04
1.325711244288214907e-01 9.347441454842548410e+03
1.456348342787200378e-01 8.309681842012349080e+03
1.599858570014452974e-01 7.259926387445329055e+03
1.757510458761641914e-01 6.339927452707253906e+03
1.930697544488981787e-01 5.594727152672205193e+03
2.120950683230800604e-01 5.079295634303777661e+03
2.329951583321586417e-01 4.466787430797088746e+03
2.559547670553742882e-01 3.982907668449051016e+03
2.811768418164965477e-01 3.573154364775665726e+03
3.088843286001189403e-01 3.223023049782240378e+03
3.393221427425128778e-01 2.918172969965330594e+03
3.727593338166072523e-01 2.643238621302217780e+03
4.094914638472018087e-01 2.407261350254136687e+03
4.498432198782237879e-01 2.204770204848257436e+03
4.941712839853393824e-01 2.031689006833111307e+03
5.428674861028858212e-01 1.871683751028262577e+03
5.963622675339625978e-01 1.733528876476027335e+03
6.551284857587630350e-01 1.606423648153225713e+03
7.196855941730535555e-01 1.490491022057798091e+03
7.906042337028588163e-01 1.386951627834432657e+03
8.685112768820903995e-01 1.290317079625331189e+03
9.540953689793428838e-01 1.202564068396400671e+03
1.048113015153642191e+00 0.000000000000000000e+00
