1.048113066601954503e-02 6.379318241123957559e+05
1.151395323963562076e-02 0.000000000000000000e+00
1.264855132798976302e-02 3.868838865417650668e+05
1.389495400641860279e-02 3.723543042222974473e+05
1.526417862678452857e-02 7.509104966968051158e+05
1.676832820337198493e-02 0.000000000000000000e+00
1.842069839530119726e-02 3.077355127242783201e+05
2.023589503111089191e-02 3.523631837684123893e+05
2.222996321434766651e-02 1.764535344256872777e+05
2.442052915136719640e-02 1.948434518340653158e+05
2.682695595500901239e-02 1.989344654311549093e+05
2.947051480134291537e-02 1.873573880740729510e+05
3.237457295239669353e-02 1.044736213223206869e+05
3.556480030685772731e-02 1.093474586652672442e+05
3.906939630451649464e-02 7.533958737785805715e+04
4.291933919013282694e-02 8.690566485040477710e+04
4.714865984004791566e-02 6.735805709910027508e+04
5.179474257198286163e-02 6.953707461146003334e+04
5.689865559697841746e-02 6.280926533528708387e+04
6.250551403444545850e-02 5.717093673530510569e+04
6.866487869913283359e-02 4.546507973826031957e+04
7.543119418501802176e-02 3.739433562347621046e+04
8.286427011848424007e-02 2.966287911916193843e+04
9.102980983473445142e-02 2.625866666299218923e+04
9.999999115058272325e-02 2.334147899130408769e+04
1.098541043672585787e-01 2.076126199255544634e+04
1.206792531427361148e-01 1.825337877686472712e+04
1.325711244288214907e-01 1.520145282784502342e+04
1.456348342787200378e-01 1.331652066427037244e+04
1.599858570014452974e-01 1.178442954431963517e+04
1.757510458761641914e-01 1.031490152106002461e+04
1.930697544488981787e-01 9.049550935371900778e+03
2.120950683230800604e-01 7.909591586551966429e+03
2.329951583321586417e-01 6.999908378365625140e+03
2.559547670553742882e-01 6.200140331859840444e+03
2.811768418164965477e-01 5.619894179856391929e+03
3.088843286001189403e-01 5.004023554988085380e+03
3.393221427425128778e-01 4.502004970223909368e+03
3.727593338166072523e-01 4.055105890670475219e+03
4.094914638472018087e-01 3.696116138269691874e+03
4.498432198782237879e-01 3.376465835546144717e+03
4.941712839853393824e-01 3.091608223601607278e+03
5.428674861028858212e-01 2.828869614423126222e+03
5.963622675339625978e-01 2.603744821957874592e+03
6.551284857587630350e-01 2.391762873899561328e+03
7.196855941730535555e-01 2.216920380058170849e+03
7.906042337028588163e-01 2.040315904234495520e+03
8.685112768820903995e-01 1.882618167289400390e+03
9.540953689793428838e-01 1.740631931857732525e+03
1.048113015153642191e+00 0.000000000000000000e+00
