1.048113066601954503e-02 1.986232190231605782e+05
1.151395323963562076e-02 0.000000000000000000e+00
1.264855132798976302e-02 1.547383503286246269e+05
1.389495400641860279e-02 1.936993099437668861e+05
1.526417862678452857e-02 1.517298116889290395e+05
1.676832820337198493e-02 0.000000000000000000e+00
1.842069839530119726e-02 1.455244351502005593e+05
2.023589503111089191e-02 1.122112853699190746e+05
2.222996321434766651e-02 1.497021278084336082e+05
2.442052915136719640e-02 1.211900297956480645e+05
2.682695595500901239e-02 1.021542141685116803e+05
2.947051480134291537e-02 9.802123635047479183e+04
3.237457295239669353e-02 1.040002353994535806e+05
3.556480030685772731e-02 7.600060394932981580e+04
3.906939630451649464e-02 5.585573449831362814e+04
4.291933919013282694e-02 5.403835623004769150e+04
4.714865984004791566e-02 4.723449302881333278e+04
5.179474257198286163e-02 4.546177168894855276e+04
5.689865559697841746e-02 3.640383336588616658e+04
6.250551403444545850e-02 4.027119632242716762e+04
6.866487869913283359e-02 3.571615536910781520e+04
7.543119418501802176e-02 3.384668970616192382e+04
8.286427011848424007e-02 2.786287889557543531e+04
9.102980983473445142e-02 2.414463915159159296e+04
9.999999115058272325e-02 1.957456008026728159e+04
1.098541043672585787e-01 1.639651844974849155e+04
1.206792531427361148e-01 1.534979864544183874e+04
1.325711244288214907e-01 1.395082470103249761e+04
1.456348342787200378e-01 1.241351239437057302e+04
1.599858570014452974e-01 1.060948462404551537e+04
1.757510458761641914e-01 9.402833767046418870e+03
1.930697544488981787e-01 8.407550374133250443e+03
2.120950683230800604e-01 7.647597936444039078e+03
2.329951583321586417e-01 6.806310149690966682e+03
2.559547670553742882e-01 6.164852206786395982e+03
2.811768418164965477e-01 5.554519288664967462e+03
3.088843286001189403e-01 5.037098894174549059e+03
3.393221427425128778e-01 4.599833876639881055e+03
3.727593338166072523e-01 4.184918854393671609e+03
4.094914638472018087e-01 3.878356891706954229e+03
4.498432198782237879e-01 3.567996908048206478e+03
4.941712839853393824e-01 3.300273953206470196e+03
5.428674861028858212e-01 3.061570081328307424e+03
5.963622675339625978e-01 2.829377316637647709e+03
6.551284857587630350e-01 2.642381095907859162e+03
7.196855941730535555e-01 2.445943660678003653e+03
7.906042337028588163e-01 2.267094783283686411e+03
8.685112768820903995e-01 2.098030251284901624e+03
9.540953689793428838e-01 1.937347244546039292e+03
1.048113015153642191e+00 0.000000000000000000e+00
