1.048113066601954503e-02 1.981460395895551119e+04
1.151395323963562076e-02 0.000000000000000000e+00
1.264855132798976302e-02 2.076382558339060051e+04
1.389495400641860279e-02 4.095248098560897051e+04
1.526417862678452857e-02 3.568391088355786633e+04
1.676832820337198493e-02 0.000000000000000000e+00
1.842069839530119726e-02 2.990250181645611883e+04
2.023589503111089191e-02 3.600929524402875541e+04
2.222996321434766651e-02 4.115799777254430956e+04
2.442052915136719640e-02 3.255377224755847419e+04
2.682695595500901239e-02 3.308780296554042434e+04
2.947051480134291537e-02 3.437551824841610505e+04
3.237457295239669353e-02 3.361708954676290159e+04
3.556480030685772731e-02 3.195877853696961029e+04
3.906939630451649464e-02 3.633651612630634918e+04
4.291933919013282694e-02 2.921601283007331949e+04
4.714865984004791566e-02 2.906730701702009901e+04
5.179474257198286163e-02 3.158992220270263715e+04
5.689865559697841746e-02 2.632882530991248859e+04
6.250551403444545850e-02 2.268100014714276767e+04
6.866487869913283359e-02 2.478733310502432141e+04
7.543119418501802176e-02 2.019763576193777408e+04
8.286427011848424007e-02 2.031564450539559039e+04
9.102980983473445142e-02 1.822846994282294327e+04
9.999999115058272325e-02 1.721232911946502281e+04
1.098541043672585787e-01 1.515885573600269709e+04
1.206792531427361148e-01 1.359296567694646365e+04
1.325711244288214907e-01 1.254478418167419659e+04
1.456348342787200378e-01 1.151097389116865088e+04
1.599858570014452974e-01 1.031047949579885972e+04
1.757510458761641914e-01 9.229410148079057763e+03
1.930697544488981787e-01 8.123876879496834590e+03
2.120950683230800604e-01 7.526552571958512999e+03
2.329951583321586417e-01 6.786589193512686506e+03
2.559547670553742882e-01 6.178285530497423679e+03
2.811768418164965477e-01 5.674707733646937413e+03
3.088843286001189403e-01 5.163585362870928293e+03
3.393221427425128778e-01 4.757787433487226735e+03
3.727593338166072523e-01 4.394056493169305213e+03
4.094914638472018087e-01 4.073922122452231633e+03
4.498432198782237879e-01 3.787789443139718060e+03
4.941712839853393824e-01 3.541284376398820314e+03
5.428674861028858212e-01 3.319528094466497350e+03
5.963622675339625978e-01 3.118671966582452569e+03
6.551284857587630350e-01 2.932952579438001521e+03
7.196855941730535555e-01 2.764892824334226589e+03
7.906042337028588163e-01 2.606953373341660154e+03
8.685112768820903995e-01 2.465766868872281520e+03
9.540953689793428838e-01 2.333073031436103520e+03
1.048113015153642191e+00 0.000000000000000000e+00
