1.048113066601954503e-02 4.154881247062089096e+04
1.151395323963562076e-02 0.000000000000000000e+00
1.264855132798976302e-02 1.483570637502697064e+05
1.389495400641860279e-02 1.130516342307388986e+05
1.526417862678452857e-02 6.087461771672590112e+04
1.676832820337198493e-02 0.000000000000000000e+00
1.842069839530119726e-02 9.644976928984158440e+04
2.023589503111089191e-02 9.084151216017857951e+04
2.222996321434766651e-02 1.035578743644986389e+05
2.442052915136719640e-02 7.456437285753361357e+04
2.682695595500901239e-02 6.636098335244023474e+04
2.947051480134291537e-02 6.775018062246750924e+04
3.237457295239669353e-02 6.501688572075024422e+04
3.556480030685772731e-02 6.181647611543480889e+04
3.906939630451649464e-02 5.327734513951959525e+04
4.291933919013282694e-02 5.299895664832829061e+04
4.714865984004791566e-02 4.373744448708766140e+04
5.179474257198286163e-02 3.516957227913529641e+04
5.689865559697841746e-02 3.307338900721677055e+04
6.250551403444545850e-02 2.986686506022511821e+04
6.866487869913283359e-02 2.974842007416107663e+04
7.543119418501802176e-02 2.509238887458663885e+04
8.286427011848424007e-02 2.444498167921116692e+04
9.102980983473445142e-02 2.129722745123121058e+04
9.999999115058272325e-02 1.771863777827032391e+04
1.098541043672585787e-01 1.519494905774407744e+04
1.206792531427361148e-01 1.399219001981458678e+04
1.325711244288214907e-01 1.276019997781710117e+04
1.456348342787200378e-01 1.156680995256446658e+04
1.599858570014452974e-01 9.682843280025153945e+03
1.757510458761641914e-01 8.758773517446090409e+03
1.930697544488981787e-01 7.694425934610204422e+03
2.120950683230800604e-01 7.054681517553827689e+03
2.329951583321586417e-01 6.236776722296464868e+03
2.559547670553742882e-01 5.667573993677356157e+03
2.811768418164965477e-01 5.047860654739224628e+03
3.088843286001189403e-01 4.543081143132618308e+03
3.393221427425128778e-01 4.142342020486998081e+03
3.727593338166072523e-01 3.761606107426438030e+03
4.094914638472018087e-01 3.450971883025910302e+03
4.498432198782237879e-01 3.186223249188540649e+03
4.941712839853393824e-01 2.931170658651833946e+03
5.428674861028858212e-01 2.706888622688221403e+03
5.963622675339625978e-01 2.509601237562739698e+03
6.551284857587630350e-01 2.330316780991614905e+03
7.196855941730535555e-01 2.169430095569145578e+03
7.906042337028588163e-01 2.022367908710675692e+03
8.685112768820903995e-01 1.889563653141419081e+03
9.540953689793428838e-01 1.763862528619169098e+03
1.048113015153642191e+00 0.000000000000000000e+00
