1.048113066601954503e-02 6.178921420816838508e+04
1.151395323963562076e-02 0.000000000000000000e+00
1.264855132798976302e-02 4.958175514096175175e+04
1.389495400641860279e-02 2.339985551736447087e+04
1.526417862678452857e-02 5.179359022893382644e+04
1.676832820337198493e-02 0.000000000000000000e+00
1.842069839530119726e-02 4.609082921295666165e+04
2.023589503111089191e-02 5.554840713093039085e+04
2.222996321434766651e-02 7.287010078757346491e+04
2.442052915136719640e-02 3.327949303372939175e+04
2.682695595500901239e-02 4.686214205164784653e+04
2.947051480134291537e-02 3.867999118424219341e+04
3.237457295239669353e-02 3.875550300405087910e+04
3.556480030685772731e-02 2.987115200263249426e+04
3.906939630451649464e-02 3.496778101225508726e+04
4.291933919013282694e-02 2.965658369792043959e+04
4.714865984004791566e-02 2.545973421023694755e+04
5.179474257198286163e-02 2.488879525643304805e+04
5.689865559697841746e-02 2.301393929628092883e+04
6.250551403444545850e-02 2.030107073619605944e+04
6.866487869913283359e-02 2.098678366080631167e+04
7.543119418501802176e-02 1.941953007843082378e+04
8.286427011848424007e-02 1.656337413103805375e+04
9.102980983473445142e-02 1.412000614722550017e+04
9.999999115058272325e-02 1.178483872608829188e+04
1.098541043672585787e-01 1.065129089166268022e+04
1.206792531427361148e-01 9.776276883836890192e+03
1.325711244288214907e-01 9.162291641053983767e+03
1.456348342787200378e-01 8.046370257239870625e+03
1.599858570014452974e-01 6.673325066327577588e+03
1.757510458761641914e-01 5.948921099899719593e+03
1.930697544488981787e-01 5.373734728049088517e+03
2.120950683230800604e-01 4.865291093707372966e+03
2.329951583321586417e-01 4.290351600615545976e+03
2.559547670553742882e-01 3.910367392403302802e+03
2.811768418164965477e-01 3.498135212556361239e+03
3.088843286001189403e-01 3.174937969115695978e+03
3.393221427425128778e-01 2.856276185705735770e+03
3.727593338166072523e-01 2.602010477626559350e+03
4.094914638472018087e-01 2.389946738597104286e+03
4.498432198782237879e-01 2.200359273182856214e+03
4.941712839853393824e-01 2.032502837461222498e+03
5.428674861028858212e-01 1.883207625939825903e+03
5.963622675339625978e-01 1.742414198705007038e+03
6.551284857587630350e-01 1.619543495691686530e+03
7.196855941730535555e-01 1.511184704603399950e+03
7.906042337028588163e-01 1.409757861575621973e+03
8.685112768820903995e-01 1.317472863658359984e+03
9.540953689793428838e-01 1.231007265943631637e+03
1.048113015153642191e+00 0.000000000000000000e+00
