1.048113066601954503e-02 2.271867227024300373e+05
1.151395323963562076e-02 0.000000000000000000e+00
1.264855132798976302e-02 1.554045695691962901e+05
1.389495400641860279e-02 2.411221897034455324e+05
1.526417862678452857e-02 3.329449637641697773e+05
1.676832820337198493e-02 0.000000000000000000e+00
1.842069839530119726e-02 2.431528992410067585e+05
2.023589503111089191e-02 1.321671028126797173e+05
2.222996321434766651e-02 1.825055642168830964e+05
2.442052915136719640e-02 1.356941183036121656e+05
2.682695595500901239e-02 1.117907676637538534e+05
2.947051480134291537e-02 1.150231348800452251e+05
3.237457295239669353e-02 8.004844284365550266e+04
3.556480030685772731e-02 9.484943336044962052e+04
3.906939630451649464e-02 6.857024338655715110e+04
4.291933919013282694e-02 6.254978552296712587e+04
4.714865984004791566e-02 5.448224792295887164e+04
5.179474257198286163e-02 5.235379004762758268e+04
5.689865559697841746e-02 5.755404049141253927e+04
6.250551403444545850e-02 5.149475218026597577e+04
6.866487869913283359e-02 4.247506837459591043e+04
7.543119418501802176e-02 3.172377881597116357e+04
8.286427011848424007e-02 2.461545472688377777e+04
9.102980983473445142e-02 2.100502809766764403e+04
9.999999115058272325e-02 1.960654698947128054e+04
1.098541043672585787e-01 1.926613112379401718e+04
1.206792531427361148e-01 1.659931775017738255e+04
1.325711244288214907e-01 1.297382828285221149e+04
1.456348342787200378e-01 1.099009362632572265e+04
1.599858570014452974e-01 1.006372480555948277e+04
1.757510458761641914e-01 8.675654650548145582e+03
1.930697544488981787e-01 7.481721448200871237e+03
2.120950683230800604e-01 6.571052702731360114e+03
2.329951583321586417e-01 5.822237020498997481e+03
2.559547670553742882e-01 5.106741349934357459e+03
2.811768418164965477e-01 4.498513053184517048e+03
3.088843286001189403e-01 3.978203903859074671e+03
3.393221427425128778e-01 3.589460214544498740e+03
3.727593338166072523e-01 3.189435292349089650e+03
4.094914638472018087e-01 2.871265236007659041e+03
4.498432198782237879e-01 2.595689110647398593e+03
4.941712839853393824e-01 2.350577160780103441e+03
5.428674861028858212e-01 2.141177863854956740e+03
5.963622675339625978e-01 1.965475758853552406e+03
6.551284857587630350e-01 1.799192430684806595e+03
7.196855941730535555e-01 1.653712708011121322e+03
7.906042337028588163e-01 1.529520046623812050e+03
8.685112768820903995e-01 1.414250393622968204e+03
9.540953689793428838e-01 1.313411091547748356e+03
1.048113015153642191e+00 0.000000000000000000e+00
