1.048113066601954503e-02 4.914805220404067659e+05
1.151395323963562076e-02 0.000000000000000000e+00
1.264855132798976302e-02 1.500157044994873577e+05
1.389495400641860279e-02 1.838450874937890039e+05
1.526417862678452857e-02 2.130407124286393810e+05
1.676832820337198493e-02 0.000000000000000000e+00
1.842069839530119726e-02 2.539551464492127998e+05
2.023589503111089191e-02 1.763947323767869675e+05
2.222996321434766651e-02 2.464134778474249761e+05
2.442052915136719640e-02 2.185790282141410280e+05
2.682695595500901239e-02 2.289116764745411347e+05
2.947051480134291537e-02 1.553611891021350166e+05
3.237457295239669353e-02 1.867742119629195367e+05
3.556480030685772731e-02 1.420268223503674672e+05
3.906939630451649464e-02 1.197927769246132812e+05
4.291933919013282694e-02 1.229065777791449364e+05
4.714865984004791566e-02 9.601740298688093026e+04
5.179474257198286163e-02 9.502616976174470619e+04
5.689865559697841746e-02 8.422006226273611537e+04
6.250551403444545850e-02 7.428697460081831377e+04
6.866487869913283359e-02 7.218551981756409805e+04
7.543119418501802176e-02 6.585597076507337624e+04
8.286427011848424007e-02 5.975148263383225276e+04
9.102980983473445142e-02 5.102089920944911137e+04
9.999999115058272325e-02 4.565205510715935088e+04
1.098541043672585787e-01 3.894059174045240070e+04
1.206792531427361148e-01 3.437613106001269625e+04
1.325711244288214907e-01 3.112880265958773089e+04
1.456348342787200378e-01 2.910836169158237317e+04
1.599858570014452974e-01 2.486449297867629502e+04
1.757510458761641914e-01 2.266532817673570389e+04
1.930697544488981787e-01 2.090161666132434402e+04
2.120950683230800604e-01 1.880317861212527350e+04
2.329951583321586417e-01 1.702904096014977404e+04
2.559547670553742882e-01 1.567023958758730987e+04
2.811768418164965477e-01 1.436627977041568920e+04
3.088843286001189403e-01 1.321242846287797875e+04
3.393221427425128778e-01 1.222727479516418680e+04
3.727593338166072523e-01 1.133637234431075376e+04
4.094914638472018087e-01 1.056187119905939107e+04
4.498432198782237879e-01 9.883053998577164748e+03
4.941712839853393824e-01 9.190967258517499431e+03
5.428674861028858212e-01 8.639879224401276588e+03
5.963622675339625978e-01 8.149527561833741856e+03
6.551284857587630350e-01 7.640661564385818565e+03
7.196855941730535555e-01 7.186025484808209512e+03
7.906042337028588163e-01 6.754328368626340307e+03
8.685112768820903995e-01 6.337539108460707212e+03
9.540953689793428838e-01 5.927372370451466850e+03
1.048113015153642191e+00 0.000000000000000000e+00
