1.048113066601954503e-02 4.167869556086011289e+04
1.151395323963562076e-02 0.000000000000000000e+00
1.264855132798976302e-02 6.614201926629091031e+04
1.389495400641860279e-02 1.955942142432198452e+05
1.526417862678452857e-02 1.292227419242551550e+05
1.676832820337198493e-02 0.000000000000000000e+00
1.842069839530119726e-02 9.558458684879186330e+04
2.023589503111089191e-02 1.797510149288116372e+05
2.222996321434766651e-02 1.056783467076982488e+05
2.442052915136719640e-02 9.518472718906815862e+04
2.682695595500901239e-02 9.777497855291710584e+04
2.947051480134291537e-02 6.942854082236872637e+04
3.237457295239669353e-02 5.891492600969905470e+04
3.556480030685772731e-02 4.529345749453395547e+04
3.906939630451649464e-02 4.168228745987376169e+04
4.291933919013282694e-02 3.564294204208286101e+04
4.714865984004791566e-02 3.588561113530398143e+04
5.179474257198286163e-02 3.733310635813653789e+04
5.689865559697841746e-02 3.605345966482425865e+04
6.250551403444545850e-02 3.886247841447790415e+04
6.866487869913283359e-02 3.321796865069326304e+04
7.543119418501802176e-02 2.686120114696267046e+04
8.286427011848424007e-02 1.957516728418098864e+04
9.102980983473445142e-02 1.538044408906839817e+04
9.999999115058272325e-02 1.359531196251086840e+04
1.098541043672585787e-01 1.433760928570696706e+04
1.206792531427361148e-01 1.327239219088574828e+04
1.325711244288214907e-01 1.089919032766326927e+04
1.456348342787200378e-01 8.547681111077483365e+03
1.599858570014452974e-01 7.562138048704913672e+03
1.757510458761641914e-01 7.105103617545502857e+03
1.930697544488981787e-01 6.175803074778265000e+03
2.120950683230800604e-01 5.276661917825149430e+03
2.329951583321586417e-01 4.725411017319246639e+03
2.559547670553742882e-01 4.140477935467310999e+03
2.811768418164965477e-01 3.645323567854853536e+03
3.088843286001189403e-01 3.281981939170847909e+03
3.393221427425128778e-01 2.922414431500674254e+03
3.727593338166072523e-01 2.627682050985301430e+03
4.094914638472018087e-01 2.357742129794472930e+03
4.498432198782237879e-01 2.142357318077174568e+03
4.941712839853393824e-01 1.954227929921751183e+03
5.428674861028858212e-01 1.777634231234000708e+03
5.963622675339625978e-01 1.631910788679639609e+03
6.551284857587630350e-01 1.497887064556482756e+03
7.196855941730535555e-01 1.384245714984053166e+03
7.906042337028588163e-01 1.283669985594202444e+03
8.685112768820903995e-01 1.193032935531308340e+03
9.540953689793428838e-01 1.110446935565119702e+03
1.048113015153642191e+00 0.000000000000000000e+00
