1.048113066601954503e-02 7.475902391317617730e+04
1.151395323963562076e-02 0.000000000000000000e+00
1.264855132798976302e-02 1.227226139002580167e+05
1.389495400641860279e-02 4.348856686476049072e+04
1.526417862678452857e-02 6.690098202991450671e+04
1.676832820337198493e-02 0.000000000000000000e+00
1.842069839530119726e-02 6.502222771631040087e+04
2.023589503111089191e-02 7.580874125960684614e+04
2.222996321434766651e-02 6.140048150832817919e+04
2.442052915136719640e-02 7.849239589771101600e+04
2.682695595500901239e-02 8.511161654335804633e+04
2.947051480134291537e-02 6.619004219441821624e+04
3.237457295239669353e-02 6.420089339677388489e+04
3.556480030685772731e-02 6.507718951372973970e+04
3.906939630451649464e-02 6.485967351857600443e+04
4.291933919013282694e-02 6.345769771528556157e+04
4.714865984004791566e-02 6.102751791206673079e+04
5.179474257198286163e-02 5.206075816767967626e+04
5.689865559697841746e-02 4.966599727569637616e+04
6.250551403444545850e-02 5.037790544324879011e+04
6.866487869913283359e-02 4.775614563316331623e+04
7.543119418501802176e-02 4.379065555574400787e+04
8.286427011848424007e-02 3.852997580642280809e+04
9.102980983473445142e-02 3.693258493225550046e+04
9.999999115058272325e-02 3.332810841948669258e+04
1.098541043672585787e-01 2.886360962140255651e+04
1.206792531427361148e-01 2.655833513232986297e+04
1.325711244288214907e-01 2.498214087878537248e+04
1.456348342787200378e-01 2.279610731286566443e+04
1.599858570014452974e-01 2.036894932671626884e+04
1.757510458761641914e-01 1.872502423933578393e+04
1.930697544488981787e-01 1.698964886536679114e+04
2.120950683230800604e-01 1.570247376188746421e+04
2.329951583321586417e-01 1.437218900510721323e+04
2.559547670553742882e-01 1.336943728546772218e+04
2.811768418164965477e-01 1.225332950860809979e+04
3.088843286001189403e-01 1.147912650037901221e+04
3.393221427425128778e-01 1.071492449964612752e+04
3.727593338166072523e-01 1.001904140071776055e+04
4.094914638472018087e-01 9.454103722488240237e+03
4.498432198782237879e-01 8.889138714052021896e+03
4.941712839853393824e-01 8.448132528850635936e+03
5.428674861028858212e-01 8.011528927255769304e+03
5.963622675339625978e-01 7.617331791807249829e+03
6.551284857587630350e-01 7.251904469927671016e+03
7.196855941730535555e-01 6.889059976038441164e+03
7.906042337028588163e-01 6.574721788973659386e+03
8.685112768820903995e-01 6.247702348899760182e+03
9.540953689793428838e-01 5.940336951419321849e+03
1.048113015153642191e+00 0.000000000000000000e+00
