1.048113066601954503e-02 2.675748017787412391e+04
1.151395323963562076e-02 0.000000000000000000e+00
1.264855132798976302e-02 8.478993532749827136e+04
1.389495400641860279e-02 5.223552329918442410e+04
1.526417862678452857e-02 8.235098044388214475e+04
1.676832820337198493e-02 0.000000000000000000e+00
1.842069839530119726e-02 5.538644133852790401e+04
2.023589503111089191e-02 5.112618355692818295e+04
2.222996321434766651e-02 4.525473586949535093e+04
2.442052915136719640e-02 4.124547960615917691e+04
2.682695595500901239e-02 6.935304990504827583e+04
2.947051480134291537e-02 5.078990803441853495e+04
3.237457295239669353e-02 4.890516669705848471e+04
3.556480030685772731e-02 4.595579531797597883e+04
3.906939630451649464e-02 4.543293893194927659e+04
4.291933919013282694e-02 4.393555874132279132e+04
4.714865984004791566e-02 4.160526635390210868e+04
5.179474257198286163e-02 3.569833819863188546e+04
5.689865559697841746e-02 3.558744709563110519e+04
6.250551403444545850e-02 3.325232357675689855e+04
6.866487869913283359e-02 2.977000909482964198e+04
7.543119418501802176e-02 2.905527111825169413e+04
8.286427011848424007e-02 2.617510899576186785e+04
9.102980983473445142e-02 2.240546987731737681e+04
9.999999115058272325e-02 2.011728340864339771e+04
1.098541043672585787e-01 1.837183301624826709e+04
1.206792531427361148e-01 1.663388930603187328e+04
1.325711244288214907e-01 1.438418020459150830e+04
1.456348342787200378e-01 1.348236557570248260e+04
1.599858570014452974e-01 1.185886213307937578e+04
1.757510458761641914e-01 1.035569696700017812e+04
1.930697544488981787e-01 9.288807545331734218e+03
2.120950683230800604e-01 8.428206427390163299e+03
2.329951583321586417e-01 7.486961746550039607e+03
2.559547670553742882e-01 6.752946796183661718e+03
2.811768418164965477e-01 6.096329357006030477e+03
3.088843286001189403e-01 5.524826221443328905e+03
3.393221427425128778e-01 5.052622210719916438e+03
3.727593338166072523e-01 4.598703942740640741e+03
4.094914638472018087e-01 4.237428458420315110e+03
4.498432198782237879e-01 3.895979012956880524e+03
4.941712839853393824e-01 3.603741453007663949e+03
5.428674861028858212e-01 3.355264057936057725e+03
5.963622675339625978e-01 3.120730872325298151e+03
6.551284857587630350e-01 2.914410987733235743e+03
7.196855941730535555e-01 2.733212304446351482e+03
7.906042337028588163e-01 2.569206992890157835e+03
8.685112768820903995e-01 2.409282702194054764e+03
9.540953689793428838e-01 2.268744648457962285e+03
1.048113015153642191e+00 0.000000000000000000e+00
