1.048113066601954503e-02 2.354111162721680012e+06
1.151395323963562076e-02 0.000000000000000000e+00
1.264855132798976302e-02 8.564639051389147062e+05
1.389495400641860279e-02 8.116723363588628126e+05
1.526417862678452857e-02 7.115167013159686467e+05
1.676832820337198493e-02 0.000000000000000000e+00
1.842069839530119726e-02 6.827594317359238630e+05
2.023589503111089191e-02 5.624368092822972685e+05
2.222996321434766651e-02 5.973250040571817663e+05
2.442052915136719640e-02 2.241547364032267942e+05
2.682695595500901239e-02 2.199291580039343098e+05
2.947051480134291537e-02 2.536983093531368941e+05
3.237457295239669353e-02 2.014198857657688786e+05
3.556480030685772731e-02 1.859448513502574351e+05
3.906939630451649464e-02 1.291942403127046127e+05
4.291933919013282694e-02 1.079213094347710285e+05
4.714865984004791566e-02 9.324895115183903545e+04
5.179474257198286163e-02 9.633555532936411328e+04
5.689865559697841746e-02 8.972038865869166330e+04
6.250551403444545850e-02 8.028985069242012105e+04
6.866487869913283359e-02 8.538680032858584309e+04
7.543119418501802176e-02 7.370559758678653452e+04
8.286427011848424007e-02 5.748019587277882965e+04
9.102980983473445142e-02 4.834692406763548206e+04
9.999999115058272325e-02 3.904648841306163376e+04
1.098541043672585787e-01 3.526099084414615936e+04
1.206792531427361148e-01 3.205228449761209777e+04
1.325711244288214907e-01 3.019421903710471452e+04
1.456348342787200378e-01 2.608796777728854431e+04
1.599858570014452974e-01 2.297480306901964286e+04
1.757510458761641914e-01 2.047174433635791502e+04
1.930697544488981787e-01 1.811687326907822353e+04
2.120950683230800604e-01 1.660899375694091577e+04
2.329951583321586417e-01 1.504774338938900291e+04
2.559547670553742882e-01 1.387029512242479359e+04
2.811768418164965477e-01 1.248168533051459053e+04
3.088843286001189403e-01 1.133147650666849586e+04
3.393221427425128778e-01 1.038986881731703215e+04
3.727593338166072523e-01 9.572563288196453868e+03
4.094914638472018087e-01 8.841982058463361682e+03
4.498432198782237879e-01 8.224744208152869760e+03
4.941712839853393824e-01 7.624626130526384259e+03
5.428674861028858212e-01 7.061414160066544355e+03
5.963622675339625978e-01 6.559849324652500400e+03
6.551284857587630350e-01 6.039333553747764199e+03
7.196855941730535555e-01 5.561873524741859001e+03
7.906042337028588163e-01 5.120704595151760259e+03
8.685112768820903995e-01 4.678709278519053441e+03
9.540953689793428838e-01 4.245756655276712081e+03
1.048113015153642191e+00 0.000000000000000000e+00
