1.048113066601954503e-02 2.197171029746438144e+05
1.151395323963562076e-02 0.000000000000000000e+00
1.264855132798976302e-02 2.693639086682710331e+05
1.389495400641860279e-02 1.532532936205495789e+05
1.526417862678452857e-02 1.063012442512380949e+05
1.676832820337198493e-02 0.000000000000000000e+00
1.842069839530119726e-02 1.357396341844476992e+05
2.023589503111089191e-02 2.096181825590447406e+05
2.222996321434766651e-02 1.252305007840063918e+05
2.442052915136719640e-02 1.503914818253247940e+05
2.682695595500901239e-02 1.313581250064467604e+05
2.947051480134291537e-02 1.184312482413881226e+05
3.237457295239669353e-02 1.218912597181450692e+05
3.556480030685772731e-02 1.130068932980833342e+05
3.906939630451649464e-02 9.321072155174620275e+04
4.291933919013282694e-02 8.227007829283009050e+04
4.714865984004791566e-02 7.416124381207060651e+04
5.179474257198286163e-02 7.669543270142299298e+04
5.689865559697841746e-02 7.025090748479623289e+04
6.250551403444545850e-02 6.672238640810885408e+04
6.866487869913283359e-02 5.585121869365531165e+04
7.543119418501802176e-02 4.923796635138223064e+04
8.286427011848424007e-02 4.038209610316665203e+04
9.102980983473445142e-02 3.579839012628540513e+04
9.999999115058272325e-02 3.205894855179003935e+04
1.098541043672585787e-01 3.000145009091016618e+04
1.206792531427361148e-01 2.683959610803726537e+04
1.325711244288214907e-01 2.284025010546727572e+04
1.456348342787200378e-01 2.040795786009167932e+04
1.599858570014452974e-01 1.795793951313191064e+04
1.757510458761641914e-01 1.580418901293744784e+04
1.930697544488981787e-01 1.406002919009476318e+04
2.120950683230800604e-01 1.285920704696046596e+04
2.329951583321586417e-01 1.139212382174204322e+04
2.559547670553742882e-01 1.025931282017550984e+04
2.811768418164965477e-01 9.279484273850670434e+03
3.088843286001189403e-01 8.449283260226169659e+03
3.393221427425128778e-01 7.718606307385976834e+03
3.727593338166072523e-01 7.058207475510960649e+03
4.094914638472018087e-01 6.487115858605673566e+03
4.498432198782237879e-01 5.998517176224881041e+03
4.941712839853393824e-01 5.578800413869946169e+03
5.428674861028858212e-01 5.188712347825126926e+03
5.963622675339625978e-01 4.851165148957130441e+03
6.551284857587630350e-01 4.537349796055900697e+03
7.196855941730535555e-01 4.249756857063584903e+03
7.906042337028588163e-01 3.991577915708162436e+03
8.685112768820903995e-01 3.749342712310749448e+03
9.540953689793428838e-01 3.527724067133226526e+03
1.048113015153642191e+00 0.000000000000000000e+00
