1.048113066601954503e-02 3.211244960203656228e+05
1.151395323963562076e-02 0.000000000000000000e+00
1.264855132798976302e-02 1.626747333651319786e+05
1.389495400641860279e-02 1.574523973960306030e+05
1.526417862678452857e-02 2.519452408145797672e+05
1.676832820337198493e-02 0.000000000000000000e+00
1.842069839530119726e-02 2.217531775454090384e+05
2.023589503111089191e-02 1.730354940117034712e+05
2.222996321434766651e-02 1.115846189394835092e+05
2.442052915136719640e-02 1.480881448862803227e+05
2.682695595500901239e-02 1.240544429714101425e+05
2.947051480134291537e-02 9.806963537510749302e+04
3.237457295239669353e-02 8.463711323812090268e+04
3.556480030685772731e-02 7.604630228628075565e+04
3.906939630451649464e-02 7.357457694922492374e+04
4.291933919013282694e-02 7.283423516684511560e+04
4.714865984004791566e-02 6.014299062844702712e+04
5.179474257198286163e-02 5.744753804440417298e+04
5.689865559697841746e-02 5.536021418901463039e+04
6.250551403444545850e-02 5.425736397615001624e+04
6.866487869913283359e-02 4.358066002313970239e+04
7.543119418501802176e-02 3.329614555295267928e+04
8.286427011848424007e-02 2.755576371825714159e+04
9.102980983473445142e-02 2.486795038038799612e+04
9.999999115058272325e-02 2.504238589818752735e+04
1.098541043672585787e-01 2.275274569110112134e+04
1.206792531427361148e-01 1.870530846283497158e+04
1.325711244288214907e-01 1.583455439536251833e+04
1.456348342787200378e-01 1.471824176313834687e+04
1.599858570014452974e-01 1.367064369836795413e+04
1.757510458761641914e-01 1.198149463424546593e+04
1.930697544488981787e-01 1.077961133083714776e+04
2.120950683230800604e-01 9.600507586752833959e+03
2.329951583321586417e-01 8.689081803228658828e+03
2.559547670553742882e-01 7.843160680573644640e+03
2.811768418164965477e-01 7.155517311747908025e+03
3.088843286001189403e-01 6.577137688349924247e+03
3.393221427425128778e-01 6.017152884338292097e+03
3.727593338166072523e-01 5.564051271733409521e+03
4.094914638472018087e-01 5.183611695925274034e+03
4.498432198782237879e-01 4.797569557551902108e+03
4.941712839853393824e-01 4.477794464972501373e+03
5.428674861028858212e-01 4.188350855485596185e+03
5.963622675339625978e-01 3.921770875511642316e+03
6.551284857587630350e-01 3.688062122125130827e+03
7.196855941730535555e-01 3.459305874188108646e+03
7.906042337028588163e-01 3.240817703427715060e+03
8.685112768820903995e-01 3.038294799285254157e+03
9.540953689793428838e-01 2.852377139165944754e+03
1.048113015153642191e+00 0.000000000000000000e+00
