1.048113066601954503e-02 2.757616267496859291e+04
1.151395323963562076e-02 0.000000000000000000e+00
1.264855132798976302e-02 5.500832247748397640e+04
1.389495400641860279e-02 4.945465550525658909e+04
1.526417862678452857e-02 7.575925594699106296e+04
1.676832820337198493e-02 0.000000000000000000e+00
1.842069839530119726e-02 5.765645930767557729e+04
2.023589503111089191e-02 3.082826553718166178e+04
2.222996321434766651e-02 3.569998093111618073e+04
2.442052915136719640e-02 3.492429708059686527e+04
2.682695595500901239e-02 5.296495727524461108e+04
2.947051480134291537e-02 6.256685323637521651e+04
3.237457295239669353e-02 5.888912502875918290e+04
3.556480030685772731e-02 6.444284885622449656e+04
3.906939630451649464e-02 6.494275420757310349e+04
4.291933919013282694e-02 5.296537169192766305e+04
4.714865984004791566e-02 4.793447168540627899e+04
5.179474257198286163e-02 4.607869013118585281e+04
5.689865559697841746e-02 4.683594759343878104e+04
6.250551403444545850e-02 4.316851843321837805e+04
6.866487869913283359e-02 3.903429623020331201e+04
7.543119418501802176e-02 3.797052368998976453e+04
8.286427011848424007e-02 3.771188255630924687e+04
9.102980983473445142e-02 3.465556021927270922e+04
9.999999115058272325e-02 3.041477741443011837e+04
1.098541043672585787e-01 2.618823543214533856e+04
1.206792531427361148e-01 2.418407071787880341e+04
1.325711244288214907e-01 2.216381139732119482e+04
1.456348342787200378e-01 2.091839139310549217e+04
1.599858570014452974e-01 1.914934204849580419e+04
1.757510458761641914e-01 1.706215570669428780e+04
1.930697544488981787e-01 1.554806660347125217e+04
2.120950683230800604e-01 1.429177031168069516e+04
2.329951583321586417e-01 1.307679292070443989e+04
2.559547670553742882e-01 1.204666889574107336e+04
2.811768418164965477e-01 1.096582853962196168e+04
3.088843286001189403e-01 1.018763815609237645e+04
3.393221427425128778e-01 9.392152139714078658e+03
3.727593338166072523e-01 8.697013476857518981e+03
4.094914638472018087e-01 8.159368526120077149e+03
4.498432198782237879e-01 7.677521879023493966e+03
4.941712839853393824e-01 7.225816555370978676e+03
5.428674861028858212e-01 6.827600513030643924e+03
5.963622675339625978e-01 6.444646365176493418e+03
6.551284857587630350e-01 6.130916772847929678e+03
7.196855941730535555e-01 5.827112623383658502e+03
7.906042337028588163e-01 5.547902049623009589e+03
8.685112768820903995e-01 5.302115686067465504e+03
9.540953689793428838e-01 5.068940775586481323e+03
1.048113015153642191e+00 0.000000000000000000e+00
