1.048113066601954503e-02 1.816262827408546873e+05
1.151395323963562076e-02 0.000000000000000000e+00
1.264855132798976302e-02 6.354537329612291069e+04
1.389495400641860279e-02 4.629255632700900605e+04
1.526417862678452857e-02 9.146376500978071999e+04
1.676832820337198493e-02 0.000000000000000000e+00
1.842069839530119726e-02 7.016953167683744687e+04
2.023589503111089191e-02 7.899498406699715997e+04
2.222996321434766651e-02 1.191978510422239196e+05
2.442052915136719640e-02 9.544112868016952416e+04
2.682695595500901239e-02 8.031082589075864234e+04
2.947051480134291537e-02 8.196398609299845702e+04
3.237457295239669353e-02 5.967983119425053883e+04
3.556480030685772731e-02 4.497594409436421120e+04
3.906939630451649464e-02 5.288396036518585606e+04
4.291933919013282694e-02 4.431210309407192108e+04
4.714865984004791566e-02 4.431137295161705697e+04
5.179474257198286163e-02 3.989809771438324242e+04
5.689865559697841746e-02 3.594490223003782739e+04
6.250551403444545850e-02 3.222533405280049556e+04
6.866487869913283359e-02 2.976426915512992127e+04
7.543119418501802176e-02 2.861041713216160133e+04
8.286427011848424007e-02 2.642523009923033169e+04
9.102980983473445142e-02 2.328433700264080835e+04
9.999999115058272325e-02 1.985718547529810166e+04
1.098541043672585787e-01 1.558956707785114850e+04
1.206792531427361148e-01 1.487271122385231502e+04
1.325711244288214907e-01 1.348258731346608693e+04
1.456348342787200378e-01 1.243789213921786359e+04
1.599858570014452974e-01 1.086155565227101761e+04
1.757510458761641914e-01 9.590381112900062362e+03
1.930697544488981787e-01 8.488177238549968024e+03
2.120950683230800604e-01 7.676044583487773707e+03
2.329951583321586417e-01 6.842636372080862202e+03
2.559547670553742882e-01 6.243439915125877633e+03
2.811768418164965477e-01 5.677719085897058903e+03
3.088843286001189403e-01 5.150629655970617023e+03
3.393221427425128778e-01 4.721076878827839209e+03
3.727593338166072523e-01 4.298982618877128516e+03
4.094914638472018087e-01 3.989685067171762967e+03
4.498432198782237879e-01 3.678821829531285402e+03
4.941712839853393824e-01 3.417405768205143431e+03
5.428674861028858212e-01 3.172388662964348896e+03
5.963622675339625978e-01 2.968111072627861176e+03
6.551284857587630350e-01 2.780286934413992640e+03
7.196855941730535555e-01 2.602507706741369930e+03
7.906042337028588163e-01 2.436153128690670655e+03
8.685112768820903995e-01 2.282492057938862672e+03
9.540953689793428838e-01 2.137218415887571609e+03
1.048113015153642191e+00 0.000000000000000000e+00
