1.048113066601954503e-02 7.400262286860583117e+05
1.151395323963562076e-02 0.000000000000000000e+00
1.264855132798976302e-02 1.331493891883043107e+06
1.389495400641860279e-02 6.266443158903407166e+05
1.526417862678452857e-02 1.007547600867472705e+06
1.676832820337198493e-02 0.000000000000000000e+00
1.842069839530119726e-02 7.701365871795284329e+05
2.023589503111089191e-02 4.833870297461225418e+05
2.222996321434766651e-02 4.185712512204942759e+05
2.442052915136719640e-02 4.906988890528440825e+05
2.682695595500901239e-02 2.763939413112209295e+05
2.947051480134291537e-02 2.224669669465085026e+05
3.237457295239669353e-02 1.711743617276330770e+05
3.556480030685772731e-02 1.352476030289310147e+05
3.906939630451649464e-02 1.160428280378454365e+05
4.291933919013282694e-02 1.035167048673987301e+05
4.714865984004791566e-02 9.852116535037182621e+04
5.179474257198286163e-02 9.481025321981092566e+04
5.689865559697841746e-02 1.026081421063508169e+05
6.250551403444545850e-02 9.054310772708468721e+04
6.866487869913283359e-02 7.970503254019899759e+04
7.543119418501802176e-02 6.043351051591821306e+04
8.286427011848424007e-02 4.267890157314704265e+04
9.102980983473445142e-02 3.489309375651348091e+04
9.999999115058272325e-02 3.407382902415853459e+04
1.098541043672585787e-01 3.392704174631573551e+04
1.206792531427361148e-01 2.822990957498433272e+04
1.325711244288214907e-01 2.230046528521969594e+04
1.456348342787200378e-01 1.954227043797311853e+04
1.599858570014452974e-01 1.772368630364641285e+04
1.757510458761641914e-01 1.528058204844539068e+04
1.930697544488981787e-01 1.328660679718217580e+04
2.120950683230800604e-01 1.194997760121313149e+04
2.329951583321586417e-01 1.037041372876590867e+04
2.559547670553742882e-01 9.223142072881219065e+03
2.811768418164965477e-01 8.268008513882083207e+03
3.088843286001189403e-01 7.349400708949509863e+03
3.393221427425128778e-01 6.622264190047710144e+03
3.727593338166072523e-01 5.962124043292264105e+03
4.094914638472018087e-01 5.393688708021642015e+03
4.498432198782237879e-01 4.929350595525327662e+03
4.941712839853393824e-01 4.506687681148875527e+03
5.428674861028858212e-01 4.133309944079659545e+03
5.963622675339625978e-01 3.801702609682679395e+03
6.551284857587630350e-01 3.499860290932955650e+03
7.196855941730535555e-01 3.225192381035026756e+03
7.906042337028588163e-01 2.973933267064969641e+03
8.685112768820903995e-01 2.742461308722879949e+03
9.540953689793428838e-01 2.539586979296887421e+03
1.048113015153642191e+00 0.000000000000000000e+00
