1.048113066601954503e-02 2.135720819205533917e+04
1.151395323963562076e-02 0.000000000000000000e+00
1.264855132798976302e-02 1.914208443318126228e+04
1.389495400641860279e-02 2.772952384470938705e+04
1.526417862678452857e-02 1.735002881654953671e+04
1.676832820337198493e-02 0.000000000000000000e+00
1.842069839530119726e-02 2.256546977289779170e+04
2.023589503111089191e-02 2.624510611845476888e+04
2.222996321434766651e-02 1.803627005457077030e+04
2.442052915136719640e-02 1.749418841067488029e+04
2.682695595500901239e-02 2.157957998662271712e+04
2.947051480134291537e-02 2.881430885412676071e+04
3.237457295239669353e-02 2.238401451135133175e+04
3.556480030685772731e-02 2.051048837647521214e+04
3.906939630451649464e-02 2.301768967828546010e+04
4.291933919013282694e-02 2.193237915123459243e+04
4.714865984004791566e-02 1.980319946711279044e+04
5.179474257198286163e-02 1.831507247227759217e+04
5.689865559697841746e-02 1.845697054147658127e+04
6.250551403444545850e-02 1.797572276247107948e+04
6.866487869913283359e-02 1.711031408130863565e+04
7.543119418501802176e-02 1.684951793466955860e+04
8.286427011848424007e-02 1.550839242199205728e+04
9.102980983473445142e-02 1.380683564584438682e+04
9.999999115058272325e-02 1.241151505461120360e+04
1.098541043672585787e-01 1.124307930143763224e+04
1.206792531427361148e-01 1.080322897891661341e+04
1.325711244288214907e-01 9.948844797416213623e+03
1.456348342787200378e-01 9.108809643277127179e+03
1.599858570014452974e-01 8.085869752389697169e+03
1.757510458761641914e-01 7.304654340097782551e+03
1.930697544488981787e-01 6.746290664167131581e+03
2.120950683230800604e-01 6.170532517255240236e+03
2.329951583321586417e-01 5.530913134850312417e+03
2.559547670553742882e-01 5.119561779758154444e+03
2.811768418164965477e-01 4.680840791644181991e+03
3.088843286001189403e-01 4.352502890387148909e+03
3.393221427425128778e-01 4.008117853230233777e+03
3.727593338166072523e-01 3.709488629829017100e+03
4.094914638472018087e-01 3.460100354162278109e+03
4.498432198782237879e-01 3.242093851471397556e+03
4.941712839853393824e-01 3.027428591992803376e+03
5.428674861028858212e-01 2.856751997273670895e+03
5.963622675339625978e-01 2.698531702418906207e+03
6.551284857587630350e-01 2.547833599125831824e+03
7.196855941730535555e-01 2.407493759776755724e+03
7.906042337028588163e-01 2.276104238502925455e+03
8.685112768820903995e-01 2.150743599940848526e+03
9.540953689793428838e-01 2.034677409912161011e+03
1.048113015153642191e+00 0.000000000000000000e+00
