1.048113066601954503e-02 8.939712605442585191e+05
1.151395323963562076e-02 0.000000000000000000e+00
1.264855132798976302e-02 7.845529447573963553e+05
1.389495400641860279e-02 5.538563225241320906e+05
1.526417862678452857e-02 3.840816188562379684e+05
1.676832820337198493e-02 0.000000000000000000e+00
1.842069839530119726e-02 6.348776986950954888e+05
2.023589503111089191e-02 3.550529502811632701e+05
2.222996321434766651e-02 4.093598762428803602e+05
2.442052915136719640e-02 3.126027415938469348e+05
2.682695595500901239e-02 3.325978162295933580e+05
2.947051480134291537e-02 2.763521772580041434e+05
3.237457295239669353e-02 2.427311268561417237e+05
3.556480030685772731e-02 1.946523884648022358e+05
3.906939630451649464e-02 2.036760767863494402e+05
4.291933919013282694e-02 1.539530338895704772e+05
4.714865984004791566e-02 1.686688368786561769e+05
5.179474257198286163e-02 1.564598637133400480e+05
5.689865559697841746e-02 1.433407275694544369e+05
6.250551403444545850e-02 1.343126341428562882e+05
6.866487869913283359e-02 1.099225870968232630e+05
7.543119418501802176e-02 8.945151820684561972e+04
8.286427011848424007e-02 7.969367230768228183e+04
9.102980983473445142e-02 6.912130031931563281e+04
9.999999115058272325e-02 6.888600619789739721e+04
1.098541043672585787e-01 6.052079095221115858e+04
1.206792531427361148e-01 5.224788241404469591e+04
1.325711244288214907e-01 4.579645297965044301e+04
1.456348342787200378e-01 4.122198716712271562e+04
1.599858570014452974e-01 3.816605149595264083e+04
1.757510458761641914e-01 3.402519857215370575e+04
1.930697544488981787e-01 3.067773806461533604e+04
2.120950683230800604e-01 2.802206840014761838e+04
2.329951583321586417e-01 2.532331405407358397e+04
2.559547670553742882e-01 2.335359932454073714e+04
2.811768418164965477e-01 2.149627613640631535e+04
3.088843286001189403e-01 1.985168161440952827e+04
3.393221427425128778e-01 1.847683448933954423e+04
3.727593338166072523e-01 1.709067873604965644e+04
4.094914638472018087e-01 1.610498208630094450e+04
4.498432198782237879e-01 1.514076428034055789e+04
4.941712839853393824e-01 1.422043447131995890e+04
5.428674861028858212e-01 1.338977319543819249e+04
5.963622675339625978e-01 1.265427273946054993e+04
6.551284857587630350e-01 1.193289901556823679e+04
7.196855941730535555e-01 1.126403753783183856e+04
7.906042337028588163e-01 1.060568589212696679e+04
8.685112768820903995e-01 9.965988263725837896e+03
9.540953689793428838e-01 9.380641606812776445e+03
1.048113015153642191e+00 0.000000000000000000e+00
