1.048113066601954503e-02 2.384358638957089352e+04
1.151395323963562076e-02 0.000000000000000000e+00
1.264855132798976302e-02 7.149535864400172431e+04
1.389495400641860279e-02 2.582275117781087465e+04
1.526417862678452857e-02 5.572056140637261706e+04
1.676832820337198493e-02 0.000000000000000000e+00
1.842069839530119726e-02 5.125935845999295998e+04
2.023589503111089191e-02 5.475281250070410897e+04
2.222996321434766651e-02 4.613034514833358116e+04
2.442052915136719640e-02 7.451805076721341175e+04
2.682695595500901239e-02 5.183724130761119886e+04
2.947051480134291537e-02 4.159800192122390581e+04
3.237457295239669353e-02 3.314053383225289872e+04
3.556480030685772731e-02 4.191106747726454341e+04
3.906939630451649464e-02 4.467222134592135262e+04
4.291933919013282694e-02 3.314235196368639299e+04
4.714865984004791566e-02 2.982679999382851383e+04
5.179474257198286163e-02 3.025905295525963811e+04
5.689865559697841746e-02 2.877458855109810975e+04
6.250551403444545850e-02 2.688384664392903869e+04
6.866487869913283359e-02 2.550360944597801426e+04
7.543119418501802176e-02 2.292418108590715929e+04
8.286427011848424007e-02 2.099586506052188633e+04
9.102980983473445142e-02 1.932817650321247129e+04
9.999999115058272325e-02 1.658971562658241601e+04
1.098541043672585787e-01 1.427751190127939481e+04
1.206792531427361148e-01 1.262254437884448089e+04
1.325711244288214907e-01 1.144046756261851260e+04
1.456348342787200378e-01 1.081205905244762107e+04
1.599858570014452974e-01 9.601211777306712975e+03
1.757510458761641914e-01 8.246628845340852422e+03
1.930697544488981787e-01 7.576774404964036876e+03
2.120950683230800604e-01 6.907762830822831347e+03
2.329951583321586417e-01 6.252255616099299914e+03
2.559547670553742882e-01 5.663326373735749257e+03
2.811768418164965477e-01 5.124824696461423628e+03
3.088843286001189403e-01 4.701932039446443923e+03
3.393221427425128778e-01 4.300910913231066843e+03
3.727593338166072523e-01 3.935265624779694008e+03
4.094914638472018087e-01 3.664078573670967216e+03
4.498432198782237879e-01 3.383155098755017207e+03
4.941712839853393824e-01 3.160674324994478866e+03
5.428674861028858212e-01 2.957633010140950319e+03
5.963622675339625978e-01 2.759967203454066293e+03
6.551284857587630350e-01 2.600979623925268243e+03
7.196855941730535555e-01 2.447142027592105933e+03
7.906042337028588163e-01 2.297997159689390173e+03
8.685112768820903995e-01 2.171566459607701745e+03
9.540953689793428838e-01 2.046239543745307856e+03
1.048113015153642191e+00 0.000000000000000000e+00
