1.048113066601954503e-02 4.240112217541080900e+05
1.151395323963562076e-02 0.000000000000000000e+00
1.264855132798976302e-02 3.716221128338382114e+05
1.389495400641860279e-02 2.624234924341483274e+05
1.526417862678452857e-02 1.810829937128693564e+05
1.676832820337198493e-02 0.000000000000000000e+00
1.842069839530119726e-02 3.006194972082097083e+05
2.023589503111089191e-02 1.672116246198264125e+05
2.222996321434766651e-02 1.931569011879591562e+05
2.442052915136719640e-02 1.471967184814339271e+05
2.682695595500901239e-02 1.565928709405138216e+05
2.947051480134291537e-02 1.295405744321803068e+05
3.237457295239669353e-02 1.139323538767253776e+05
3.556480030685772731e-02 9.108795360159779375e+04
3.906939630451649464e-02 9.533734158520432538e+04
4.291933919013282694e-02 7.204948687870443973e+04
4.714865984004791566e-02 7.857708893318663468e+04
5.179474257198286163e-02 7.290404233628457587e+04
5.689865559697841746e-02 6.666699459621887945e+04
6.250551403444545850e-02 6.224533700604873593e+04
6.866487869913283359e-02 5.078660635491269932e+04
7.543119418501802176e-02 4.104132240661728429e+04
8.286427011848424007e-02 3.643868462700766395e+04
9.102980983473445142e-02 3.153685519349059541e+04
9.999999115058272325e-02 3.128981745262862023e+04
1.098541043672585787e-01 2.734340830576017470e+04
1.206792531427361148e-01 2.345913493842345633e+04
1.325711244288214907e-01 2.043773255565656655e+04
1.456348342787200378e-01 1.828694293274689335e+04
1.599858570014452974e-01 1.683332220523733122e+04
1.757510458761641914e-01 1.489824257474417391e+04
1.930697544488981787e-01 1.335099665962121799e+04
2.120950683230800604e-01 1.210620276090756670e+04
2.329951583321586417e-01 1.087548374539104771e+04
2.559547670553742882e-01 9.954437044509679254e+03
2.811768418164965477e-01 9.097325549106135441e+03
3.088843286001189403e-01 8.345790174398907766e+03
3.393221427425128778e-01 7.712989456578400677e+03
3.727593338166072523e-01 7.084576293883452308e+03
4.094914638472018087e-01 6.630808548262089971e+03
4.498432198782237879e-01 6.191118675460978920e+03
4.941712839853393824e-01 5.775038591955008087e+03
5.428674861028858212e-01 5.401741228212204078e+03
5.963622675339625978e-01 5.071029678454435270e+03
6.551284857587630350e-01 4.750100035046871199e+03
7.196855941730535555e-01 4.453684541897196141e+03
7.906042337028588163e-01 4.164926223780003056e+03
8.685112768820903995e-01 3.886768619669110194e+03
9.540953689793428838e-01 3.632391363138503948e+03
1.048113015153642191e+00 0.000000000000000000e+00
