1.048113066601954503e-02 1.690599466684596846e+05
1.151395323963562076e-02 0.000000000000000000e+00
1.264855132798976302e-02 9.721768214046547655e+04
1.389495400641860279e-02 1.402819241961391526e+05
1.526417862678452857e-02 1.557651429488873109e+05
1.676832820337198493e-02 0.000000000000000000e+00
1.842069839530119726e-02 1.343963926330728573e+05
2.023589503111089191e-02 1.298128364871655067e+05
2.222996321434766651e-02 1.157443556006969011e+05
2.442052915136719640e-02 1.267458515034632583e+05
2.682695595500901239e-02 1.539832188672245538e+05
2.947051480134291537e-02 1.446188883653756930e+05
3.237457295239669353e-02 1.200570827670772123e+05
3.556480030685772731e-02 9.956745004311544471e+04
3.906939630451649464e-02 9.778463469289935892e+04
4.291933919013282694e-02 8.814987302231407375e+04
4.714865984004791566e-02 8.332259661282203160e+04
5.179474257198286163e-02 7.447781914796511410e+04
5.689865559697841746e-02 6.931598796451135422e+04
6.250551403444545850e-02 6.615562813124185777e+04
6.866487869913283359e-02 6.180835177376795036e+04
7.543119418501802176e-02 5.617176537761160580e+04
8.286427011848424007e-02 4.905691456691865460e+04
9.102980983473445142e-02 4.353639776850781345e+04
9.999999115058272325e-02 3.684602845933742356e+04
1.098541043672585787e-01 3.368599593710378394e+04
1.206792531427361148e-01 3.014196574260300986e+04
1.325711244288214907e-01 2.717829405811573815e+04
1.456348342787200378e-01 2.444688386919758341e+04
1.599858570014452974e-01 2.133266310368297491e+04
1.757510458761641914e-01 1.956653599199448217e+04
1.930697544488981787e-01 1.756523239560726506e+04
2.120950683230800604e-01 1.557306980584433768e+04
2.329951583321586417e-01 1.421359053083058097e+04
2.559547670553742882e-01 1.288196497111986719e+04
2.811768418164965477e-01 1.179877110162480494e+04
3.088843286001189403e-01 1.070496088100748239e+04
3.393221427425128778e-01 9.879460838016746493e+03
3.727593338166072523e-01 9.112711533817866439e+03
4.094914638472018087e-01 8.389634723219289299e+03
4.498432198782237879e-01 7.796391373309599658e+03
4.941712839853393824e-01 7.297278385981720021e+03
5.428674861028858212e-01 6.808527951262538409e+03
5.963622675339625978e-01 6.392464845128451998e+03
6.551284857587630350e-01 6.007182810627955405e+03
7.196855941730535555e-01 5.662122302618940012e+03
7.906042337028588163e-01 5.328181622806249834e+03
8.685112768820903995e-01 5.022218887927703690e+03
9.540953689793428838e-01 4.745625100292432762e+03
1.048113015153642191e+00 0.000000000000000000e+00
