1.048113066601954503e-02 9.621048804974632803e+05
1.151395323963562076e-02 0.000000000000000000e+00
1.264855132798976302e-02 1.017391400777118979e+06
1.389495400641860279e-02 7.407593554195087636e+05
1.526417862678452857e-02 6.814879975054842653e+05
1.676832820337198493e-02 0.000000000000000000e+00
1.842069839530119726e-02 4.839354939758278779e+05
2.023589503111089191e-02 6.525917384222201072e+05
2.222996321434766651e-02 3.096883652693843469e+05
2.442052915136719640e-02 4.014150440706059453e+05
2.682695595500901239e-02 3.435015952540258295e+05
2.947051480134291537e-02 2.334058262256628077e+05
3.237457295239669353e-02 2.017290685135709937e+05
3.556480030685772731e-02 2.154822305484765384e+05
3.906939630451649464e-02 1.426247783081245143e+05
4.291933919013282694e-02 1.440717947032520897e+05
4.714865984004791566e-02 1.435987795726337063e+05
5.179474257198286163e-02 1.266730476688651106e+05
5.689865559697841746e-02 1.347267297946282197e+05
6.250551403444545850e-02 1.065450832042884140e+05
6.866487869913283359e-02 8.749643500238242268e+04
7.543119418501802176e-02 6.989551353749859845e+04
8.286427011848424007e-02 5.666589494046830805e+04
9.102980983473445142e-02 5.105735412947844452e+04
9.999999115058272325e-02 4.749249441499801469e+04
1.098541043672585787e-01 4.284254315766220680e+04
1.206792531427361148e-01 3.680540574124228442e+04
1.325711244288214907e-01 3.093895079720500144e+04
1.456348342787200378e-01 2.864071512259463998e+04
1.599858570014452974e-01 2.490319033683340240e+04
1.757510458761641914e-01 2.240594381990816328e+04
1.930697544488981787e-01 2.035352967452442681e+04
2.120950683230800604e-01 1.841892233698672862e+04
2.329951583321586417e-01 1.657361273365747911e+04
2.559547670553742882e-01 1.514933784705316430e+04
2.811768418164965477e-01 1.378260913113790957e+04
3.088843286001189403e-01 1.265225009565999062e+04
3.393221427425128778e-01 1.159891903899457975e+04
3.727593338166072523e-01 1.073309444193164927e+04
4.094914638472018087e-01 9.835409832106633985e+03
4.498432198782237879e-01 9.153662987492818502e+03
4.941712839853393824e-01 8.441092921270896113e+03
5.428674861028858212e-01 7.870108647750500495e+03
5.963622675339625978e-01 7.259088500710086009e+03
6.551284857587630350e-01 6.722408205685153007e+03
7.196855941730535555e-01 6.233699731126803272e+03
7.906042337028588163e-01 5.757319242809659045e+03
8.685112768820903995e-01 5.290940975827171314e+03
9.540953689793428838e-01 4.831568221372547669e+03
1.048113015153642191e+00 0.000000000000000000e+00
