1.048113066601954503e-02 5.590140372172508069e+04
1.151395323963562076e-02 0.000000000000000000e+00
1.264855132798976302e-02 2.472795796619605972e+05
1.389495400641860279e-02 1.225585831941407087e+05
1.526417862678452857e-02 1.853504044102504849e+05
1.676832820337198493e-02 0.000000000000000000e+00
1.842069839530119726e-02 1.018175227507257805e+05
2.023589503111089191e-02 1.180439588518160017e+05
2.222996321434766651e-02 1.073932445077977318e+05
2.442052915136719640e-02 9.390114528776737279e+04
2.682695595500901239e-02 8.137158087513125793e+04
2.947051480134291537e-02 8.806465872446894355e+04
3.237457295239669353e-02 8.938367447292261932e+04
3.556480030685772731e-02 5.993052383277100307e+04
3.906939630451649464e-02 4.968888109329361032e+04
4.291933919013282694e-02 4.758832612872852042e+04
4.714865984004791566e-02 4.324848756941278407e+04
5.179474257198286163e-02 3.923524820672827627e+04
5.689865559697841746e-02 3.983947114700349630e+04
6.250551403444545850e-02 4.054145250702429621e+04
6.866487869913283359e-02 3.493965462189267419e+04
7.543119418501802176e-02 2.765123240601019643e+04
8.286427011848424007e-02 2.236009330073427191e+04
9.102980983473445142e-02 1.858978866417569952e+04
9.999999115058272325e-02 1.721228018885588608e+04
1.098541043672585787e-01 1.664781513347936198e+04
1.206792531427361148e-01 1.546219619094803966e+04
1.325711244288214907e-01 1.307952867066762883e+04
1.456348342787200378e-01 1.108579613465216607e+04
1.599858570014452974e-01 9.889552620836619099e+03
1.757510458761641914e-01 9.205618486819641475e+03
1.930697544488981787e-01 8.137535121225488183e+03
2.120950683230800604e-01 7.143992900486943654e+03
2.329951583321586417e-01 6.482728500014485689e+03
2.559547670553742882e-01 5.924552283234555034e+03
2.811768418164965477e-01 5.328955199267631542e+03
3.088843286001189403e-01 4.851497334362176844e+03
3.393221427425128778e-01 4.432974302928878387e+03
3.727593338166072523e-01 4.075405596332208006e+03
4.094914638472018087e-01 3.757712794766806837e+03
4.498432198782237879e-01 3.483126257480406821e+03
4.941712839853393824e-01 3.240768088825941959e+03
5.428674861028858212e-01 3.009307889132328000e+03
5.963622675339625978e-01 2.805414534625982469e+03
6.551284857587630350e-01 2.619110289688991543e+03
7.196855941730535555e-01 2.459157534082567508e+03
7.906042337028588163e-01 2.303349211211464535e+03
8.685112768820903995e-01 2.162039383780621847e+03
9.540953689793428838e-01 2.025947948645501583e+03
1.048113015153642191e+00 0.000000000000000000e+00
