1.048113066601954503e-02 1.542230505502166925e+05
1.151395323963562076e-02 0.000000000000000000e+00
1.264855132798976302e-02 8.869723877321844338e+04
1.389495400641860279e-02 1.279679983311365941e+05
1.526417862678452857e-02 1.421076352560268133e+05
1.676832820337198493e-02 0.000000000000000000e+00
1.842069839530119726e-02 1.226176637621491100e+05
2.023589503111089191e-02 1.184348230484134983e+05
2.222996321434766651e-02 1.056285831996821653e+05
2.442052915136719640e-02 1.156352430204523844e+05
2.682695595500901239e-02 1.404844748131417437e+05
2.947051480134291537e-02 1.319034895194282872e+05
3.237457295239669353e-02 1.094752302592709311e+05
3.556480030685772731e-02 9.079992232679230801e+04
3.906939630451649464e-02 8.917458120273452369e+04
4.291933919013282694e-02 8.037689059685540269e+04
4.714865984004791566e-02 7.596919463914298103e+04
5.179474257198286163e-02 6.788516372469293128e+04
5.689865559697841746e-02 6.318737917599719367e+04
6.250551403444545850e-02 6.028592494324732979e+04
6.866487869913283359e-02 5.632524594767915551e+04
7.543119418501802176e-02 5.116423903013035306e+04
8.286427011848424007e-02 4.467540380350033956e+04
9.102980983473445142e-02 3.962777821157786093e+04
9.999999115058272325e-02 3.353029983231775986e+04
1.098541043672585787e-01 3.064113440824926511e+04
1.206792531427361148e-01 2.740961552479347665e+04
1.325711244288214907e-01 2.470061729166319856e+04
1.456348342787200378e-01 2.220690565370444529e+04
1.599858570014452974e-01 1.936537505404717376e+04
1.757510458761641914e-01 1.775414178921528583e+04
1.930697544488981787e-01 1.592932464279783380e+04
2.120950683230800604e-01 1.411263019949502268e+04
2.329951583321586417e-01 1.287203833961320197e+04
2.559547670553742882e-01 1.165858701472176472e+04
2.811768418164965477e-01 1.067035683541748040e+04
3.088843286001189403e-01 9.674148723516424070e+03
3.393221427425128778e-01 8.921564877900751526e+03
3.727593338166072523e-01 8.223253495840572214e+03
4.094914638472018087e-01 7.565334403903956627e+03
4.498432198782237879e-01 7.025174337277728227e+03
4.941712839853393824e-01 6.570618174215531326e+03
5.428674861028858212e-01 6.126170109356497960e+03
5.963622675339625978e-01 5.747815693612838004e+03
6.551284857587630350e-01 5.397437540078362872e+03
7.196855941730535555e-01 5.083779783639316520e+03
7.906042337028588163e-01 4.780597709248108004e+03
8.685112768820903995e-01 4.502839554034206230e+03
9.540953689793428838e-01 4.251725468730766806e+03
1.048113015153642191e+00 0.000000000000000000e+00
