1.048113066601954503e-02 3.989106831701211922e+04
1.151395323963562076e-02 0.000000000000000000e+00
1.264855132798976302e-02 2.340738555921711668e+04
1.389495400641860279e-02 4.243478896008340962e+04
1.526417862678452857e-02 3.820639431027602404e+04
1.676832820337198493e-02 0.000000000000000000e+00
1.842069839530119726e-02 4.677572631734291645e+04
2.023589503111089191e-02 4.615065537536871852e+04
2.222996321434766651e-02 2.797592449132481124e+04
2.442052915136719640e-02 4.611928493539677584e+04
2.682695595500901239e-02 5.839227849743795377e+04
2.947051480134291537e-02 3.387590077775495593e+04
3.237457295239669353e-02 3.515379421668767463e+04
3.556480030685772731e-02 3.702436720738652366e+04
3.906939630451649464e-02 2.885112393940534457e+04
4.291933919013282694e-02 2.989057234332967710e+04
4.714865984004791566e-02 3.447530161965078150e+04
5.179474257198286163e-02 2.907443922427582584e+04
5.689865559697841746e-02 2.154881069037981433e+04
6.250551403444545850e-02 2.281876525426479930e+04
6.866487869913283359e-02 2.212638037989150325e+04
7.543119418501802176e-02 2.002302536560525550e+04
8.286427011848424007e-02 1.779106367010829490e+04
9.102980983473445142e-02 1.680980432574243241e+04
9.999999115058272325e-02 1.429881480523056052e+04
1.098541043672585787e-01 1.275784858649927810e+04
1.206792531427361148e-01 1.103426337709299878e+04
1.325711244288214907e-01 1.007209745232783280e+04
1.456348342787200378e-01 9.121979663117259406e+03
1.599858570014452974e-01 8.255921145046935635e+03
1.757510458761641914e-01 7.012631767000616492e+03
1.930697544488981787e-01 6.320990159890838186e+03
2.120950683230800604e-01 5.624823726148119931e+03
2.329951583321586417e-01 5.002981627264129202e+03
2.559547670553742882e-01 4.474749864773171794e+03
2.811768418164965477e-01 3.992733808453641359e+03
3.088843286001189403e-01 3.577622711887548576e+03
3.393221427425128778e-01 3.219735444165252375e+03
3.727593338166072523e-01 2.908531427675820396e+03
4.094914638472018087e-01 2.637501506256426637e+03
4.498432198782237879e-01 2.393608407594568234e+03
4.941712839853393824e-01 2.187224666109293139e+03
5.428674861028858212e-01 2.004360761383146837e+03
5.963622675339625978e-01 1.844692094072860527e+03
6.551284857587630350e-01 1.704892206070622251e+03
7.196855941730535555e-01 1.579842954569817948e+03
7.906042337028588163e-01 1.465061840837296586e+03
8.685112768820903995e-01 1.364191350907176002e+03
9.540953689793428838e-01 1.274140626462651881e+03
1.048113015153642191e+00 0.000000000000000000e+00
