1.048113066601954503e-02 1.503289492180277302e+05
1.151395323963562076e-02 0.000000000000000000e+00
1.264855132798976302e-02 9.771876561097343802e+04
1.389495400641860279e-02 2.096101689453528961e+05
1.526417862678452857e-02 2.095057042521224939e+05
1.676832820337198493e-02 0.000000000000000000e+00
1.842069839530119726e-02 2.546352998900253442e+05
2.023589503111089191e-02 2.292329413591240300e+05
2.222996321434766651e-02 1.609865022452605481e+05
2.442052915136719640e-02 1.626464886448683683e+05
2.682695595500901239e-02 1.129332233891331853e+05
2.947051480134291537e-02 8.439325061499312869e+04
3.237457295239669353e-02 7.932803797387160012e+04
3.556480030685772731e-02 8.565161716352820804e+04
3.906939630451649464e-02 7.221527043642361241e+04
4.291933919013282694e-02 6.591313248362575541e+04
4.714865984004791566e-02 6.540942863867987762e+04
5.179474257198286163e-02 6.375457617880516773e+04
5.689865559697841746e-02 5.857684354745473684e+04
6.250551403444545850e-02 5.212189905347653257e+04
6.866487869913283359e-02 4.006218729823320609e+04
7.543119418501802176e-02 2.905989049597829217e+04
8.286427011848424007e-02 2.438689120196077056e+04
9.102980983473445142e-02 2.336379140200175243e+04
9.999999115058272325e-02 2.400193906192005306e+04
1.098541043672585787e-01 2.091216665062608445e+04
1.206792531427361148e-01 1.594522259569441667e+04
1.325711244288214907e-01 1.388634328286490745e+04
1.456348342787200378e-01 1.293149120852753549e+04
1.599858570014452974e-01 1.150119853299636088e+04
1.757510458761641914e-01 9.916824377296579769e+03
1.930697544488981787e-01 8.709869486279951161e+03
2.120950683230800604e-01 7.749136766026744226e+03
2.329951583321586417e-01 6.712382005242638115e+03
2.559547670553742882e-01 6.112129757985998367e+03
2.811768418164965477e-01 5.395800748419311276e+03
3.088843286001189403e-01 4.832389246593206735e+03
3.393221427425128778e-01 4.375496839355268094e+03
3.727593338166072523e-01 3.950153749353126841e+03
4.094914638472018087e-01 3.582824339033763863e+03
4.498432198782237879e-01 3.281438688415314118e+03
4.941712839853393824e-01 3.000532838949000052e+03
5.428674861028858212e-01 2.769920111040508345e+03
5.963622675339625978e-01 2.555790142176871541e+03
6.551284857587630350e-01 2.368912187451616774e+03
7.196855941730535555e-01 2.205182642239760298e+03
7.906042337028588163e-01 2.055990177872933600e+03
8.685112768820903995e-01 1.921018613523244767e+03
9.540953689793428838e-01 1.801273589393940938e+03
1.048113015153642191e+00 0.000000000000000000e+00
