1.048113066601954503e-02 5.379102690439396611e+03
1.151395323963562076e-02 0.000000000000000000e+00
1.264855132798976302e-02 1.424389282066105807e+04
1.389495400641860279e-02 1.410199712724673373e+04
1.526417862678452857e-02 1.505694907290228002e+04
1.676832820337198493e-02 0.000000000000000000e+00
1.842069839530119726e-02 1.732323657661356629e+04
2.023589503111089191e-02 1.758795313497144161e+04
2.222996321434766651e-02 9.772928020545086838e+03
2.442052915136719640e-02 2.094472041794477263e+04
2.682695595500901239e-02 1.518803367857261765e+04
2.947051480134291537e-02 1.226740430830318837e+04
3.237457295239669353e-02 1.658773441732447827e+04
3.556480030685772731e-02 1.855800137145737972e+04
3.906939630451649464e-02 1.551804698671502047e+04
4.291933919013282694e-02 1.449274685106789912e+04
4.714865984004791566e-02 1.351297952941326002e+04
5.179474257198286163e-02 1.382991907730607636e+04
5.689865559697841746e-02 1.248804705246885169e+04
6.250551403444545850e-02 1.202159582953107929e+04
6.866487869913283359e-02 1.165135963233915572e+04
7.543119418501802176e-02 1.099569154730299488e+04
8.286427011848424007e-02 1.000474254482789729e+04
9.102980983473445142e-02 8.518215762827709113e+03
9.999999115058272325e-02 8.043849462492540624e+03
1.098541043672585787e-01 7.431478068725056801e+03
1.206792531427361148e-01 6.857934572025053058e+03
1.325711244288214907e-01 6.297933232097127075e+03
1.456348342787200378e-01 5.581902309927228089e+03
1.599858570014452974e-01 5.015330449674498595e+03
1.757510458761641914e-01 4.468112771832737053e+03
1.930697544488981787e-01 4.054177818995586676e+03
2.120950683230800604e-01 3.597162657333042716e+03
2.329951583321586417e-01 3.199848481848986921e+03
2.559547670553742882e-01 2.924906684057760231e+03
2.811768418164965477e-01 2.628483210933886767e+03
3.088843286001189403e-01 2.373088175510145447e+03
3.393221427425128778e-01 2.154377015516161009e+03
3.727593338166072523e-01 1.960544608302121787e+03
4.094914638472018087e-01 1.798560631027204408e+03
4.498432198782237879e-01 1.650175210728922366e+03
4.941712839853393824e-01 1.518567277662782317e+03
5.428674861028858212e-01 1.401992542177049927e+03
5.963622675339625978e-01 1.297778181255412846e+03
6.551284857587630350e-01 1.209779391949460205e+03
7.196855941730535555e-01 1.129392781085009119e+03
7.906042337028588163e-01 1.058129328847025363e+03
8.685112768820903995e-01 9.951028601507173335e+02
9.540953689793428838e-01 9.376713029337356602e+02
1.048113015153642191e+00 0.000000000000000000e+00
