1.048113066601954503e-02 3.140830052105548748e+04
1.151395323963562076e-02 0.000000000000000000e+00
1.264855132798976302e-02 1.119339676934923482e+05
1.389495400641860279e-02 8.556446157083385333e+04
1.526417862678452857e-02 4.602711701131144946e+04
1.676832820337198493e-02 0.000000000000000000e+00
1.842069839530119726e-02 7.287801376682512637e+04
2.023589503111089191e-02 6.869738126049259154e+04
2.222996321434766651e-02 7.835809136268764269e+04
2.442052915136719640e-02 5.630954736332737230e+04
2.682695595500901239e-02 5.017958686510393454e+04
2.947051480134291537e-02 5.114009567943742150e+04
3.237457295239669353e-02 4.909741834133976226e+04
3.556480030685772731e-02 4.664799867923559941e+04
3.906939630451649464e-02 4.017148283396389161e+04
4.291933919013282694e-02 3.996041677467374393e+04
4.714865984004791566e-02 3.297278815502284124e+04
5.179474257198286163e-02 2.650248269557811363e+04
5.689865559697841746e-02 2.490351320867466711e+04
6.250551403444545850e-02 2.246985815104794892e+04
6.866487869913283359e-02 2.234750698147478397e+04
7.543119418501802176e-02 1.883200604843136171e+04
8.286427011848424007e-02 1.831806399711087579e+04
9.102980983473445142e-02 1.594204130246572095e+04
9.999999115058272325e-02 1.324136383766729523e+04
1.098541043672585787e-01 1.132996275218736446e+04
1.206792531427361148e-01 1.041165818898797988e+04
1.325711244288214907e-01 9.476453909729663792e+03
1.456348342787200378e-01 8.566301784129507723e+03
1.599858570014452974e-01 7.153434595513413115e+03
1.757510458761641914e-01 6.452680796121283493e+03
1.930697544488981787e-01 5.650164957425006833e+03
2.120950683230800604e-01 5.166116003081686358e+03
2.329951583321586417e-01 4.551457650388766524e+03
2.559547670553742882e-01 4.122361197307162911e+03
2.811768418164965477e-01 3.657857327394643107e+03
3.088843286001189403e-01 3.280201545708221147e+03
3.393221427425128778e-01 2.979851830951087322e+03
3.727593338166072523e-01 2.695702743586537053e+03
4.094914638472018087e-01 2.463655417173260957e+03
4.498432198782237879e-01 2.266063639806106494e+03
4.941712839853393824e-01 2.076225830441682774e+03
5.428674861028858212e-01 1.910246253631837590e+03
5.963622675339625978e-01 1.763955739290889142e+03
6.551284857587630350e-01 1.631590602300030241e+03
7.196855941730535555e-01 1.512972282412594495e+03
7.906042337028588163e-01 1.404850201936056919e+03
8.685112768820903995e-01 1.307336218774470126e+03
9.540953689793428838e-01 1.215336658419351352e+03
1.048113015153642191e+00 0.000000000000000000e+00
