1.048113066601954503e-02 5.496846965223710285e+05
1.151395323963562076e-02 0.000000000000000000e+00
1.264855132798976302e-02 1.068619418490588665e+06
1.389495400641860279e-02 1.219070942159459693e+06
1.526417862678452857e-02 1.360335610167118022e+06
1.676832820337198493e-02 0.000000000000000000e+00
1.842069839530119726e-02 5.904856652053964790e+05
2.023589503111089191e-02 7.123540180915074889e+05
2.222996321434766651e-02 6.392860876018919516e+05
2.442052915136719640e-02 5.924520835219973233e+05
2.682695595500901239e-02 4.825667659693262540e+05
2.947051480134291537e-02 3.594421800627578050e+05
3.237457295239669353e-02 3.682582809962150059e+05
3.556480030685772731e-02 2.431677339221639559e+05
3.906939630451649464e-02 2.701620085026179440e+05
4.291933919013282694e-02 2.388213792948942573e+05
4.714865984004791566e-02 2.318195979372299626e+05
5.179474257198286163e-02 2.014430820738899638e+05
5.689865559697841746e-02 1.954492447206595680e+05
6.250551403444545850e-02 1.791155817321842187e+05
6.866487869913283359e-02 1.406698142739507020e+05
7.543119418501802176e-02 1.159435125844153663e+05
8.286427011848424007e-02 9.206214541197165090e+04
9.102980983473445142e-02 8.350368895111329039e+04
9.999999115058272325e-02 8.116639097443295759e+04
1.098541043672585787e-01 7.253894058232264069e+04
1.206792531427361148e-01 6.152447034366135631e+04
1.325711244288214907e-01 5.403096983603086846e+04
1.456348342787200378e-01 4.775170326390710397e+04
1.599858570014452974e-01 4.299620222404526430e+04
1.757510458761641914e-01 3.876790612276538741e+04
1.930697544488981787e-01 3.520621660416037048e+04
2.120950683230800604e-01 3.155343443758335343e+04
2.329951583321586417e-01 2.828252183236493147e+04
2.559547670553742882e-01 2.584825880319184216e+04
2.811768418164965477e-01 2.395490036467701430e+04
3.088843286001189403e-01 2.177147334123610199e+04
3.393221427425128778e-01 2.012756891374241241e+04
3.727593338166072523e-01 1.872439040956819736e+04
4.094914638472018087e-01 1.740541856620209001e+04
4.498432198782237879e-01 1.617684106849144518e+04
4.941712839853393824e-01 1.505321791494846002e+04
5.428674861028858212e-01 1.411442484315281763e+04
5.963622675339625978e-01 1.314297555252497477e+04
6.551284857587630350e-01 1.233707987136517113e+04
7.196855941730535555e-01 1.153875768500142112e+04
7.906042337028588163e-01 1.077523571796421493e+04
8.685112768820903995e-01 9.999926460855935147e+03
9.540953689793428838e-01 9.244495277537418588e+03
1.048113015153642191e+00 0.000000000000000000e+00
