1.048113066601954503e-02 1.313803498513928207e+05
1.151395323963562076e-02 0.000000000000000000e+00
1.264855132798976302e-02 1.202506447905888490e+05
1.389495400641860279e-02 1.256744827015224437e+05
1.526417862678452857e-02 2.447215740805601527e+05
1.676832820337198493e-02 0.000000000000000000e+00
1.842069839530119726e-02 1.628804656264249352e+05
2.023589503111089191e-02 1.439142395950630307e+05
2.222996321434766651e-02 1.854961403637871845e+05
2.442052915136719640e-02 2.524924186912145815e+05
2.682695595500901239e-02 1.685376340008505213e+05
2.947051480134291537e-02 1.449863548102495261e+05
3.237457295239669353e-02 1.148787771945854620e+05
3.556480030685772731e-02 1.144525408227536245e+05
3.906939630451649464e-02 1.176602085562815191e+05
4.291933919013282694e-02 1.184635145296145784e+05
4.714865984004791566e-02 9.599015134514082456e+04
5.179474257198286163e-02 8.803074681271053851e+04
5.689865559697841746e-02 7.915295428238155728e+04
6.250551403444545850e-02 8.009016600565286353e+04
6.866487869913283359e-02 6.921577259455109015e+04
7.543119418501802176e-02 6.918527603812742746e+04
8.286427011848424007e-02 5.738238593640968611e+04
9.102980983473445142e-02 5.013211281618197245e+04
9.999999115058272325e-02 4.478904610442630656e+04
1.098541043672585787e-01 3.961951976527809165e+04
1.206792531427361148e-01 3.626779095864338888e+04
1.325711244288214907e-01 3.249593172494856481e+04
1.456348342787200378e-01 2.937783067997763283e+04
1.599858570014452974e-01 2.674600156302980031e+04
1.757510458761641914e-01 2.407596006429239060e+04
1.930697544488981787e-01 2.202236520065794321e+04
2.120950683230800604e-01 2.004125753500319479e+04
2.329951583321586417e-01 1.805472285458472834e+04
2.559547670553742882e-01 1.689740771211212268e+04
2.811768418164965477e-01 1.540823933551284972e+04
3.088843286001189403e-01 1.426617435762096284e+04
3.393221427425128778e-01 1.335228704814234516e+04
3.727593338166072523e-01 1.239199857084029463e+04
4.094914638472018087e-01 1.164485387876172535e+04
4.498432198782237879e-01 1.101922478787837281e+04
4.941712839853393824e-01 1.035488926488293873e+04
5.428674861028858212e-01 9.773891470484726597e+03
5.963622675339625978e-01 9.250807337498947163e+03
6.551284857587630350e-01 8.713974655912405069e+03
7.196855941730535555e-01 8.246050656512052228e+03
7.906042337028588163e-01 7.795755989387360387e+03
8.685112768820903995e-01 7.314813040154122973e+03
9.540953689793428838e-01 6.879843083828059207e+03
1.048113015153642191e+00 0.000000000000000000e+00
