1.048113066601954503e-02 4.312754752145160455e+04
1.151395323963562076e-02 0.000000000000000000e+00
1.264855132798976302e-02 1.423845965007296472e+05
1.389495400641860279e-02 1.098243027874927793e+05
1.526417862678452857e-02 7.431525435191980796e+04
1.676832820337198493e-02 0.000000000000000000e+00
1.842069839530119726e-02 1.031476921279549133e+05
2.023589503111089191e-02 1.233041110469652485e+05
2.222996321434766651e-02 1.477751446678032808e+05
2.442052915136719640e-02 1.561663827405166812e+05
2.682695595500901239e-02 7.227501907095535717e+04
2.947051480134291537e-02 9.125614350748193101e+04
3.237457295239669353e-02 1.203593516129862255e+05
3.556480030685772731e-02 1.076952713103934802e+05
3.906939630451649464e-02 9.395680919213028392e+04
4.291933919013282694e-02 8.772702807615819620e+04
4.714865984004791566e-02 8.163735512354141974e+04
5.179474257198286163e-02 7.578862981179721828e+04
5.689865559697841746e-02 6.976421546652447432e+04
6.250551403444545850e-02 6.322090095248976286e+04
6.866487869913283359e-02 6.079467466833955405e+04
7.543119418501802176e-02 5.671345683390475460e+04
8.286427011848424007e-02 5.495203091273023165e+04
9.102980983473445142e-02 4.609850761585617875e+04
9.999999115058272325e-02 4.127994180139802484e+04
1.098541043672585787e-01 3.604817329170143785e+04
1.206792531427361148e-01 3.261343547046430103e+04
1.325711244288214907e-01 2.999773924774977786e+04
1.456348342787200378e-01 2.783374306109493045e+04
1.599858570014452974e-01 2.454618834619624613e+04
1.757510458761641914e-01 2.200519095932851997e+04
1.930697544488981787e-01 2.044686955098470935e+04
2.120950683230800604e-01 1.875640394498115347e+04
2.329951583321586417e-01 1.710495167713199771e+04
2.559547670553742882e-01 1.582154350074186550e+04
2.811768418164965477e-01 1.443526364367932547e+04
3.088843286001189403e-01 1.348664409184392935e+04
3.393221427425128778e-01 1.252121210696883281e+04
3.727593338166072523e-01 1.163026117692151456e+04
4.094914638472018087e-01 1.098229919005607007e+04
4.498432198782237879e-01 1.036708669858404755e+04
4.941712839853393824e-01 9.748482193661711790e+03
5.428674861028858212e-01 9.235531574333843309e+03
5.963622675339625978e-01 8.739979952427547687e+03
6.551284857587630350e-01 8.291054237843542069e+03
7.196855941730535555e-01 7.846114292267906421e+03
7.906042337028588163e-01 7.445514386532120625e+03
8.685112768820903995e-01 7.037349918633733978e+03
9.540953689793428838e-01 6.643298372988831034e+03
1.048113015153642191e+00 0.000000000000000000e+00
