1.048113066601954503e-02 2.963651876374055064e+04
1.151395323963562076e-02 0.000000000000000000e+00
1.264855132798976302e-02 3.037127057591274934e+04
1.389495400641860279e-02 2.579392008302538306e+04
1.526417862678452857e-02 3.449398573645472061e+04
1.676832820337198493e-02 0.000000000000000000e+00
1.842069839530119726e-02 3.465271255500915140e+04
2.023589503111089191e-02 5.860222447135069524e+04
2.222996321434766651e-02 3.198165800180509541e+04
2.442052915136719640e-02 2.916178625114843817e+04
2.682695595500901239e-02 3.912232807877963205e+04
2.947051480134291537e-02 3.675345563312596641e+04
3.237457295239669353e-02 3.908551117336375319e+04
3.556480030685772731e-02 2.470939346411723818e+04
3.906939630451649464e-02 3.340107440666048205e+04
4.291933919013282694e-02 2.701227180206517733e+04
4.714865984004791566e-02 2.646364550307460013e+04
5.179474257198286163e-02 2.636420107390929843e+04
5.689865559697841746e-02 2.393183967287431369e+04
6.250551403444545850e-02 2.206023280235531274e+04
6.866487869913283359e-02 2.237212694483875748e+04
7.543119418501802176e-02 1.973508050058956724e+04
8.286427011848424007e-02 1.729673785276016861e+04
9.102980983473445142e-02 1.586743797900724530e+04
9.999999115058272325e-02 1.373133416548006062e+04
1.098541043672585787e-01 1.250088084235454335e+04
1.206792531427361148e-01 1.170944306963934287e+04
1.325711244288214907e-01 1.054527960826120943e+04
1.456348342787200378e-01 9.193230492491276891e+03
1.599858570014452974e-01 8.458053801433101398e+03
1.757510458761641914e-01 7.452048179776577854e+03
1.930697544488981787e-01 7.030361599286463388e+03
2.120950683230800604e-01 6.201340395709159566e+03
2.329951583321586417e-01 5.605746539351959655e+03
2.559547670553742882e-01 5.100176016726182752e+03
2.811768418164965477e-01 4.634753496963578073e+03
3.088843286001189403e-01 4.239006267860826483e+03
3.393221427425128778e-01 3.915857834986024045e+03
3.727593338166072523e-01 3.587996523988381796e+03
4.094914638472018087e-01 3.339550515114959126e+03
4.498432198782237879e-01 3.108173991251286225e+03
4.941712839853393824e-01 2.899407574478165770e+03
5.428674861028858212e-01 2.719876833171791986e+03
5.963622675339625978e-01 2.549867148792276566e+03
6.551284857587630350e-01 2.396128885789342348e+03
7.196855941730535555e-01 2.257659558221416773e+03
7.906042337028588163e-01 2.125758065786033512e+03
8.685112768820903995e-01 2.006496472491415716e+03
9.540953689793428838e-01 1.895929449164723792e+03
1.048113015153642191e+00 0.000000000000000000e+00
