1.048113066601954503e-02 1.856732111246636487e+05
1.151395323963562076e-02 0.000000000000000000e+00
1.264855132798976302e-02 3.208345903886370361e+05
1.389495400641860279e-02 2.113722750594075478e+05
1.526417862678452857e-02 2.609174090106331278e+05
1.676832820337198493e-02 0.000000000000000000e+00
1.842069839530119726e-02 2.451666218659384467e+05
2.023589503111089191e-02 1.590025694519495009e+05
2.222996321434766651e-02 1.641743202811558731e+05
2.442052915136719640e-02 2.392795850354231661e+05
2.682695595500901239e-02 1.478250367792067700e+05
2.947051480134291537e-02 1.527452741727093817e+05
3.237457295239669353e-02 1.708078806177114311e+05
3.556480030685772731e-02 1.401999522960869072e+05
3.906939630451649464e-02 1.082831068666965293e+05
4.291933919013282694e-02 1.186891603232642374e+05
4.714865984004791566e-02 9.941761032219257322e+04
5.179474257198286163e-02 1.032218469139971712e+05
5.689865559697841746e-02 8.401663170279275801e+04
6.250551403444545850e-02 8.438594566244253656e+04
6.866487869913283359e-02 8.037651748685236089e+04
7.543119418501802176e-02 7.264987551610455557e+04
8.286427011848424007e-02 6.437806713898903399e+04
9.102980983473445142e-02 5.668432688207484171e+04
9.999999115058272325e-02 4.608175187394818204e+04
1.098541043672585787e-01 4.264117992919521930e+04
1.206792531427361148e-01 3.803523147130176949e+04
1.325711244288214907e-01 3.629438123168916354e+04
1.456348342787200378e-01 3.239923779084819398e+04
1.599858570014452974e-01 2.883359248233470498e+04
1.757510458761641914e-01 2.591388333284875262e+04
1.930697544488981787e-01 2.417959165026296250e+04
2.120950683230800604e-01 2.206046147996979926e+04
2.329951583321586417e-01 2.006304803126679326e+04
2.559547670553742882e-01 1.851463814478212225e+04
2.811768418164965477e-01 1.701803283354908854e+04
3.088843286001189403e-01 1.572559251793902877e+04
3.393221427425128778e-01 1.469414997721817781e+04
3.727593338166072523e-01 1.366548346686889454e+04
4.094914638472018087e-01 1.284154524724023213e+04
4.498432198782237879e-01 1.210716169883978728e+04
4.941712839853393824e-01 1.139536624483306514e+04
5.428674861028858212e-01 1.081919602434380613e+04
5.963622675339625978e-01 1.020566608479449860e+04
6.551284857587630350e-01 9.699202513252901554e+03
7.196855941730535555e-01 9.183572817006901460e+03
7.906042337028588163e-01 8.655106347969925991e+03
8.685112768820903995e-01 8.166432800482753009e+03
9.540953689793428838e-01 7.693652531422432730e+03
1.048113015153642191e+00 0.000000000000000000e+00
