1.048113066601954503e-02 9.150380012520833407e+04
1.151395323963562076e-02 0.000000000000000000e+00
1.264855132798976302e-02 1.519058178743741882e+05
1.389495400641860279e-02 1.381618455051980272e+05
1.526417862678452857e-02 7.426114522031592787e+04
1.676832820337198493e-02 0.000000000000000000e+00
1.842069839530119726e-02 7.757184415382717270e+04
2.023589503111089191e-02 1.073543934700574027e+05
2.222996321434766651e-02 9.410188825354633445e+04
2.442052915136719640e-02 1.185735747066472977e+05
2.682695595500901239e-02 1.120566145299805357e+05
2.947051480134291537e-02 7.926317785991771962e+04
3.237457295239669353e-02 8.972159102988362429e+04
3.556480030685772731e-02 1.004714729429310391e+05
3.906939630451649464e-02 7.494789331259774917e+04
4.291933919013282694e-02 7.664868501568390639e+04
4.714865984004791566e-02 6.861423188572042272e+04
5.179474257198286163e-02 5.219530400774806913e+04
5.689865559697841746e-02 5.341884043253550772e+04
6.250551403444545850e-02 5.405815629727731721e+04
6.866487869913283359e-02 4.809063017684619990e+04
7.543119418501802176e-02 4.368504797558046266e+04
8.286427011848424007e-02 4.194117115103818651e+04
9.102980983473445142e-02 3.561435005150179495e+04
9.999999115058272325e-02 3.224423737736803741e+04
1.098541043672585787e-01 2.720635940190545807e+04
1.206792531427361148e-01 2.486220223761959642e+04
1.325711244288214907e-01 2.238904123966674524e+04
1.456348342787200378e-01 2.129370479933925890e+04
1.599858570014452974e-01 1.874427410677726220e+04
1.757510458761641914e-01 1.667780283427466202e+04
1.930697544488981787e-01 1.499429418952145352e+04
2.120950683230800604e-01 1.359066838961557551e+04
2.329951583321586417e-01 1.230098545902837577e+04
2.559547670553742882e-01 1.111994742932876579e+04
2.811768418164965477e-01 1.004001757726587311e+04
3.088843286001189403e-01 9.214274834595127686e+03
3.393221427425128778e-01 8.460797094791767449e+03
3.727593338166072523e-01 7.752541236772593038e+03
4.094914638472018087e-01 7.208705513671333392e+03
4.498432198782237879e-01 6.708333607819300596e+03
4.941712839853393824e-01 6.241824767189986233e+03
5.428674861028858212e-01 5.824158710979280841e+03
5.963622675339625978e-01 5.474689843751508306e+03
6.551284857587630350e-01 5.133669653461860435e+03
7.196855941730535555e-01 4.831031022585588289e+03
7.906042337028588163e-01 4.563129872706368587e+03
8.685112768820903995e-01 4.303256891724086017e+03
9.540953689793428838e-01 4.057842336404015896e+03
1.048113015153642191e+00 0.000000000000000000e+00
