1.048113066601954503e-02 9.782601347624034679e+04
1.151395323963562076e-02 0.000000000000000000e+00
1.264855132798976302e-02 1.085301406058663852e+05
1.389495400641860279e-02 5.044577824312930898e+04
1.526417862678452857e-02 5.212500789902471297e+04
1.676832820337198493e-02 0.000000000000000000e+00
1.842069839530119726e-02 6.943567611513767042e+04
2.023589503111089191e-02 4.243181915708773886e+04
2.222996321434766651e-02 5.436976722719204554e+04
2.442052915136719640e-02 5.110864418543909414e+04
2.682695595500901239e-02 4.590162914461793844e+04
2.947051480134291537e-02 3.850621603966027033e+04
3.237457295239669353e-02 4.039728522469782911e+04
3.556480030685772731e-02 4.144457036593143130e+04
3.906939630451649464e-02 2.974637493583071046e+04
4.291933919013282694e-02 3.187080445929188500e+04
4.714865984004791566e-02 2.886202150678207909e+04
5.179474257198286163e-02 2.452206647517445890e+04
5.689865559697841746e-02 2.302053731651338239e+04
6.250551403444545850e-02 2.116610547167873301e+04
6.866487869913283359e-02 1.972099341919820290e+04
7.543119418501802176e-02 1.690279844944339129e+04
8.286427011848424007e-02 1.431367598111435655e+04
9.102980983473445142e-02 1.148417149924919613e+04
9.999999115058272325e-02 1.030220736622201912e+04
1.098541043672585787e-01 9.400803768536270582e+03
1.206792531427361148e-01 8.659346528323636448e+03
1.325711244288214907e-01 7.390330149142269875e+03
1.456348342787200378e-01 6.198750084918706307e+03
1.599858570014452974e-01 5.456479969832527786e+03
1.757510458761641914e-01 4.848440801193523839e+03
1.930697544488981787e-01 4.332234558822839972e+03
2.120950683230800604e-01 3.692899115066476952e+03
2.329951583321586417e-01 3.269627658343293660e+03
2.559547670553742882e-01 2.885422651163931732e+03
2.811768418164965477e-01 2.533027360175846297e+03
3.088843286001189403e-01 2.262624977014656452e+03
3.393221427425128778e-01 2.015270311999819342e+03
3.727593338166072523e-01 1.793789927236136919e+03
4.094914638472018087e-01 1.609034677439139159e+03
4.498432198782237879e-01 1.453235805382453009e+03
4.941712839853393824e-01 1.313965744159086171e+03
5.428674861028858212e-01 1.199033641862820787e+03
5.963622675339625978e-01 1.092081126373203006e+03
6.551284857587630350e-01 9.949228428519911631e+02
7.196855941730535555e-01 9.140189749311724654e+02
7.906042337028588163e-01 8.415968741428473550e+02
8.685112768820903995e-01 7.759474236113007919e+02
9.540953689793428838e-01 7.186336971760950973e+02
1.048113015153642191e+00 0.000000000000000000e+00
