1.048113066601954503e-02 9.727989083617087454e+04
1.151395323963562076e-02 0.000000000000000000e+00
1.264855132798976302e-02 1.560284643024656107e+05
1.389495400641860279e-02 1.226600710425632133e+05
1.526417862678452857e-02 1.167246354524993512e+05
1.676832820337198493e-02 0.000000000000000000e+00
1.842069839530119726e-02 1.135533016859730706e+05
2.023589503111089191e-02 1.272617608672331116e+05
2.222996321434766651e-02 9.888837470991884766e+04
2.442052915136719640e-02 7.962089866164299019e+04
2.682695595500901239e-02 8.105384336288299528e+04
2.947051480134291537e-02 1.043724200405467418e+05
3.237457295239669353e-02 8.785382457172741124e+04
3.556480030685772731e-02 5.792064120829685999e+04
3.906939630451649464e-02 6.315544635733692121e+04
4.291933919013282694e-02 5.429053275369633775e+04
4.714865984004791566e-02 5.251330338852609566e+04
5.179474257198286163e-02 4.548735093510575825e+04
5.689865559697841746e-02 4.658037762028202269e+04
6.250551403444545850e-02 4.260006510861469724e+04
6.866487869913283359e-02 3.865626827285686159e+04
7.543119418501802176e-02 3.961378065914254694e+04
8.286427011848424007e-02 3.329892220865063427e+04
9.102980983473445142e-02 2.904728403183311457e+04
9.999999115058272325e-02 2.325801237012865749e+04
1.098541043672585787e-01 2.055542282886631438e+04
1.206792531427361148e-01 1.857639532431090629e+04
1.325711244288214907e-01 1.825347425823651429e+04
1.456348342787200378e-01 1.621203826464473241e+04
1.599858570014452974e-01 1.373075957196029594e+04
1.757510458761641914e-01 1.238710282637514320e+04
1.930697544488981787e-01 1.139392426301032901e+04
2.120950683230800604e-01 1.049833975804596776e+04
2.329951583321586417e-01 9.249746388947936794e+03
2.559547670553742882e-01 8.486631926828777068e+03
2.811768418164965477e-01 7.712022946991144636e+03
3.088843286001189403e-01 7.034959935599852543e+03
3.393221427425128778e-01 6.502808584762548890e+03
3.727593338166072523e-01 5.997412022776819867e+03
4.094914638472018087e-01 5.551153264407796996e+03
4.498432198782237879e-01 5.186368366689452159e+03
4.941712839853393824e-01 4.853705030742286908e+03
5.428674861028858212e-01 4.537388130927718521e+03
5.963622675339625978e-01 4.266618912125699353e+03
6.551284857587630350e-01 4.010937803372632061e+03
7.196855941730535555e-01 3.773432661911349896e+03
7.906042337028588163e-01 3.557924344913458299e+03
8.685112768820903995e-01 3.349194055904307334e+03
9.540953689793428838e-01 3.163767208732354902e+03
1.048113015153642191e+00 0.000000000000000000e+00
