1.048113066601954503e-02 7.456089339140416123e+05
1.151395323963562076e-02 0.000000000000000000e+00
1.264855132798976302e-02 8.999115798255810514e+05
1.389495400641860279e-02 7.458124234583028592e+05
1.526417862678452857e-02 4.047372371544203488e+05
1.676832820337198493e-02 0.000000000000000000e+00
1.842069839530119726e-02 4.683099812300375779e+05
2.023589503111089191e-02 5.285416717717269203e+05
2.222996321434766651e-02 4.188913218214433291e+05
2.442052915136719640e-02 2.327884677155931422e+05
2.682695595500901239e-02 2.839072914410362719e+05
2.947051480134291537e-02 2.563258953931538563e+05
3.237457295239669353e-02 1.658538925177555939e+05
3.556480030685772731e-02 1.516447517982285644e+05
3.906939630451649464e-02 9.908702163507130172e+04
4.291933919013282694e-02 1.066920758210484055e+05
4.714865984004791566e-02 8.793902662824999425e+04
5.179474257198286163e-02 8.575674037030557520e+04
5.689865559697841746e-02 8.906567718525241071e+04
6.250551403444545850e-02 8.086514851932085003e+04
6.866487869913283359e-02 7.401387209399297717e+04
7.543119418501802176e-02 6.066609553922759369e+04
8.286427011848424007e-02 4.900810921868352307e+04
9.102980983473445142e-02 3.928677523998613469e+04
9.999999115058272325e-02 3.346087301811017824e+04
1.098541043672585787e-01 3.275664237874800892e+04
1.206792531427361148e-01 2.896429149721805152e+04
1.325711244288214907e-01 2.500699299446703299e+04
1.456348342787200378e-01 2.205376451095060838e+04
1.599858570014452974e-01 1.981937132604697763e+04
1.757510458761641914e-01 1.781321789130580510e+04
1.930697544488981787e-01 1.574649518759370221e+04
2.120950683230800604e-01 1.429592530314105352e+04
2.329951583321586417e-01 1.285095426120170669e+04
2.559547670553742882e-01 1.163601860105015294e+04
2.811768418164965477e-01 1.071322128469259405e+04
3.088843286001189403e-01 9.795383639567075079e+03
3.393221427425128778e-01 9.008122283146738482e+03
3.727593338166072523e-01 8.289433043386312420e+03
4.094914638472018087e-01 7.604504350285417786e+03
4.498432198782237879e-01 7.087237121759349975e+03
4.941712839853393824e-01 6.534267648272023507e+03
5.428674861028858212e-01 6.078773205761262943e+03
5.963622675339625978e-01 5.624542349050665507e+03
6.551284857587630350e-01 5.199838119178296438e+03
7.196855941730535555e-01 4.805144879042665707e+03
7.906042337028588163e-01 4.397889751658527530e+03
8.685112768820903995e-01 4.026306591873589241e+03
9.540953689793428838e-01 3.671600130573582192e+03
1.048113015153642191e+00 0.000000000000000000e+00
