1.048113066601954503e-02 4.821011338431678596e+05
1.151395323963562076e-02 0.000000000000000000e+00
1.264855132798976302e-02 2.933476361994542531e+05
1.389495400641860279e-02 2.821587027662148466e+05
1.526417862678452857e-02 5.688209838020297466e+05
1.676832820337198493e-02 0.000000000000000000e+00
1.842069839530119726e-02 2.325641903841526364e+05
2.023589503111089191e-02 2.668916368861059309e+05
2.222996321434766651e-02 1.332604141773175506e+05
2.442052915136719640e-02 1.472854629800531839e+05
2.682695595500901239e-02 1.501281075787096634e+05
2.947051480134291537e-02 1.412440128858948592e+05
3.237457295239669353e-02 7.882693649719690438e+04
3.556480030685772731e-02 8.241650433819912723e+04
3.906939630451649464e-02 5.685451794250660896e+04
4.291933919013282694e-02 6.548445137317702756e+04
4.714865984004791566e-02 5.073550208761082467e+04
5.179474257198286163e-02 5.228376889896848297e+04
5.689865559697841746e-02 4.721491443543589412e+04
6.250551403444545850e-02 4.296165646653206204e+04
6.866487869913283359e-02 3.408081529344696901e+04
7.543119418501802176e-02 2.796388047254522826e+04
8.286427011848424007e-02 2.212554105849821644e+04
9.102980983473445142e-02 1.957027964105471983e+04
9.999999115058272325e-02 1.735977585119265132e+04
1.098541043672585787e-01 1.541940063888817167e+04
1.206792531427361148e-01 1.352545356123254896e+04
1.325711244288214907e-01 1.123079907759858361e+04
1.456348342787200378e-01 9.809949688124575914e+03
1.599858570014452974e-01 8.659562252547071694e+03
1.757510458761641914e-01 7.559841759184158946e+03
1.930697544488981787e-01 6.613474027438558551e+03
2.120950683230800604e-01 5.761719378043642791e+03
2.329951583321586417e-01 5.085258022912236811e+03
2.559547670553742882e-01 4.489645160233553725e+03
2.811768418164965477e-01 4.055609827815152130e+03
3.088843286001189403e-01 3.598973091474964804e+03
3.393221427425128778e-01 3.228054998313169563e+03
3.727593338166072523e-01 2.897506731502267030e+03
4.094914638472018087e-01 2.632437187432135943e+03
4.498432198782237879e-01 2.396279166061494379e+03
4.941712839853393824e-01 2.186758583482017002e+03
5.428674861028858212e-01 1.994098329606473271e+03
5.963622675339625978e-01 1.829295318822979652e+03
6.551284857587630350e-01 1.674729630723975333e+03
7.196855941730535555e-01 1.547047289918737306e+03
7.906042337028588163e-01 1.418969700314783267e+03
8.685112768820903995e-01 1.304825696462054111e+03
9.540953689793428838e-01 1.202232875984125485e+03
1.048113015153642191e+00 0.000000000000000000e+00
