1.048113066601954503e-02 3.440658427663672774e+04
1.151395323963562076e-02 0.000000000000000000e+00
1.264855132798976302e-02 4.795195236704727722e+04
1.389495400641860279e-02 6.790464588753263524e+04
1.526417862678452857e-02 8.572936915251647588e+04
1.676832820337198493e-02 0.000000000000000000e+00
1.842069839530119726e-02 4.832499075004835322e+04
2.023589503111089191e-02 7.328611017121015175e+04
2.222996321434766651e-02 1.009364862678435165e+05
2.442052915136719640e-02 6.479404468445028760e+04
2.682695595500901239e-02 6.071580839946075866e+04
2.947051480134291537e-02 5.769842908913336578e+04
3.237457295239669353e-02 5.286431474769822671e+04
3.556480030685772731e-02 5.030930812545916706e+04
3.906939630451649464e-02 4.911313935279005818e+04
4.291933919013282694e-02 4.248626474751658679e+04
4.714865984004791566e-02 3.616365645465295529e+04
5.179474257198286163e-02 3.605009502026875998e+04
5.689865559697841746e-02 3.803917389679122425e+04
6.250551403444545850e-02 3.431598230483671796e+04
6.866487869913283359e-02 3.271360223148088335e+04
7.543119418501802176e-02 2.902039625734149013e+04
8.286427011848424007e-02 2.675988854666902989e+04
9.102980983473445142e-02 2.245065071215104763e+04
9.999999115058272325e-02 2.001065036939610218e+04
1.098541043672585787e-01 1.756363068347284570e+04
1.206792531427361148e-01 1.570828182611520242e+04
1.325711244288214907e-01 1.494907371811284975e+04
1.456348342787200378e-01 1.335530125615380166e+04
1.599858570014452974e-01 1.143214127756182461e+04
1.757510458761641914e-01 1.002222534430884843e+04
1.930697544488981787e-01 9.156856273459201475e+03
2.120950683230800604e-01 8.201446359893352565e+03
2.329951583321586417e-01 7.190392290987937486e+03
2.559547670553742882e-01 6.518131201932370459e+03
2.811768418164965477e-01 5.867410964749868072e+03
3.088843286001189403e-01 5.277628681309326566e+03
3.393221427425128778e-01 4.770019775448439759e+03
3.727593338166072523e-01 4.332152701399569196e+03
4.094914638472018087e-01 3.960567141866504699e+03
4.498432198782237879e-01 3.640207502647105684e+03
4.941712839853393824e-01 3.352764805237408837e+03
5.428674861028858212e-01 3.100687498277819032e+03
5.963622675339625978e-01 2.866265138537228268e+03
6.551284857587630350e-01 2.670702765736185938e+03
7.196855941730535555e-01 2.496192647506381036e+03
7.906042337028588163e-01 2.337290922837338258e+03
8.685112768820903995e-01 2.197224457792953217e+03
9.540953689793428838e-01 2.070152845070523199e+03
1.048113015153642191e+00 0.000000000000000000e+00
