1.048113066601954503e-02 4.527140949566501513e+04
1.151395323963562076e-02 0.000000000000000000e+00
1.264855132798976302e-02 4.057219864304969087e+04
1.389495400641860279e-02 5.867876857965586532e+04
1.526417862678452857e-02 3.675951674044613901e+04
1.676832820337198493e-02 0.000000000000000000e+00
1.842069839530119726e-02 4.779583058610772423e+04
2.023589503111089191e-02 5.543810020004855323e+04
2.222996321434766651e-02 3.814440818234837207e+04
2.442052915136719640e-02 3.707181840697360894e+04
2.682695595500901239e-02 4.571172511099471740e+04
2.947051480134291537e-02 6.097180539399971894e+04
3.237457295239669353e-02 4.752015585297540383e+04
3.556480030685772731e-02 4.351745538864692935e+04
3.906939630451649464e-02 4.896130308137144311e+04
4.291933919013282694e-02 4.663188336575800349e+04
4.714865984004791566e-02 4.213320673831153545e+04
5.179474257198286163e-02 3.900297912366218225e+04
5.689865559697841746e-02 3.943487653403940203e+04
6.250551403444545850e-02 3.846053773601624562e+04
6.866487869913283359e-02 3.667698809431650443e+04
7.543119418501802176e-02 3.616236280624241772e+04
8.286427011848424007e-02 3.337827713171686628e+04
9.102980983473445142e-02 2.980914937039193683e+04
9.999999115058272325e-02 2.691913998581039050e+04
1.098541043672585787e-01 2.448109819892678570e+04
1.206792531427361148e-01 2.364143142057640216e+04
1.325711244288214907e-01 2.188688580313427883e+04
1.456348342787200378e-01 2.016780032774724168e+04
1.599858570014452974e-01 1.801419494491659862e+04
1.757510458761641914e-01 1.638522185115936736e+04
1.930697544488981787e-01 1.525017428191910949e+04
2.120950683230800604e-01 1.406237339251362573e+04
2.329951583321586417e-01 1.272498940293141277e+04
2.559547670553742882e-01 1.188889094907425897e+04
2.811768418164965477e-01 1.097082800346797922e+04
3.088843286001189403e-01 1.030291270422855814e+04
3.393221427425128778e-01 9.581679078920795291e+03
3.727593338166072523e-01 8.958955669742310420e+03
4.094914638472018087e-01 8.441228668630054017e+03
4.498432198782237879e-01 7.993510001326308156e+03
4.941712839853393824e-01 7.541261875125841470e+03
5.428674861028858212e-01 7.190627881335833990e+03
5.963622675339625978e-01 6.861368174959761745e+03
6.551284857587630350e-01 6.545876743212817019e+03
7.196855941730535555e-01 6.249823178774024200e+03
7.906042337028588163e-01 5.970238207841417534e+03
8.685112768820903995e-01 5.701374792162204358e+03
9.540953689793428838e-01 5.452303643498751626e+03
1.048113015153642191e+00 0.000000000000000000e+00
