1.048113066601954503e-02 2.044423459125163790e+05
1.151395323963562076e-02 0.000000000000000000e+00
1.264855132798976302e-02 3.532710184164756211e+05
1.389495400641860279e-02 2.327229867530742195e+05
1.526417862678452857e-02 2.871984784280196764e+05
1.676832820337198493e-02 0.000000000000000000e+00
1.842069839530119726e-02 2.698510347735957475e+05
2.023589503111089191e-02 1.750263361378643312e+05
2.222996321434766651e-02 1.807468897491800599e+05
2.442052915136719640e-02 2.635176677264918108e+05
2.682695595500901239e-02 1.627702693869660725e+05
2.947051480134291537e-02 1.682331286511809449e+05
3.237457295239669353e-02 1.881435169569584832e+05
3.556480030685772731e-02 1.544203626461073000e+05
3.906939630451649464e-02 1.193104512641706824e+05
4.291933919013282694e-02 1.308002180387755216e+05
4.714865984004791566e-02 1.095229906439220213e+05
5.179474257198286163e-02 1.137461458943039615e+05
5.689865559697841746e-02 9.263081481268416974e+04
6.250551403444545850e-02 9.305149614919071610e+04
6.866487869913283359e-02 8.864711986910100677e+04
7.543119418501802176e-02 8.018427325706358533e+04
8.286427011848424007e-02 7.107926385737773671e+04
9.102980983473445142e-02 6.259430109657360299e+04
9.999999115058272325e-02 5.092780215656572545e+04
1.098541043672585787e-01 4.715172030944222934e+04
1.206792531427361148e-01 4.207911652876554581e+04
1.325711244288214907e-01 4.018322572435278562e+04
1.456348342787200378e-01 3.588368849843152566e+04
1.599858570014452974e-01 3.196742588988998250e+04
1.757510458761641914e-01 2.874976206363318488e+04
1.930697544488981787e-01 2.684585805977060227e+04
2.120950683230800604e-01 2.451328530749212587e+04
2.329951583321586417e-01 2.231182594721613714e+04
2.559547670553742882e-01 2.060599735015161423e+04
2.811768418164965477e-01 1.895557595028654032e+04
3.088843286001189403e-01 1.753081992627667205e+04
3.393221427425128778e-01 1.639428657898113306e+04
3.727593338166072523e-01 1.525894990915797644e+04
4.094914638472018087e-01 1.435082822279440370e+04
4.498432198782237879e-01 1.354079862787981801e+04
4.941712839853393824e-01 1.275530550179966303e+04
5.428674861028858212e-01 1.211994017841940513e+04
5.963622675339625978e-01 1.144192298425432818e+04
6.551284857587630350e-01 1.088299943384068501e+04
7.196855941730535555e-01 1.031277641478803343e+04
7.906042337028588163e-01 9.727360927217119752e+03
8.685112768820903995e-01 9.185756278172362727e+03
9.540953689793428838e-01 8.661461252001834509e+03
1.048113015153642191e+00 0.000000000000000000e+00
