1.048113066601954503e-02 7.713123303997206967e+05
1.151395323963562076e-02 0.000000000000000000e+00
1.264855132798976302e-02 2.548860391058246023e+05
1.389495400641860279e-02 4.343908834009456914e+05
1.526417862678452857e-02 6.546503663711363915e+05
1.676832820337198493e-02 0.000000000000000000e+00
1.842069839530119726e-02 6.342777661889743758e+05
2.023589503111089191e-02 4.817330870354195358e+05
2.222996321434766651e-02 2.728951500059738173e+05
2.442052915136719640e-02 3.244388775507226819e+05
2.682695595500901239e-02 2.980024311509715044e+05
2.947051480134291537e-02 2.774321195222103270e+05
3.237457295239669353e-02 1.839984558540510770e+05
3.556480030685772731e-02 1.672317206913469709e+05
3.906939630451649464e-02 1.591569779276360641e+05
4.291933919013282694e-02 1.194799935161707399e+05
4.714865984004791566e-02 1.045897004559011402e+05
5.179474257198286163e-02 9.914456100945523940e+04
5.689865559697841746e-02 9.970223282449560065e+04
6.250551403444545850e-02 1.048591893825673033e+05
6.866487869913283359e-02 8.719867164081215742e+04
7.543119418501802176e-02 7.369460352166372468e+04
8.286427011848424007e-02 6.116182954864663770e+04
9.102980983473445142e-02 5.006358545383467572e+04
9.999999115058272325e-02 4.256359651033181581e+04
1.098541043672585787e-01 3.836682140876474296e+04
1.206792531427361148e-01 3.524678703971345385e+04
1.325711244288214907e-01 3.196211472282917384e+04
1.456348342787200378e-01 2.767379734929741608e+04
1.599858570014452974e-01 2.473565740697198999e+04
1.757510458761641914e-01 2.197861541887664134e+04
1.930697544488981787e-01 1.988174143315242327e+04
2.120950683230800604e-01 1.805535083590387512e+04
2.329951583321586417e-01 1.588248861206217407e+04
2.559547670553742882e-01 1.460349371019968748e+04
2.811768418164965477e-01 1.329298242161150847e+04
3.088843286001189403e-01 1.219290951706477426e+04
3.393221427425128778e-01 1.124233395803091844e+04
3.727593338166072523e-01 1.036962975950037253e+04
4.094914638472018087e-01 9.589685470256454209e+03
4.498432198782237879e-01 8.942519047063466132e+03
4.941712839853393824e-01 8.370399933957854955e+03
5.428674861028858212e-01 7.786881267773847867e+03
5.963622675339625978e-01 7.234642321425364571e+03
6.551284857587630350e-01 6.745427207046062904e+03
7.196855941730535555e-01 6.328175623303404791e+03
7.906042337028588163e-01 5.913174671960159685e+03
8.685112768820903995e-01 5.491168153947640349e+03
9.540953689793428838e-01 5.084206084547613500e+03
1.048113015153642191e+00 0.000000000000000000e+00
