1.048113066601954503e-02 7.226120135039825982e+04
1.151395323963562076e-02 0.000000000000000000e+00
1.264855132798976302e-02 9.940605002671704278e+04
1.389495400641860279e-02 7.312861273170328059e+04
1.526417862678452857e-02 1.051848950419274624e+05
1.676832820337198493e-02 0.000000000000000000e+00
1.842069839530119726e-02 5.099775931119658344e+04
2.023589503111089191e-02 6.658326655030484835e+04
2.222996321434766651e-02 4.559682784956890828e+04
2.442052915136719640e-02 8.779811435282634920e+04
2.682695595500901239e-02 5.948441678681390476e+04
2.947051480134291537e-02 5.621597709093270532e+04
3.237457295239669353e-02 4.514136890591743577e+04
3.556480030685772731e-02 4.757051631487916165e+04
3.906939630451649464e-02 3.537272201255001710e+04
4.291933919013282694e-02 3.942131827559231897e+04
4.714865984004791566e-02 3.391405246971493034e+04
5.179474257198286163e-02 3.149941221835609394e+04
5.689865559697841746e-02 2.601756250843320595e+04
6.250551403444545850e-02 2.529911685511976248e+04
6.866487869913283359e-02 2.319685608141470948e+04
7.543119418501802176e-02 2.229155892131123619e+04
8.286427011848424007e-02 1.933696773896567902e+04
9.102980983473445142e-02 1.746055758453109956e+04
9.999999115058272325e-02 1.532055720544867654e+04
1.098541043672585787e-01 1.271625495122943539e+04
1.206792531427361148e-01 1.090903900633046214e+04
1.325711244288214907e-01 1.027728926919855803e+04
1.456348342787200378e-01 9.186629024839994599e+03
1.599858570014452974e-01 7.989110193872987111e+03
1.757510458761641914e-01 6.831610704121807430e+03
1.930697544488981787e-01 6.038425323160685366e+03
2.120950683230800604e-01 5.484707439594660173e+03
2.329951583321586417e-01 4.838655236323785175e+03
2.559547670553742882e-01 4.328238516288031860e+03
2.811768418164965477e-01 3.867645290354800636e+03
3.088843286001189403e-01 3.464132468972607512e+03
3.393221427425128778e-01 3.119244100675096888e+03
3.727593338166072523e-01 2.825768218683707346e+03
4.094914638472018087e-01 2.554154490786819224e+03
4.498432198782237879e-01 2.339329744457532797e+03
4.941712839853393824e-01 2.133593181675249070e+03
5.428674861028858212e-01 1.957462443561949840e+03
5.963622675339625978e-01 1.803706400878938894e+03
6.551284857587630350e-01 1.670002452791836959e+03
7.196855941730535555e-01 1.547088061761938206e+03
7.906042337028588163e-01 1.436957936387424297e+03
8.685112768820903995e-01 1.339641076186201872e+03
9.540953689793428838e-01 1.248726878031445267e+03
1.048113015153642191e+00 0.000000000000000000e+00
