1.048113066601954503e-02 9.203326822863862617e+04
1.151395323963562076e-02 0.000000000000000000e+00
1.264855132798976302e-02 1.590120137528870255e+05
1.389495400641860279e-02 1.048377020946436678e+05
1.526417862678452857e-02 1.297111806193767115e+05
1.676832820337198493e-02 0.000000000000000000e+00
1.842069839530119726e-02 1.219224753197034152e+05
2.023589503111089191e-02 7.901638418091624044e+04
2.222996321434766651e-02 8.147404435371038562e+04
2.442052915136719640e-02 1.184079373227783944e+05
2.682695595500901239e-02 7.327030586427502567e+04
2.947051480134291537e-02 7.552638455306945252e+04
3.237457295239669353e-02 8.439383194082131376e+04
3.556480030685772731e-02 6.930833119704911951e+04
3.906939630451649464e-02 5.335589629100399907e+04
4.291933919013282694e-02 5.838612514751182607e+04
4.714865984004791566e-02 4.906762785991523560e+04
5.179474257198286163e-02 5.081471712324715918e+04
5.689865559697841746e-02 4.117080931188132672e+04
6.250551403444545850e-02 4.130106601452279574e+04
6.866487869913283359e-02 3.927241304765925452e+04
7.543119418501802176e-02 3.526498083773815597e+04
8.286427011848424007e-02 3.115455638419440584e+04
9.102980983473445142e-02 2.739516154582097079e+04
9.999999115058272325e-02 2.211043894036456186e+04
1.098541043672585787e-01 2.035646714524347772e+04
1.206792531427361148e-01 1.807895739278207475e+04
1.325711244288214907e-01 1.713433321241796875e+04
1.456348342787200378e-01 1.524604996977371957e+04
1.599858570014452974e-01 1.344102303804911207e+04
1.757510458761641914e-01 1.200567171843910728e+04
1.930697544488981787e-01 1.112452953888855336e+04
2.120950683230800604e-01 1.007213545411662562e+04
2.329951583321586417e-01 9.091055554432992722e+03
2.559547670553742882e-01 8.327819851192585702e+03
2.811768418164965477e-01 7.596692239637342936e+03
3.088843286001189403e-01 6.963432455287705125e+03
3.393221427425128778e-01 6.456244569078335189e+03
3.727593338166072523e-01 5.957701067950266406e+03
4.094914638472018087e-01 5.553724983213146515e+03
4.498432198782237879e-01 5.196099585865929839e+03
4.941712839853393824e-01 4.851165201992287621e+03
5.428674861028858212e-01 4.570297806447761104e+03
5.963622675339625978e-01 4.276913959802824138e+03
6.551284857587630350e-01 4.032014794214729136e+03
7.196855941730535555e-01 3.787253667621032037e+03
7.906042337028588163e-01 3.540270755387665304e+03
8.685112768820903995e-01 3.313088931614919602e+03
9.540953689793428838e-01 3.094624183730240929e+03
1.048113015153642191e+00 0.000000000000000000e+00
