1.048113066601954503e-02 1.652651715275854076e+04
1.151395323963562076e-02 0.000000000000000000e+00
1.264855132798976302e-02 3.302826460871478048e+04
1.389495400641860279e-02 2.967828932087200155e+04
1.526417862678452857e-02 4.548344096868497581e+04
1.676832820337198493e-02 0.000000000000000000e+00
1.842069839530119726e-02 3.458182655757189787e+04
2.023589503111089191e-02 1.849654170487170632e+04
2.222996321434766651e-02 2.143434793721161623e+04
2.442052915136719640e-02 2.093806667408253998e+04
2.682695595500901239e-02 3.174447535624661032e+04
2.947051480134291537e-02 3.752523764514594950e+04
3.237457295239669353e-02 3.530473638992920314e+04
3.556480030685772731e-02 3.864157291579215962e+04
3.906939630451649464e-02 3.889988289866757987e+04
4.291933919013282694e-02 3.170931933765207214e+04
4.714865984004791566e-02 2.865388106103475002e+04
5.179474257198286163e-02 2.757848002917775375e+04
5.689865559697841746e-02 2.798009172477197717e+04
6.250551403444545850e-02 2.576059013027708716e+04
6.866487869913283359e-02 2.329598955393174037e+04
7.543119418501802176e-02 2.264711352643225473e+04
8.286427011848424007e-02 2.244615490151001723e+04
9.102980983473445142e-02 2.060019773689730209e+04
9.999999115058272325e-02 1.804808643433848192e+04
1.098541043672585787e-01 1.550225680198751979e+04
1.206792531427361148e-01 1.427690918336444338e+04
1.325711244288214907e-01 1.305052798716047437e+04
1.456348342787200378e-01 1.228129596359295101e+04
1.599858570014452974e-01 1.121122895155998958e+04
1.757510458761641914e-01 9.954567373639814832e+03
1.930697544488981787e-01 9.034047023560597154e+03
2.120950683230800604e-01 8.270775881599307468e+03
2.329951583321586417e-01 7.536862550512346388e+03
2.559547670553742882e-01 6.909191451215534471e+03
2.811768418164965477e-01 6.261531365816132165e+03
3.088843286001189403e-01 5.789121326836319895e+03
3.393221427425128778e-01 5.310355211034989225e+03
3.727593338166072523e-01 4.892166120944529212e+03
4.094914638472018087e-01 4.567006431471112592e+03
4.498432198782237879e-01 4.274854713766972054e+03
4.941712839853393824e-01 4.003146050889742583e+03
5.428674861028858212e-01 3.763113110108579349e+03
5.963622675339625978e-01 3.533711720089169830e+03
6.551284857587630350e-01 3.344628147829742375e+03
7.196855941730535555e-01 3.162681625159188116e+03
7.906042337028588163e-01 2.995363119324913896e+03
8.685112768820903995e-01 2.847752319946049738e+03
9.540953689793428838e-01 2.707997497833862781e+03
1.048113015153642191e+00 0.000000000000000000e+00
