1.048113066601954503e-02 5.610500508959955769e+05
1.151395323963562076e-02 0.000000000000000000e+00
1.264855132798976302e-02 4.373617907783264527e+05
1.389495400641860279e-02 5.440586493152346229e+05
1.526417862678452857e-02 4.262847749007721432e+05
1.676832820337198493e-02 0.000000000000000000e+00
1.842069839530119726e-02 4.073513710924548795e+05
2.023589503111089191e-02 3.151288296723543317e+05
2.222996321434766651e-02 4.192783370543211349e+05
2.442052915136719640e-02 3.403120622546434752e+05
2.682695595500901239e-02 2.867629854683488375e+05
2.947051480134291537e-02 2.755319638148829690e+05
3.237457295239669353e-02 2.929285989434383810e+05
3.556480030685772731e-02 2.148366434468486113e+05
3.906939630451649464e-02 1.577345996064694191e+05
4.291933919013282694e-02 1.541922008458917844e+05
4.714865984004791566e-02 1.344952096830958035e+05
5.179474257198286163e-02 1.298127660488490801e+05
5.689865559697841746e-02 1.044646966489141050e+05
6.250551403444545850e-02 1.160339498025547073e+05
6.866487869913283359e-02 1.034303390548396856e+05
7.543119418501802176e-02 9.818705513779679313e+04
8.286427011848424007e-02 8.124309418223984540e+04
9.102980983473445142e-02 7.095338373234914616e+04
9.999999115058272325e-02 5.801130090316712449e+04
1.098541043672585787e-01 4.894453235070034862e+04
1.206792531427361148e-01 4.606822097245947225e+04
1.325711244288214907e-01 4.209206948796524375e+04
1.456348342787200378e-01 3.781326977984724363e+04
1.599858570014452974e-01 3.264941441243979352e+04
1.757510458761641914e-01 2.923031820965505176e+04
1.930697544488981787e-01 2.635395967873384507e+04
2.120950683230800604e-01 2.424639960416840768e+04
2.329951583321586417e-01 2.179138993784753984e+04
2.559547670553742882e-01 1.994087934900248001e+04
2.811768418164965477e-01 1.815391718441602279e+04
3.088843286001189403e-01 1.665300784814716462e+04
3.393221427425128778e-01 1.536850328087062735e+04
3.727593338166072523e-01 1.413308517568197931e+04
4.094914638472018087e-01 1.324481186129989146e+04
4.498432198782237879e-01 1.231912913104603285e+04
4.941712839853393824e-01 1.151759176667350039e+04
5.428674861028858212e-01 1.079990758805579753e+04
5.963622675339625978e-01 1.008939173746950837e+04
6.551284857587630350e-01 9.528151078552342369e+03
7.196855941730535555e-01 8.917216445571712029e+03
7.906042337028588163e-01 8.357035394054473727e+03
8.685112768820903995e-01 7.822010196237408309e+03
9.540953689793428838e-01 7.307335522564108032e+03
1.048113015153642191e+00 0.000000000000000000e+00
