1.048113066601954503e-02 1.043090124370602716e+05
1.151395323963562076e-02 0.000000000000000000e+00
1.264855132798976302e-02 1.232048570392339898e+05
1.389495400641860279e-02 1.012511579392036947e+05
1.526417862678452857e-02 1.337303257534308941e+05
1.676832820337198493e-02 0.000000000000000000e+00
1.842069839530119726e-02 1.031079748913233489e+05
2.023589503111089191e-02 1.239643563515770948e+05
2.222996321434766651e-02 1.109890332311621314e+05
2.442052915136719640e-02 1.111182140215364925e+05
2.682695595500901239e-02 9.014091780970543914e+04
2.947051480134291537e-02 8.745108031502524682e+04
3.237457295239669353e-02 6.626705996980058262e+04
3.556480030685772731e-02 5.999658827181482047e+04
3.906939630451649464e-02 5.747018746039592952e+04
4.291933919013282694e-02 5.737883787382762239e+04
4.714865984004791566e-02 4.959884614785196027e+04
5.179474257198286163e-02 4.757487425593366788e+04
5.689865559697841746e-02 4.814314187807898270e+04
6.250551403444545850e-02 4.185334213320729032e+04
6.866487869913283359e-02 3.781624913546997414e+04
7.543119418501802176e-02 3.146202734548652734e+04
8.286427011848424007e-02 2.668472544043035305e+04
9.102980983473445142e-02 2.476270659341196006e+04
9.999999115058272325e-02 2.195168736701192393e+04
1.098541043672585787e-01 1.992855617442266521e+04
1.206792531427361148e-01 1.789438203917636929e+04
1.325711244288214907e-01 1.518281174821956847e+04
1.456348342787200378e-01 1.356564160087256460e+04
1.599858570014452974e-01 1.240861058407649762e+04
1.757510458761641914e-01 1.102900593177626251e+04
1.930697544488981787e-01 9.743990684113570751e+03
2.120950683230800604e-01 8.888761420605227613e+03
2.329951583321586417e-01 7.897179872411727956e+03
2.559547670553742882e-01 7.216908397202933884e+03
2.811768418164965477e-01 6.564958202893729322e+03
3.088843286001189403e-01 5.943479640117428971e+03
3.393221427425128778e-01 5.469258399088526858e+03
3.727593338166072523e-01 5.025791528388233019e+03
4.094914638472018087e-01 4.659462552771074115e+03
4.498432198782237879e-01 4.316837964939420090e+03
4.941712839853393824e-01 4.027971691711711628e+03
5.428674861028858212e-01 3.750066603323424715e+03
5.963622675339625978e-01 3.520709430768351922e+03
6.551284857587630350e-01 3.287224689971317730e+03
7.196855941730535555e-01 3.090826251704654169e+03
7.906042337028588163e-01 2.898661915966881679e+03
8.685112768820903995e-01 2.726597781097088955e+03
9.540953689793428838e-01 2.560794052882099095e+03
1.048113015153642191e+00 0.000000000000000000e+00
