1.048113066601954503e-02 1.002529220168555366e+04
1.151395323963562076e-02 0.000000000000000000e+00
1.264855132798976302e-02 1.038243938816912669e+04
1.389495400641860279e-02 3.242138868279003873e+04
1.526417862678452857e-02 2.361463811889363569e+04
1.676832820337198493e-02 0.000000000000000000e+00
1.842069839530119726e-02 2.174292541522074680e+04
2.023589503111089191e-02 2.046408418726324817e+04
2.222996321434766651e-02 2.207510816528038049e+04
2.442052915136719640e-02 1.956062798358638611e+04
2.682695595500901239e-02 1.866410232262889622e+04
2.947051480134291537e-02 2.004673965118020351e+04
3.237457295239669353e-02 1.984766206532497745e+04
3.556480030685772731e-02 1.929996238024723061e+04
3.906939630451649464e-02 1.684317001343527227e+04
4.291933919013282694e-02 1.519445828861312111e+04
4.714865984004791566e-02 1.395196009587166918e+04
5.179474257198286163e-02 1.354248352096507188e+04
5.689865559697841746e-02 1.323062490243781394e+04
6.250551403444545850e-02 1.349063186854880769e+04
6.866487869913283359e-02 1.201205365206622446e+04
7.543119418501802176e-02 1.078304752972188544e+04
8.286427011848424007e-02 1.019292637080674649e+04
9.102980983473445142e-02 8.475116849761912817e+03
9.999999115058272325e-02 7.550937438812872642e+03
1.098541043672585787e-01 6.563287498469959246e+03
1.206792531427361148e-01 6.031924691830377014e+03
1.325711244288214907e-01 5.601142594243167878e+03
1.456348342787200378e-01 4.989846251432312783e+03
1.599858570014452974e-01 4.240268947564430164e+03
1.757510458761641914e-01 3.842312360497872305e+03
1.930697544488981787e-01 3.422026504169111377e+03
2.120950683230800604e-01 3.046468397291599103e+03
2.329951583321586417e-01 2.678931429686055253e+03
2.559547670553742882e-01 2.398198559576760545e+03
2.811768418164965477e-01 2.147770440380174477e+03
3.088843286001189403e-01 1.917672650597389520e+03
3.393221427425128778e-01 1.733091252020695492e+03
3.727593338166072523e-01 1.563454067304378896e+03
4.094914638472018087e-01 1.408230081783358173e+03
4.498432198782237879e-01 1.287094058060761427e+03
4.941712839853393824e-01 1.176751064686465952e+03
5.428674861028858212e-01 1.073802734577986485e+03
5.963622675339625978e-01 9.871180555908913448e+02
6.551284857587630350e-01 9.140566304282390320e+02
7.196855941730535555e-01 8.442070851045219797e+02
7.906042337028588163e-01 7.837185002821398712e+02
8.685112768820903995e-01 7.302126496582959589e+02
9.540953689793428838e-01 6.834460178874761596e+02
1.048113015153642191e+00 0.000000000000000000e+00
