1.048113066601954503e-02 8.310824117842242413e+04
1.151395323963562076e-02 0.000000000000000000e+00
1.264855132798976302e-02 1.379677276015180687e+05
1.389495400641860279e-02 1.254784429298786708e+05
1.526417862678452857e-02 6.743453479873773176e+04
1.676832820337198493e-02 0.000000000000000000e+00
1.842069839530119726e-02 7.044757159720358322e+04
2.023589503111089191e-02 9.747598105693778780e+04
2.222996321434766651e-02 8.545016009361259057e+04
2.442052915136719640e-02 1.076946581115382724e+05
2.682695595500901239e-02 1.017553293911397050e+05
2.947051480134291537e-02 7.196659359882058925e+04
3.237457295239669353e-02 8.148485971150264959e+04
3.556480030685772731e-02 9.122686259089919622e+04
3.906939630451649464e-02 6.805117530910507776e+04
4.291933919013282694e-02 6.959534482126488001e+04
4.714865984004791566e-02 6.229140052549801476e+04
5.179474257198286163e-02 4.736673104124444217e+04
5.689865559697841746e-02 4.848044122493212490e+04
6.250551403444545850e-02 4.905333347927193972e+04
6.866487869913283359e-02 4.362518873578259809e+04
7.543119418501802176e-02 3.960832524034607923e+04
8.286427011848424007e-02 3.802650614731712267e+04
9.102980983473445142e-02 3.227912142542734000e+04
9.999999115058272325e-02 2.921355481743202108e+04
1.098541043672585787e-01 2.463770582183246734e+04
1.206792531427361148e-01 2.250527665487056947e+04
1.325711244288214907e-01 2.025496027303025039e+04
1.456348342787200378e-01 1.925331985879020431e+04
1.599858570014452974e-01 1.693999803799313668e+04
1.757510458761641914e-01 1.506083645300621902e+04
1.930697544488981787e-01 1.353171930284138216e+04
2.120950683230800604e-01 1.225614753327535436e+04
2.329951583321586417e-01 1.108525688991104107e+04
2.559547670553742882e-01 1.001299350483477247e+04
2.811768418164965477e-01 9.033115475821010477e+03
3.088843286001189403e-01 8.283470839311308737e+03
3.393221427425128778e-01 7.600344032298226011e+03
3.727593338166072523e-01 6.958447291868231332e+03
4.094914638472018087e-01 6.464891647045189529e+03
4.498432198782237879e-01 6.010930127035244368e+03
4.941712839853393824e-01 5.588415191336494900e+03
5.428674861028858212e-01 5.210161444125052185e+03
5.963622675339625978e-01 4.893476957452956412e+03
6.551284857587630350e-01 4.584967209852454289e+03
7.196855941730535555e-01 4.311076652590889353e+03
7.906042337028588163e-01 4.068645217929196406e+03
8.685112768820903995e-01 3.833725577778049228e+03
9.540953689793428838e-01 3.611970131530079470e+03
1.048113015153642191e+00 0.000000000000000000e+00
