1.048113066601954503e-02 6.396442222729281639e+04
1.151395323963562076e-02 0.000000000000000000e+00
1.264855132798976302e-02 4.894009777609154116e+04
1.389495400641860279e-02 6.857706650708298548e+04
1.526417862678452857e-02 1.042731138638999109e+05
1.676832820337198493e-02 0.000000000000000000e+00
1.842069839530119726e-02 1.225999744450189173e+05
2.023589503111089191e-02 9.287029109150300792e+04
2.222996321434766651e-02 1.084599627910720883e+05
2.442052915136719640e-02 5.594065021570072713e+04
2.682695595500901239e-02 6.464766397436973784e+04
2.947051480134291537e-02 7.361142453504067089e+04
3.237457295239669353e-02 6.291107837273579207e+04
3.556480030685772731e-02 6.434433924639591714e+04
3.906939630451649464e-02 6.373246353950338380e+04
4.291933919013282694e-02 5.341205581317043107e+04
4.714865984004791566e-02 4.729735950569029956e+04
5.179474257198286163e-02 4.500765070546479546e+04
5.689865559697841746e-02 4.281600352655716415e+04
6.250551403444545850e-02 4.051878015810288343e+04
6.866487869913283359e-02 3.974618565389852301e+04
7.543119418501802176e-02 3.625633448131677142e+04
8.286427011848424007e-02 2.969658920877151104e+04
9.102980983473445142e-02 2.581003819372550788e+04
9.999999115058272325e-02 2.251894732033618493e+04
1.098541043672585787e-01 2.087346310717063898e+04
1.206792531427361148e-01 1.938943335672708417e+04
1.325711244288214907e-01 1.740246489611409197e+04
1.456348342787200378e-01 1.482260998196893706e+04
1.599858570014452974e-01 1.329840400942080305e+04
1.757510458761641914e-01 1.195176498193394582e+04
1.930697544488981787e-01 1.057518490909745196e+04
2.120950683230800604e-01 9.374923927132600511e+03
2.329951583321586417e-01 8.375372851510972396e+03
2.559547670553742882e-01 7.585654087625183820e+03
2.811768418164965477e-01 6.859373048940363333e+03
3.088843286001189403e-01 6.138506887169985930e+03
3.393221427425128778e-01 5.578649829085512465e+03
3.727593338166072523e-01 5.070504211016990666e+03
4.094914638472018087e-01 4.630457417238924791e+03
4.498432198782237879e-01 4.263383076618716586e+03
4.941712839853393824e-01 3.922126978772686925e+03
5.428674861028858212e-01 3.623804829894343129e+03
5.963622675339625978e-01 3.370470657139983359e+03
6.551284857587630350e-01 3.136134166500597530e+03
7.196855941730535555e-01 2.932802917532999345e+03
7.906042337028588163e-01 2.746429332266587153e+03
8.685112768820903995e-01 2.578984626816033597e+03
9.540953689793428838e-01 2.428024782928591776e+03
1.048113015153642191e+00 0.000000000000000000e+00
