1.048113066601954503e-02 9.712383073298547970e+03
1.151395323963562076e-02 0.000000000000000000e+00
1.264855132798976302e-02 1.945901096972453888e+04
1.389495400641860279e-02 1.747317400357015504e+04
1.526417862678452857e-02 2.679390993510684348e+04
1.676832820337198493e-02 0.000000000000000000e+00
1.842069839530119726e-02 2.034561485948901463e+04
2.023589503111089191e-02 1.088702556650388760e+04
2.222996321434766651e-02 1.262784590663625386e+04
2.442052915136719640e-02 1.231137164659109112e+04
2.682695595500901239e-02 1.865803692390472133e+04
2.947051480134291537e-02 2.207619717339051567e+04
3.237457295239669353e-02 2.075868630217777172e+04
3.556480030685772731e-02 2.272660175814133254e+04
3.906939630451649464e-02 2.284561895400655703e+04
4.291933919013282694e-02 1.861022707342795547e+04
4.714865984004791566e-02 1.678294631196041883e+04
5.179474257198286163e-02 1.618022299012991971e+04
5.689865559697841746e-02 1.637574344366258993e+04
6.250551403444545850e-02 1.505463608886686052e+04
6.866487869913283359e-02 1.361659909643166975e+04
7.543119418501802176e-02 1.322677668996655484e+04
8.286427011848424007e-02 1.307302818714645582e+04
9.102980983473445142e-02 1.197758315909190242e+04
9.999999115058272325e-02 1.047007081137082059e+04
1.098541043672585787e-01 8.964069963353585990e+03
1.206792531427361148e-01 8.225606330654904013e+03
1.325711244288214907e-01 7.493074136604075647e+03
1.456348342787200378e-01 7.023837570797844819e+03
1.599858570014452974e-01 6.387652666316594150e+03
1.757510458761641914e-01 5.645171633747575470e+03
1.930697544488981787e-01 5.094571468548007033e+03
2.120950683230800604e-01 4.638352267874306563e+03
2.329951583321586417e-01 4.203019082741941929e+03
2.559547670553742882e-01 3.826666339157732637e+03
2.811768418164965477e-01 3.446512736391692670e+03
3.088843286001189403e-01 3.164719083839660470e+03
3.393221427425128778e-01 2.882265264734184711e+03
3.727593338166072523e-01 2.635699363751101373e+03
4.094914638472018087e-01 2.442821608705777635e+03
4.498432198782237879e-01 2.269051488837343186e+03
4.941712839853393824e-01 2.109100162279040887e+03
5.428674861028858212e-01 1.967521685422513883e+03
5.963622675339625978e-01 1.833373360994216910e+03
6.551284857587630350e-01 1.722073011908306398e+03
7.196855941730535555e-01 1.615943561012019018e+03
7.906042337028588163e-01 1.518413208224570781e+03
8.685112768820903995e-01 1.432309748834456968e+03
9.540953689793428838e-01 1.351148347842711928e+03
1.048113015153642191e+00 0.000000000000000000e+00
