1.048113066601954503e-02 1.855386334977763909e+04
1.151395323963562076e-02 0.000000000000000000e+00
1.264855132798976302e-02 1.542000864783655015e+04
1.389495400641860279e-02 1.332235614328011070e+04
1.526417862678452857e-02 1.561425005506715934e+04
1.676832820337198493e-02 0.000000000000000000e+00
1.842069839530119726e-02 1.763847861984653719e+04
2.023589503111089191e-02 1.569808644731905224e+04
2.222996321434766651e-02 1.803321210737411457e+04
2.442052915136719640e-02 2.561089355893578613e+04
2.682695595500901239e-02 1.907707596786099748e+04
2.947051480134291537e-02 1.606630906683378453e+04
3.237457295239669353e-02 2.229341987862334281e+04
3.556480030685772731e-02 1.765643554402049995e+04
3.906939630451649464e-02 2.019055529588872014e+04
4.291933919013282694e-02 1.990856009576034558e+04
4.714865984004791566e-02 1.642037976277745838e+04
5.179474257198286163e-02 1.506970112611866170e+04
5.689865559697841746e-02 1.554027755162631547e+04
6.250551403444545850e-02 1.566993702760615997e+04
6.866487869913283359e-02 1.587014967074814558e+04
7.543119418501802176e-02 1.479093040557561471e+04
8.286427011848424007e-02 1.323965730276978684e+04
9.102980983473445142e-02 1.253931648031655095e+04
9.999999115058272325e-02 1.160408559637112194e+04
1.098541043672585787e-01 9.997587356405601895e+03
1.206792531427361148e-01 9.382595309423326398e+03
1.325711244288214907e-01 8.676643552824170911e+03
1.456348342787200378e-01 8.134461118238495146e+03
1.599858570014452974e-01 7.385807094980574220e+03
1.757510458761641914e-01 6.430410057015129496e+03
1.930697544488981787e-01 5.974854732505010361e+03
2.120950683230800604e-01 5.479598156781869875e+03
2.329951583321586417e-01 4.961048482049918675e+03
2.559547670553742882e-01 4.498011946989213357e+03
2.811768418164965477e-01 4.126112937675547073e+03
3.088843286001189403e-01 3.815481907801882244e+03
3.393221427425128778e-01 3.497797918439949171e+03
3.727593338166072523e-01 3.229467552318986236e+03
4.094914638472018087e-01 3.006432723067302049e+03
4.498432198782237879e-01 2.803784869581056228e+03
4.941712839853393824e-01 2.631493928451982811e+03
5.428674861028858212e-01 2.469963625417326966e+03
5.963622675339625978e-01 2.317326286619065286e+03
6.551284857587630350e-01 2.192393342076491081e+03
7.196855941730535555e-01 2.069932080537682850e+03
7.906042337028588163e-01 1.961306803612230851e+03
8.685112768820903995e-01 1.860229155497238480e+03
9.540953689793428838e-01 1.763831243284359289e+03
1.048113015153642191e+00 0.000000000000000000e+00
