1.048113066601954503e-02 9.954117891912076157e+05
1.151395323963562076e-02 0.000000000000000000e+00
1.264855132798976302e-02 2.067609244133930770e+05
1.389495400641860279e-02 7.189792650744765997e+05
1.526417862678452857e-02 7.325660428995959228e+05
1.676832820337198493e-02 0.000000000000000000e+00
1.842069839530119726e-02 5.069120834896583110e+05
2.023589503111089191e-02 4.199848252241875743e+05
2.222996321434766651e-02 4.568095693759587593e+05
2.442052915136719640e-02 3.937361996989012114e+05
2.682695595500901239e-02 3.339799613206486683e+05
2.947051480134291537e-02 2.261549127562326903e+05
3.237457295239669353e-02 1.232513592498921935e+05
3.556480030685772731e-02 1.118609989072770404e+05
3.906939630451649464e-02 8.288433249980058463e+04
4.291933919013282694e-02 6.535296782110753702e+04
4.714865984004791566e-02 5.722538161224633222e+04
5.179474257198286163e-02 7.031606686531363812e+04
5.689865559697841746e-02 6.510530800705626461e+04
6.250551403444545850e-02 7.177620264317512920e+04
6.866487869913283359e-02 6.327152786057571211e+04
7.543119418501802176e-02 5.278607446250234352e+04
8.286427011848424007e-02 4.094025508780217206e+04
9.102980983473445142e-02 3.000650955774985778e+04
9.999999115058272325e-02 2.563642738481221750e+04
1.098541043672585787e-01 2.384256085745792370e+04
1.206792531427361148e-01 2.204955238865564752e+04
1.325711244288214907e-01 1.951745315493902308e+04
1.456348342787200378e-01 1.727169961816477371e+04
1.599858570014452974e-01 1.458348953778323266e+04
1.757510458761641914e-01 1.313822148495889815e+04
1.930697544488981787e-01 1.174949855390518860e+04
2.120950683230800604e-01 1.043539542690920098e+04
2.329951583321586417e-01 9.430094171505277700e+03
2.559547670553742882e-01 8.434069888730280582e+03
2.811768418164965477e-01 7.710929775133995463e+03
3.088843286001189403e-01 6.935016887573734493e+03
3.393221427425128778e-01 6.297011865423175550e+03
3.727593338166072523e-01 5.779534577912152599e+03
4.094914638472018087e-01 5.297940881000434274e+03
4.498432198782237879e-01 4.893007116702604435e+03
4.941712839853393824e-01 4.516724758922891851e+03
5.428674861028858212e-01 4.167528269523571907e+03
5.963622675339625978e-01 3.872725326406092336e+03
6.551284857587630350e-01 3.582743181825567262e+03
7.196855941730535555e-01 3.312658782382821300e+03
7.906042337028588163e-01 3.061659793330431057e+03
8.685112768820903995e-01 2.803703631922943259e+03
9.540953689793428838e-01 2.566807483519001835e+03
1.048113015153642191e+00 0.000000000000000000e+00
