1.048113066601954503e-02 3.855921189154793683e+04
1.151395323963562076e-02 0.000000000000000000e+00
1.264855132798976302e-02 3.946825028106496757e+04
1.389495400641860279e-02 3.354349013040398131e+04
1.526417862678452857e-02 4.485719509836989164e+04
1.676832820337198493e-02 0.000000000000000000e+00
1.842069839530119726e-02 4.505935039792025054e+04
2.023589503111089191e-02 7.618539463616308058e+04
2.222996321434766651e-02 4.161184600908093125e+04
2.442052915136719640e-02 3.796938219616169226e+04
2.682695595500901239e-02 5.087054310748420539e+04
2.947051480134291537e-02 4.787579709473608818e+04
3.237457295239669353e-02 5.086221239680111466e+04
3.556480030685772731e-02 3.216419830899819499e+04
3.906939630451649464e-02 4.351414089868103474e+04
4.291933919013282694e-02 3.519251397371860367e+04
4.714865984004791566e-02 3.450427332437375298e+04
5.179474257198286163e-02 3.437462126392942446e+04
5.689865559697841746e-02 3.121344112546167162e+04
6.250551403444545850e-02 2.880823700440253015e+04
6.866487869913283359e-02 2.922381202467562980e+04
7.543119418501802176e-02 2.579892714079312645e+04
8.286427011848424007e-02 2.262043013234687896e+04
9.102980983473445142e-02 2.079583074452686560e+04
9.999999115058272325e-02 1.800608775092625001e+04
1.098541043672585787e-01 1.643019381965206412e+04
1.206792531427361148e-01 1.540798545912088593e+04
1.325711244288214907e-01 1.390272116191540590e+04
1.456348342787200378e-01 1.215140598646114086e+04
1.599858570014452974e-01 1.120383374120881308e+04
1.757510458761641914e-01 9.894191161671786176e+03
1.930697544488981787e-01 9.362876117575271564e+03
2.120950683230800604e-01 8.280147832145759821e+03
2.329951583321586417e-01 7.508514208628855158e+03
2.559547670553742882e-01 6.851497412837832599e+03
2.811768418164965477e-01 6.247997665437276737e+03
3.088843286001189403e-01 5.732447845413140385e+03
3.393221427425128778e-01 5.314222066678358715e+03
3.727593338166072523e-01 4.886398608852886355e+03
4.094914638472018087e-01 4.564076949636056270e+03
4.498432198782237879e-01 4.263352932775520458e+03
4.941712839853393824e-01 3.991051058901454780e+03
5.428674861028858212e-01 3.757669887672003370e+03
5.963622675339625978e-01 3.535305836828088104e+03
6.551284857587630350e-01 3.334244073367444798e+03
7.196855941730535555e-01 3.152611393466181653e+03
7.906042337028588163e-01 2.979244563808041676e+03
8.685112768820903995e-01 2.822463444358777451e+03
9.540953689793428838e-01 2.676842757981399245e+03
1.048113015153642191e+00 0.000000000000000000e+00
