1.048113066601954503e-02 1.797635356860382715e+06
1.151395323963562076e-02 0.000000000000000000e+00
1.264855132798976302e-02 1.386576080211618915e+06
1.389495400641860279e-02 1.563995930069163442e+06
1.526417862678452857e-02 1.154030048464424908e+06
1.676832820337198493e-02 0.000000000000000000e+00
1.842069839530119726e-02 8.507690097091731150e+05
2.023589503111089191e-02 8.921899795826885384e+05
2.222996321434766651e-02 7.164312100206920877e+05
2.442052915136719640e-02 6.225597792726198677e+05
2.682695595500901239e-02 4.370046636305682478e+05
2.947051480134291537e-02 3.263723398192323511e+05
3.237457295239669353e-02 2.702360101348101161e+05
3.556480030685772731e-02 2.442752831215347978e+05
3.906939630451649464e-02 1.878711742502776906e+05
4.291933919013282694e-02 1.730720852268250892e+05
4.714865984004791566e-02 1.561646758100300212e+05
5.179474257198286163e-02 1.499828057681407954e+05
5.689865559697841746e-02 1.510634559920981992e+05
6.250551403444545850e-02 1.422785147078381269e+05
6.866487869913283359e-02 1.239402878370442777e+05
7.543119418501802176e-02 9.534890088859295065e+04
8.286427011848424007e-02 7.388881211960065411e+04
9.102980983473445142e-02 6.139564285021869728e+04
9.999999115058272325e-02 5.592151988689381687e+04
1.098541043672585787e-01 5.410450092282185506e+04
1.206792531427361148e-01 4.772676083666752675e+04
1.325711244288214907e-01 3.967023003065872035e+04
1.456348342787200378e-01 3.353245118018514040e+04
1.599858570014452974e-01 2.988535776542549866e+04
1.757510458761641914e-01 2.632852102412079330e+04
1.930697544488981787e-01 2.374046067778173528e+04
2.120950683230800604e-01 2.148218135670041374e+04
2.329951583321586417e-01 1.880256225317926874e+04
2.559547670553742882e-01 1.697981868187064538e+04
2.811768418164965477e-01 1.532369359302178418e+04
3.088843286001189403e-01 1.390146409323002445e+04
3.393221427425128778e-01 1.259312286871699325e+04
3.727593338166072523e-01 1.150127877677545621e+04
4.094914638472018087e-01 1.053961351473402101e+04
4.498432198782237879e-01 9.700690842405048897e+03
4.941712839853393824e-01 8.980370651486540737e+03
5.428674861028858212e-01 8.308677475646478342e+03
5.963622675339625978e-01 7.667239062402630225e+03
6.551284857587630350e-01 7.108043578744510341e+03
7.196855941730535555e-01 6.552724979814671315e+03
7.906042337028588163e-01 6.035806721324499449e+03
8.685112768820903995e-01 5.586846970390952265e+03
9.540953689793428838e-01 5.147771633986665620e+03
1.048113015153642191e+00 0.000000000000000000e+00
