1.048113066601954503e-02 3.164881303902384752e+04
1.151395323963562076e-02 0.000000000000000000e+00
1.264855132798976302e-02 1.930454999252739799e+04
1.389495400641860279e-02 4.155776948548219661e+04
1.526417862678452857e-02 6.997123659549825243e+04
1.676832820337198493e-02 0.000000000000000000e+00
1.842069839530119726e-02 4.087947821370956081e+04
2.023589503111089191e-02 4.310094020255579380e+04
2.222996321434766651e-02 4.417034383925528527e+04
2.442052915136719640e-02 5.009111101134542696e+04
2.682695595500901239e-02 4.595054393959915615e+04
2.947051480134291537e-02 5.509783876658334339e+04
3.237457295239669353e-02 4.070293462201666989e+04
3.556480030685772731e-02 4.236506890255389590e+04
3.906939630451649464e-02 3.776143591592695884e+04
4.291933919013282694e-02 2.972611091411962843e+04
4.714865984004791566e-02 3.440056916896261828e+04
5.179474257198286163e-02 3.264147818873656070e+04
5.689865559697841746e-02 2.885652411060664963e+04
6.250551403444545850e-02 2.722883953499212657e+04
6.866487869913283359e-02 2.529853209406238966e+04
7.543119418501802176e-02 2.354715575898447423e+04
8.286427011848424007e-02 2.043113353364133218e+04
9.102980983473445142e-02 1.812301647014225455e+04
9.999999115058272325e-02 1.552926301062505081e+04
1.098541043672585787e-01 1.409165119120369673e+04
1.206792531427361148e-01 1.300083775655613863e+04
1.325711244288214907e-01 1.215529228607988262e+04
1.456348342787200378e-01 1.081110546630574390e+04
1.599858570014452974e-01 9.077592308303457685e+03
1.757510458761641914e-01 8.179139711328408339e+03
1.930697544488981787e-01 7.508433949361282430e+03
2.120950683230800604e-01 6.658611963217426819e+03
2.329951583321586417e-01 5.826344180030140706e+03
2.559547670553742882e-01 5.284809301672996298e+03
2.811768418164965477e-01 4.746785016790854570e+03
3.088843286001189403e-01 4.285278185301427584e+03
3.393221427425128778e-01 3.879816877946159366e+03
3.727593338166072523e-01 3.536663482828024826e+03
4.094914638472018087e-01 3.215927422759590627e+03
4.498432198782237879e-01 2.949333517676509473e+03
4.941712839853393824e-01 2.714719681691056394e+03
5.428674861028858212e-01 2.508911803464174682e+03
5.963622675339625978e-01 2.329133073251886344e+03
6.551284857587630350e-01 2.167614514747855083e+03
7.196855941730535555e-01 2.024169204123491227e+03
7.906042337028588163e-01 1.894190564289104941e+03
8.685112768820903995e-01 1.776644499625659819e+03
9.540953689793428838e-01 1.670413423646916044e+03
1.048113015153642191e+00 0.000000000000000000e+00
