1.048113066601954503e-02 2.092895046738387464e+04
1.151395323963562076e-02 0.000000000000000000e+00
1.264855132798976302e-02 2.913088238992805418e+04
1.389495400641860279e-02 2.252425820205962737e+04
1.526417862678452857e-02 4.787527677123632202e+03
1.676832820337198493e-02 0.000000000000000000e+00
1.842069839530119726e-02 1.603589472520865456e+04
2.023589503111089191e-02 2.287589026470884710e+04
2.222996321434766651e-02 2.478900517460622723e+04
2.442052915136719640e-02 1.806459650549148500e+04
2.682695595500901239e-02 1.924758083520004220e+04
2.947051480134291537e-02 2.407796625809874240e+04
3.237457295239669353e-02 2.350073173049936668e+04
3.556480030685772731e-02 2.190366471533393633e+04
3.906939630451649464e-02 2.181120453397642268e+04
4.291933919013282694e-02 2.123276028920445970e+04
4.714865984004791566e-02 1.909268563121568877e+04
5.179474257198286163e-02 2.025518329305008956e+04
5.689865559697841746e-02 1.755582669954593803e+04
6.250551403444545850e-02 1.721739224199835007e+04
6.866487869913283359e-02 1.592070109230394519e+04
7.543119418501802176e-02 1.494345341203078897e+04
8.286427011848424007e-02 1.364961673760937811e+04
9.102980983473445142e-02 1.236868964249335113e+04
9.999999115058272325e-02 1.129505764682905647e+04
1.098541043672585787e-01 1.037901149611281471e+04
1.206792531427361148e-01 9.723279606856927785e+03
1.325711244288214907e-01 8.906222456056359079e+03
1.456348342787200378e-01 7.930509164163099740e+03
1.599858570014452974e-01 6.993685419182203077e+03
1.757510458761641914e-01 6.409015773287092998e+03
1.930697544488981787e-01 5.752126811830019506e+03
2.120950683230800604e-01 5.135687416773347650e+03
2.329951583321586417e-01 4.594809076070251649e+03
2.559547670553742882e-01 4.195814454363140612e+03
2.811768418164965477e-01 3.804813335034340071e+03
3.088843286001189403e-01 3.432763819719035382e+03
3.393221427425128778e-01 3.110247202571389607e+03
3.727593338166072523e-01 2.833295521812301558e+03
4.094914638472018087e-01 2.593785723203618545e+03
4.498432198782237879e-01 2.393312310292968959e+03
4.941712839853393824e-01 2.212327631279087200e+03
5.428674861028858212e-01 2.047221031126425032e+03
5.963622675339625978e-01 1.908301993234668316e+03
6.551284857587630350e-01 1.775857439415313365e+03
7.196855941730535555e-01 1.663813577355806501e+03
7.906042337028588163e-01 1.564921719082001346e+03
8.685112768820903995e-01 1.472379992462315158e+03
9.540953689793428838e-01 1.387394140194440524e+03
1.048113015153642191e+00 0.000000000000000000e+00
