1.048113066601954503e-02 5.673416668402842333e+04
1.151395323963562076e-02 0.000000000000000000e+00
1.264855132798976302e-02 6.024762165866772557e+04
1.389495400641860279e-02 3.043906327478183812e+04
1.526417862678452857e-02 4.324689516626935801e+04
1.676832820337198493e-02 0.000000000000000000e+00
1.842069839530119726e-02 6.067235678235693922e+04
2.023589503111089191e-02 4.224888488872126618e+04
2.222996321434766651e-02 6.418074276441233815e+04
2.442052915136719640e-02 5.402902593710596557e+04
2.682695595500901239e-02 5.224850875414541224e+04
2.947051480134291537e-02 5.855506348393786902e+04
3.237457295239669353e-02 4.341131990030218731e+04
3.556480030685772731e-02 5.404112521789486345e+04
3.906939630451649464e-02 5.372985452996070671e+04
4.291933919013282694e-02 5.751932881991131580e+04
4.714865984004791566e-02 4.900835606883620494e+04
5.179474257198286163e-02 4.953856043468503049e+04
5.689865559697841746e-02 4.666798461975030659e+04
6.250551403444545850e-02 4.709961708295303106e+04
6.866487869913283359e-02 4.650442467263629078e+04
7.543119418501802176e-02 4.236322759937365481e+04
8.286427011848424007e-02 4.270869100937026087e+04
9.102980983473445142e-02 3.841433257954307192e+04
9.999999115058272325e-02 3.491240621148149512e+04
1.098541043672585787e-01 3.162964444023267060e+04
1.206792531427361148e-01 3.012201772982393595e+04
1.325711244288214907e-01 2.826179403768011252e+04
1.456348342787200378e-01 2.634190167045376438e+04
1.599858570014452974e-01 2.436213494379710755e+04
1.757510458761641914e-01 2.205593892352231705e+04
1.930697544488981787e-01 2.057709660763286956e+04
2.120950683230800604e-01 1.918600735091333991e+04
2.329951583321586417e-01 1.761956844779758103e+04
2.559547670553742882e-01 1.630756579743801740e+04
2.811768418164965477e-01 1.518897444866743172e+04
3.088843286001189403e-01 1.420865698419696128e+04
3.393221427425128778e-01 1.341664221548601927e+04
3.727593338166072523e-01 1.262860360085737921e+04
4.094914638472018087e-01 1.198439264697769613e+04
4.498432198782237879e-01 1.141325790327580034e+04
4.941712839853393824e-01 1.083334448298938150e+04
5.428674861028858212e-01 1.036560821721874890e+04
5.963622675339625978e-01 9.957850387476941250e+03
6.551284857587630350e-01 9.557733808193013829e+03
7.196855941730535555e-01 9.163371470941176085e+03
7.906042337028588163e-01 8.816234228198409255e+03
8.685112768820903995e-01 8.467100605318602902e+03
9.540953689793428838e-01 8.144785035584505749e+03
1.048113015153642191e+00 0.000000000000000000e+00
