1.048113066601954503e-02 3.597227414800029510e+04
1.151395323963562076e-02 0.000000000000000000e+00
1.264855132798976302e-02 3.506284887712720956e+04
1.389495400641860279e-02 1.741312492835339799e+04
1.526417862678452857e-02 2.910233229032750023e+04
1.676832820337198493e-02 0.000000000000000000e+00
1.842069839530119726e-02 4.461510585539002932e+04
2.023589503111089191e-02 2.769052010947931558e+04
2.222996321434766651e-02 4.441307589274354541e+04
2.442052915136719640e-02 3.959370541115608648e+04
2.682695595500901239e-02 3.287569310369226150e+04
2.947051480134291537e-02 3.044566781294810426e+04
3.237457295239669353e-02 2.940407595972395211e+04
3.556480030685772731e-02 2.381937916786527785e+04
3.906939630451649464e-02 2.552840833196792664e+04
4.291933919013282694e-02 2.516216987979604164e+04
4.714865984004791566e-02 1.957711432036385668e+04
5.179474257198286163e-02 2.211561445029811875e+04
5.689865559697841746e-02 1.891186022112136197e+04
6.250551403444545850e-02 1.917870851639003013e+04
6.866487869913283359e-02 1.791413148707629080e+04
7.543119418501802176e-02 1.671485595452072812e+04
8.286427011848424007e-02 1.494433136177474444e+04
9.102980983473445142e-02 1.374896239701194463e+04
9.999999115058272325e-02 1.209579960315127391e+04
1.098541043672585787e-01 1.103614153931104920e+04
1.206792531427361148e-01 9.518499436876203617e+03
1.325711244288214907e-01 8.921351480610717772e+03
1.456348342787200378e-01 8.018075449883268448e+03
1.599858570014452974e-01 7.184026093090601535e+03
1.757510458761641914e-01 6.244397147088639031e+03
1.930697544488981787e-01 5.640734894147553860e+03
2.120950683230800604e-01 5.067942324581811590e+03
2.329951583321586417e-01 4.543302947125941500e+03
2.559547670553742882e-01 4.078337490812779834e+03
2.811768418164965477e-01 3.638355566762373655e+03
3.088843286001189403e-01 3.293498419300444311e+03
3.393221427425128778e-01 3.014325085712685905e+03
3.727593338166072523e-01 2.730177750964503502e+03
4.094914638472018087e-01 2.482617904394333436e+03
4.498432198782237879e-01 2.286000453901775927e+03
4.941712839853393824e-01 2.098647457758938344e+03
5.428674861028858212e-01 1.936073577976089382e+03
5.963622675339625978e-01 1.799670570217072054e+03
6.551284857587630350e-01 1.666480771580628698e+03
7.196855941730535555e-01 1.558117934992760183e+03
7.906042337028588163e-01 1.454657882644433130e+03
8.685112768820903995e-01 1.364501009707975982e+03
9.540953689793428838e-01 1.280141778939230562e+03
1.048113015153642191e+00 0.000000000000000000e+00
