1.048113066601954503e-02 4.120115901352232322e+05
1.151395323963562076e-02 0.000000000000000000e+00
1.264855132798976302e-02 8.014876256553315325e+05
1.389495400641860279e-02 9.140626953876939369e+05
1.526417862678452857e-02 1.020245797973712441e+06
1.676832820337198493e-02 0.000000000000000000e+00
1.842069839530119726e-02 4.426188992031950038e+05
2.023589503111089191e-02 5.340145191210487392e+05
2.222996321434766651e-02 4.791063760653138161e+05
2.442052915136719640e-02 4.440317236306384439e+05
2.682695595500901239e-02 3.614365291776016238e+05
2.947051480134291537e-02 2.686697365904358448e+05
3.237457295239669353e-02 2.756959668016350479e+05
3.556480030685772731e-02 1.819307350981145573e+05
3.906939630451649464e-02 2.019426264708115195e+05
4.291933919013282694e-02 1.780103931836606353e+05
4.714865984004791566e-02 1.730278181281140714e+05
5.179474257198286163e-02 1.503236779176563141e+05
5.689865559697841746e-02 1.457036736871907779e+05
6.250551403444545850e-02 1.332568647842970386e+05
6.866487869913283359e-02 1.044154735580176057e+05
7.543119418501802176e-02 8.591629461422725581e+04
8.286427011848424007e-02 6.809097546586407407e+04
9.102980983473445142e-02 6.168044184632203542e+04
9.999999115058272325e-02 5.991267010718497477e+04
1.098541043672585787e-01 5.348397172962736659e+04
1.206792531427361148e-01 4.525403687391326821e+04
1.325711244288214907e-01 3.964223837349058886e+04
1.456348342787200378e-01 3.496284118684181885e+04
1.599858570014452974e-01 3.142066994502618400e+04
1.757510458761641914e-01 2.827249298166512745e+04
1.930697544488981787e-01 2.562560910926090583e+04
2.120950683230800604e-01 2.291754513248150033e+04
2.329951583321586417e-01 2.049883833256438811e+04
2.559547670553742882e-01 1.869551958910741814e+04
2.811768418164965477e-01 1.728595918880474346e+04
3.088843286001189403e-01 1.567867030682811492e+04
3.393221427425128778e-01 1.446229883409427021e+04
3.727593338166072523e-01 1.342774881512535103e+04
4.094914638472018087e-01 1.245427871709664032e+04
4.498432198782237879e-01 1.155246932872242178e+04
4.941712839853393824e-01 1.072881591673192634e+04
5.428674861028858212e-01 1.003925644564863251e+04
5.963622675339625978e-01 9.329717894258095839e+03
6.551284857587630350e-01 8.739839954615708848e+03
7.196855941730535555e-01 8.157386788629193688e+03
7.906042337028588163e-01 7.602028098190105084e+03
8.685112768820903995e-01 7.040562499406205461e+03
9.540953689793428838e-01 6.494967726497605327e+03
1.048113015153642191e+00 0.000000000000000000e+00
