1.048113066601954503e-02 2.911250957310096128e+05
1.151395323963562076e-02 0.000000000000000000e+00
1.264855132798976302e-02 5.222830108697461546e+05
1.389495400641860279e-02 2.431797430098457262e+05
1.526417862678452857e-02 3.936987926211302401e+05
1.676832820337198493e-02 0.000000000000000000e+00
1.842069839530119726e-02 3.001858597570197890e+05
2.023589503111089191e-02 1.873506989788886567e+05
2.222996321434766651e-02 1.623913016668064811e+05
2.442052915136719640e-02 1.894975055359441903e+05
2.682695595500901239e-02 1.072670022528537374e+05
2.947051480134291537e-02 8.639590985996660311e+04
3.237457295239669353e-02 6.642088785536307842e+04
3.556480030685772731e-02 5.228961715092998929e+04
3.906939630451649464e-02 4.475349112795408291e+04
4.291933919013282694e-02 3.984182173131193849e+04
4.714865984004791566e-02 3.791079841380822472e+04
5.179474257198286163e-02 3.658970710050168418e+04
5.689865559697841746e-02 3.946709085935351322e+04
6.250551403444545850e-02 3.458231551847371156e+04
6.866487869913283359e-02 3.035354777432496485e+04
7.543119418501802176e-02 2.283626708725120989e+04
8.286427011848424007e-02 1.599040622922289003e+04
9.102980983473445142e-02 1.302541091538378896e+04
9.999999115058272325e-02 1.276148795729816447e+04
1.098541043672585787e-01 1.265866986927583457e+04
1.206792531427361148e-01 1.049484399061880686e+04
1.325711244288214907e-01 8.187714448537984026e+03
1.456348342787200378e-01 7.123282627054933982e+03
1.599858570014452974e-01 6.444745209656718544e+03
1.757510458761641914e-01 5.510254160341954957e+03
1.930697544488981787e-01 4.749517131876636995e+03
2.120950683230800604e-01 4.241593474579703980e+03
2.329951583321586417e-01 3.650272498516345877e+03
2.559547670553742882e-01 3.218326177054280379e+03
2.811768418164965477e-01 2.861079011293688836e+03
3.088843286001189403e-01 2.522330956613648596e+03
3.393221427425128778e-01 2.252448766734218225e+03
3.727593338166072523e-01 2.009895780452084637e+03
4.094914638472018087e-01 1.801761314056471520e+03
4.498432198782237879e-01 1.631074585057665217e+03
4.941712839853393824e-01 1.477389017885341445e+03
5.428674861028858212e-01 1.342556868433892532e+03
5.963622675339625978e-01 1.223817110653089912e+03
6.551284857587630350e-01 1.116621904299709058e+03
7.196855941730535555e-01 1.019799085996649183e+03
7.906042337028588163e-01 9.319415889846286518e+02
8.685112768820903995e-01 8.519626485382168539e+02
9.540953689793428838e-01 7.817965146379476664e+02
1.048113015153642191e+00 0.000000000000000000e+00
