1.048113066601954503e-02 1.833376940469563939e+06
1.151395323963562076e-02 0.000000000000000000e+00
1.264855132798976302e-02 1.222827509762408445e+06
1.389495400641860279e-02 8.620973773050296586e+05
1.526417862678452857e-02 1.128022371627459070e+06
1.676832820337198493e-02 0.000000000000000000e+00
1.842069839530119726e-02 6.909442446167801972e+05
2.023589503111089191e-02 5.799524000396389747e+05
2.222996321434766651e-02 4.173413838788667927e+05
2.442052915136719640e-02 3.121557129805444856e+05
2.682695595500901239e-02 3.404103178971101297e+05
2.947051480134291537e-02 3.799764144610598451e+05
3.237457295239669353e-02 2.527994717449471354e+05
3.556480030685772731e-02 1.893391593742890400e+05
3.906939630451649464e-02 1.893628584278008784e+05
4.291933919013282694e-02 1.848529679116574116e+05
4.714865984004791566e-02 1.767794269472418819e+05
5.179474257198286163e-02 1.916341767090638459e+05
5.689865559697841746e-02 1.671340231030933792e+05
6.250551403444545850e-02 1.386065920024894876e+05
6.866487869913283359e-02 9.654538144504412776e+04
7.543119418501802176e-02 7.654088940401854052e+04
8.286427011848424007e-02 6.908276604330609553e+04
9.102980983473445142e-02 6.679741974182281410e+04
9.999999115058272325e-02 6.276965860030792828e+04
1.098541043672585787e-01 5.546176709922466398e+04
1.206792531427361148e-01 4.379118481648490706e+04
1.325711244288214907e-01 3.846888554475961428e+04
1.456348342787200378e-01 3.576118531840905780e+04
1.599858570014452974e-01 3.190150562363793506e+04
1.757510458761641914e-01 2.761972305607251474e+04
1.930697544488981787e-01 2.457729509072463043e+04
2.120950683230800604e-01 2.212571466204772150e+04
2.329951583321586417e-01 2.013497165687745292e+04
2.559547670553742882e-01 1.819704249341283503e+04
2.811768418164965477e-01 1.639501630517090962e+04
3.088843286001189403e-01 1.482814535072298713e+04
3.393221427425128778e-01 1.365149832552350017e+04
3.727593338166072523e-01 1.248468529047336233e+04
4.094914638472018087e-01 1.156759847947875460e+04
4.498432198782237879e-01 1.073865516378808752e+04
4.941712839853393824e-01 9.905055681195364741e+03
5.428674861028858212e-01 9.187259249323105905e+03
5.963622675339625978e-01 8.584720612836372311e+03
6.551284857587630350e-01 8.027747421048353317e+03
7.196855941730535555e-01 7.479965362949254995e+03
7.906042337028588163e-01 6.988392514712997581e+03
8.685112768820903995e-01 6.526702875033168311e+03
9.540953689793428838e-01 6.092254577024927130e+03
1.048113015153642191e+00 0.000000000000000000e+00
