1.048113066601954503e-02 2.504125247577609844e+05
1.151395323963562076e-02 0.000000000000000000e+00
1.264855132798976302e-02 1.010846453961428051e+05
1.389495400641860279e-02 1.504013687724663178e+05
1.526417862678452857e-02 1.599597572657559358e+05
1.676832820337198493e-02 0.000000000000000000e+00
1.842069839530119726e-02 2.169192900925936119e+05
2.023589503111089191e-02 8.934984177028189879e+04
2.222996321434766651e-02 1.599889926717143098e+05
2.442052915136719640e-02 1.100038396429396817e+05
2.682695595500901239e-02 1.038636212464601558e+05
2.947051480134291537e-02 7.918289583661394136e+04
3.237457295239669353e-02 6.537059836457823985e+04
3.556480030685772731e-02 5.154975195211597020e+04
3.906939630451649464e-02 5.199686922304321342e+04
4.291933919013282694e-02 4.141704320569994161e+04
4.714865984004791566e-02 4.522466491142548330e+04
5.179474257198286163e-02 4.247869428677935502e+04
5.689865559697841746e-02 4.569209199825576070e+04
6.250551403444545850e-02 3.434343597460066667e+04
6.866487869913283359e-02 2.961453325316476185e+04
7.543119418501802176e-02 2.380076406424838933e+04
8.286427011848424007e-02 1.833762746669686021e+04
9.102980983473445142e-02 1.716017273741508325e+04
9.999999115058272325e-02 1.726800709824156002e+04
1.098541043672585787e-01 1.586867069763955078e+04
1.206792531427361148e-01 1.275058655570368683e+04
1.325711244288214907e-01 1.040363739950645868e+04
1.456348342787200378e-01 9.465358263813968733e+03
1.599858570014452974e-01 8.727678772165791088e+03
1.757510458761641914e-01 7.354668075077687718e+03
1.930697544488981787e-01 6.438935628334962530e+03
2.120950683230800604e-01 5.722271168437062443e+03
2.329951583321586417e-01 5.063392014580853356e+03
2.559547670553742882e-01 4.499042744872567710e+03
2.811768418164965477e-01 4.036584983433752313e+03
3.088843286001189403e-01 3.596268665768362553e+03
3.393221427425128778e-01 3.226623379081908752e+03
3.727593338166072523e-01 2.900496128894925732e+03
4.094914638472018087e-01 2.634219265659624853e+03
4.498432198782237879e-01 2.404629571492037030e+03
4.941712839853393824e-01 2.187186596333986927e+03
5.428674861028858212e-01 2.013830452516921468e+03
5.963622675339625978e-01 1.856161447125511586e+03
6.551284857587630350e-01 1.719360449677847328e+03
7.196855941730535555e-01 1.586568791629106272e+03
7.906042337028588163e-01 1.474762969534658851e+03
8.685112768820903995e-01 1.375244598328012444e+03
9.540953689793428838e-01 1.285776894611625039e+03
1.048113015153642191e+00 0.000000000000000000e+00
