1.048113066601954503e-02 9.718491679831156507e+05
1.151395323963562076e-02 0.000000000000000000e+00
1.264855132798976302e-02 9.262548960864630062e+05
1.389495400641860279e-02 1.018491129710905370e+06
1.526417862678452857e-02 2.775269697149932617e+05
1.676832820337198493e-02 0.000000000000000000e+00
1.842069839530119726e-02 4.282248789038690738e+05
2.023589503111089191e-02 5.525935089367297478e+05
2.222996321434766651e-02 4.472086401717708795e+05
2.442052915136719640e-02 4.176693006592595484e+05
2.682695595500901239e-02 2.809942433459066669e+05
2.947051480134291537e-02 2.573962230163031782e+05
3.237457295239669353e-02 1.351239816443948948e+05
3.556480030685772731e-02 1.292563953203888959e+05
3.906939630451649464e-02 1.088704879051415046e+05
4.291933919013282694e-02 7.426420103628293145e+04
4.714865984004791566e-02 7.052603164436167572e+04
5.179474257198286163e-02 6.378208945919104008e+04
5.689865559697841746e-02 6.599927168339888158e+04
6.250551403444545850e-02 6.070406403566599329e+04
6.866487869913283359e-02 5.762591958418747527e+04
7.543119418501802176e-02 5.094180564816108381e+04
8.286427011848424007e-02 4.244903754221770214e+04
9.102980983473445142e-02 3.227810609216276498e+04
9.999999115058272325e-02 2.494750442744167231e+04
1.098541043672585787e-01 2.253669664392393315e+04
1.206792531427361148e-01 2.080701104418742034e+04
1.325711244288214907e-01 1.837766612821811214e+04
1.456348342787200378e-01 1.590421963444079665e+04
1.599858570014452974e-01 1.344016499973572354e+04
1.757510458761641914e-01 1.192457371342894112e+04
1.930697544488981787e-01 1.061435719827176763e+04
2.120950683230800604e-01 9.216496241267581354e+03
2.329951583321586417e-01 8.088453079202206936e+03
2.559547670553742882e-01 7.242504739507189697e+03
2.811768418164965477e-01 6.491780401196036109e+03
3.088843286001189403e-01 5.761378678550239783e+03
3.393221427425128778e-01 5.239627137211918125e+03
3.727593338166072523e-01 4.683890148465597122e+03
4.094914638472018087e-01 4.243590991135311924e+03
4.498432198782237879e-01 3.897660451088521768e+03
4.941712839853393824e-01 3.536973061209725074e+03
5.428674861028858212e-01 3.226868005126635580e+03
5.963622675339625978e-01 2.964577796698859856e+03
6.551284857587630350e-01 2.727609187394791661e+03
7.196855941730535555e-01 2.503885884325124607e+03
7.906042337028588163e-01 2.290596418789281870e+03
8.685112768820903995e-01 2.098453023573476457e+03
9.540953689793428838e-01 1.917985876708929482e+03
1.048113015153642191e+00 0.000000000000000000e+00
