1.048113066601954503e-02 1.236186995672135614e+06
1.151395323963562076e-02 0.000000000000000000e+00
1.264855132798976302e-02 7.450545661978553981e+05
1.389495400641860279e-02 7.179175194983980618e+05
1.526417862678452857e-02 1.448704378844330553e+06
1.676832820337198493e-02 0.000000000000000000e+00
1.842069839530119726e-02 5.963587578953395132e+05
2.023589503111089191e-02 6.799630321603019256e+05
2.222996321434766651e-02 3.424879833033165196e+05
2.442052915136719640e-02 3.774510999927864759e+05
2.682695595500901239e-02 3.865533272498981096e+05
2.947051480134291537e-02 3.647890411104338709e+05
3.237457295239669353e-02 2.031016475217468687e+05
3.556480030685772731e-02 2.130076353795250470e+05
3.906939630451649464e-02 1.464302068908776855e+05
4.291933919013282694e-02 1.693822232489912130e+05
4.714865984004791566e-02 1.313871401160210371e+05
5.179474257198286163e-02 1.360847354524931579e+05
5.689865559697841746e-02 1.229805543441280024e+05
6.250551403444545850e-02 1.120163387130066985e+05
6.866487869913283359e-02 8.949701157042360865e+04
7.543119418501802176e-02 7.394283837032011070e+04
8.286427011848424007e-02 5.893619295807418530e+04
9.102980983473445142e-02 5.225610544132966606e+04
9.999999115058272325e-02 4.663316345397304394e+04
1.098541043672585787e-01 4.158468249610032944e+04
1.206792531427361148e-01 3.671748826828003803e+04
1.325711244288214907e-01 3.074653905053476774e+04
1.456348342787200378e-01 2.707645671031276288e+04
1.599858570014452974e-01 2.407029787284247141e+04
1.757510458761641914e-01 2.116982944284989208e+04
1.930697544488981787e-01 1.866879092330585991e+04
2.120950683230800604e-01 1.641212058145674382e+04
2.329951583321586417e-01 1.459505038124205021e+04
2.559547670553742882e-01 1.300210739471307534e+04
2.811768418164965477e-01 1.185589414012155612e+04
3.088843286001189403e-01 1.061926666529334034e+04
3.393221427425128778e-01 9.604662082833634486e+03
3.727593338166072523e-01 8.703511871536309627e+03
4.094914638472018087e-01 7.977345506965230015e+03
4.498432198782237879e-01 7.331631271021165048e+03
4.941712839853393824e-01 6.751498475757024607e+03
5.428674861028858212e-01 6.213489721070331143e+03
5.963622675339625978e-01 5.751204721254551259e+03
6.551284857587630350e-01 5.312831142281622306e+03
7.196855941730535555e-01 4.952434162585034755e+03
7.906042337028588163e-01 4.583884188370459015e+03
8.685112768820903995e-01 4.253803237992418872e+03
9.540953689793428838e-01 3.955879774028921020e+03
1.048113015153642191e+00 0.000000000000000000e+00
