1.048113066601954503e-02 2.567502267563880014e+04
1.151395323963562076e-02 0.000000000000000000e+00
1.264855132798976302e-02 1.441208633596795335e+04
1.389495400641860279e-02 1.609619887736442979e+04
1.526417862678452857e-02 2.821686766701128363e+04
1.676832820337198493e-02 0.000000000000000000e+00
1.842069839530119726e-02 1.578730732882318989e+04
2.023589503111089191e-02 2.197036680460898060e+04
2.222996321434766651e-02 2.130994327691172657e+04
2.442052915136719640e-02 2.220437078668384493e+04
2.682695595500901239e-02 2.373721541402300136e+04
2.947051480134291537e-02 2.161002897117838074e+04
3.237457295239669353e-02 2.610921302370833291e+04
3.556480030685772731e-02 2.012296272118033085e+04
3.906939630451649464e-02 1.995944315123610795e+04
4.291933919013282694e-02 2.234390069419407519e+04
4.714865984004791566e-02 2.080298952785218717e+04
5.179474257198286163e-02 1.839628913299869964e+04
5.689865559697841746e-02 1.621697596599991448e+04
6.250551403444545850e-02 1.666668128742292902e+04
6.866487869913283359e-02 1.700925034402209712e+04
7.543119418501802176e-02 1.641813054075895707e+04
8.286427011848424007e-02 1.500102629766106475e+04
9.102980983473445142e-02 1.306037306320451353e+04
9.999999115058272325e-02 1.159917986116765678e+04
1.098541043672585787e-01 1.085434306258615652e+04
1.206792531427361148e-01 9.698677609020201999e+03
1.325711244288214907e-01 9.020184421208088679e+03
1.456348342787200378e-01 8.390738904221896519e+03
1.599858570014452974e-01 7.422288982403204500e+03
1.757510458761641914e-01 6.584707871534166770e+03
1.930697544488981787e-01 6.001707287569200162e+03
2.120950683230800604e-01 5.501142574404934749e+03
2.329951583321586417e-01 4.945549921873334824e+03
2.559547670553742882e-01 4.452669211729311428e+03
2.811768418164965477e-01 4.032401471944257082e+03
3.088843286001189403e-01 3.646533764550864362e+03
3.393221427425128778e-01 3.346766428631247436e+03
3.727593338166072523e-01 3.056531068609136128e+03
4.094914638472018087e-01 2.803054003819934223e+03
4.498432198782237879e-01 2.584901677303541874e+03
4.941712839853393824e-01 2.390985949815777531e+03
5.428674861028858212e-01 2.216962400411190629e+03
5.963622675339625978e-01 2.067763546613944527e+03
6.551284857587630350e-01 1.930324461931450060e+03
7.196855941730535555e-01 1.815414377724046972e+03
7.906042337028588163e-01 1.708068666278573573e+03
8.685112768820903995e-01 1.612680621527291351e+03
9.540953689793428838e-01 1.526141288653205947e+03
1.048113015153642191e+00 0.000000000000000000e+00
