1.048113066601954503e-02 3.822290781275572954e+04
1.151395323963562076e-02 0.000000000000000000e+00
1.264855132798976302e-02 2.145219052053849009e+04
1.389495400641860279e-02 2.395704875573809841e+04
1.526417862678452857e-02 4.197250270507535606e+04
1.676832820337198493e-02 0.000000000000000000e+00
1.842069839530119726e-02 2.351225759388149891e+04
2.023589503111089191e-02 3.272031549876234931e+04
2.222996321434766651e-02 3.171926622003666853e+04
2.442052915136719640e-02 3.304839185556417942e+04
2.682695595500901239e-02 3.533776861268772336e+04
2.947051480134291537e-02 3.216510299848902287e+04
3.237457295239669353e-02 3.887935708225497365e+04
3.556480030685772731e-02 2.998128184535482433e+04
3.906939630451649464e-02 2.972609365053469446e+04
4.291933919013282694e-02 3.328782936644427537e+04
4.714865984004791566e-02 3.100897340941672519e+04
5.179474257198286163e-02 2.743724882437034103e+04
5.689865559697841746e-02 2.418180499713714380e+04
6.250551403444545850e-02 2.486710373291499127e+04
6.866487869913283359e-02 2.537998462451047817e+04
7.543119418501802176e-02 2.453136679415316758e+04
8.286427011848424007e-02 2.241657664335375375e+04
9.102980983473445142e-02 1.954185791621524186e+04
9.999999115058272325e-02 1.736122354904762324e+04
1.098541043672585787e-01 1.627092647997007953e+04
1.206792531427361148e-01 1.456027556911556167e+04
1.325711244288214907e-01 1.356112681700451139e+04
1.456348342787200378e-01 1.262924942179947720e+04
1.599858570014452974e-01 1.119330896331229087e+04
1.757510458761641914e-01 9.950472411763474156e+03
1.930697544488981787e-01 9.090817599850139231e+03
2.120950683230800604e-01 8.353998677580842923e+03
2.329951583321586417e-01 7.528594772444161208e+03
2.559547670553742882e-01 6.798799790584425864e+03
2.811768418164965477e-01 6.175374222983115033e+03
3.088843286001189403e-01 5.602161629475100199e+03
3.393221427425128778e-01 5.159082232827384360e+03
3.727593338166072523e-01 4.728424837000447042e+03
4.094914638472018087e-01 4.352531512251128333e+03
4.498432198782237879e-01 4.028613427306015183e+03
4.941712839853393824e-01 3.740185134562715120e+03
5.428674861028858212e-01 3.481442303127497325e+03
5.963622675339625978e-01 3.259916568615882170e+03
6.551284857587630350e-01 3.055403095300634959e+03
7.196855941730535555e-01 2.884771844778220839e+03
7.906042337028588163e-01 2.725169491551230749e+03
8.685112768820903995e-01 2.583397317120744447e+03
9.540953689793428838e-01 2.454828311063035926e+03
1.048113015153642191e+00 0.000000000000000000e+00
