1.048113066601954503e-02 6.206243662455399754e+05
1.151395323963562076e-02 0.000000000000000000e+00
1.264855132798976302e-02 3.161068058330722270e+05
1.389495400641860279e-02 3.043087828547736863e+05
1.526417862678452857e-02 4.862167093301080167e+05
1.676832820337198493e-02 0.000000000000000000e+00
1.842069839530119726e-02 4.292780779495871393e+05
2.023589503111089191e-02 3.357081097005771007e+05
2.222996321434766651e-02 2.168848537090000464e+05
2.442052915136719640e-02 2.865547987444830942e+05
2.682695595500901239e-02 2.403874993031739141e+05
2.947051480134291537e-02 1.901149360954043223e+05
3.237457295239669353e-02 1.641751077478319639e+05
3.556480030685772731e-02 1.480009892278164043e+05
3.906939630451649464e-02 1.431059484060380782e+05
4.291933919013282694e-02 1.414716239724034385e+05
4.714865984004791566e-02 1.173081622972286423e+05
5.179474257198286163e-02 1.122180719641682226e+05
5.689865559697841746e-02 1.085117131556148088e+05
6.250551403444545850e-02 1.065726795894921233e+05
6.866487869913283359e-02 8.564678377981153608e+04
7.543119418501802176e-02 6.574739117415720830e+04
8.286427011848424007e-02 5.456358721362379583e+04
9.102980983473445142e-02 4.937728498812159523e+04
9.999999115058272325e-02 4.980270767087637796e+04
1.098541043672585787e-01 4.544819031134257966e+04
1.206792531427361148e-01 3.758059274893845577e+04
1.325711244288214907e-01 3.198991180232610714e+04
1.456348342787200378e-01 2.987208247095527622e+04
1.599858570014452974e-01 2.787626646735161557e+04
1.757510458761641914e-01 2.458499278379291354e+04
1.930697544488981787e-01 2.224592181756383070e+04
2.120950683230800604e-01 1.992866638406665516e+04
2.329951583321586417e-01 1.815294802282574528e+04
2.559547670553742882e-01 1.649315556631634536e+04
2.811768418164965477e-01 1.514271700302054160e+04
3.088843286001189403e-01 1.400510801041601189e+04
3.393221427425128778e-01 1.289727226322343085e+04
3.727593338166072523e-01 1.200136108106696702e+04
4.094914638472018087e-01 1.125463774509753421e+04
4.498432198782237879e-01 1.047991040302587498e+04
4.941712839853393824e-01 9.845482642588773160e+03
5.428674861028858212e-01 9.266515649197663151e+03
5.963622675339625978e-01 8.730196291356758593e+03
6.551284857587630350e-01 8.261385873649967834e+03
7.196855941730535555e-01 7.796792576403706335e+03
7.906042337028588163e-01 7.349306327183151552e+03
8.685112768820903995e-01 6.933825586449346702e+03
9.540953689793428838e-01 6.551434067679315376e+03
1.048113015153642191e+00 0.000000000000000000e+00
