1.048113066601954503e-02 5.044609601985119662e+04
1.151395323963562076e-02 0.000000000000000000e+00
1.264855132798976302e-02 1.418700480699107356e+04
1.389495400641860279e-02 6.894494473473906692e+04
1.526417862678452857e-02 6.140640117300635029e+04
1.676832820337198493e-02 0.000000000000000000e+00
1.842069839530119726e-02 5.231048619099790812e+04
2.023589503111089191e-02 9.040888272478547879e+04
2.222996321434766651e-02 8.686126234036001551e+04
2.442052915136719640e-02 6.466350589385571948e+04
2.682695595500901239e-02 6.031172639334085397e+04
2.947051480134291537e-02 5.870401998802372691e+04
3.237457295239669353e-02 4.923653680669922323e+04
3.556480030685772731e-02 4.073134350095261470e+04
3.906939630451649464e-02 4.987185396478234179e+04
4.291933919013282694e-02 4.456502774599208351e+04
4.714865984004791566e-02 3.693807540758990945e+04
5.179474257198286163e-02 4.028561866840245784e+04
5.689865559697841746e-02 3.022970089933284180e+04
6.250551403444545850e-02 3.383144978358958178e+04
6.866487869913283359e-02 3.202090305245815398e+04
7.543119418501802176e-02 2.959271028736948210e+04
8.286427011848424007e-02 2.560437125220893722e+04
9.102980983473445142e-02 2.121135864795943053e+04
9.999999115058272325e-02 2.017818871371685964e+04
1.098541043672585787e-01 1.774504902313970160e+04
1.206792531427361148e-01 1.662202504390592730e+04
1.325711244288214907e-01 1.516047496993585082e+04
1.456348342787200378e-01 1.382427747800191719e+04
1.599858570014452974e-01 1.197739792506910817e+04
1.757510458761641914e-01 1.102748488278417426e+04
1.930697544488981787e-01 1.001558301190398743e+04
2.120950683230800604e-01 9.294352543838262136e+03
2.329951583321586417e-01 8.445562431000700599e+03
2.559547670553742882e-01 7.697285940257273978e+03
2.811768418164965477e-01 7.083615258785061087e+03
3.088843286001189403e-01 6.545850674389929736e+03
3.393221427425128778e-01 6.101167855948778197e+03
3.727593338166072523e-01 5.659758895965298507e+03
4.094914638472018087e-01 5.294962428711560278e+03
4.498432198782237879e-01 4.974584328473354617e+03
4.941712839853393824e-01 4.672100853591016858e+03
5.428674861028858212e-01 4.414835955449691937e+03
5.963622675339625978e-01 4.175017343249994155e+03
6.551284857587630350e-01 3.947032834191105394e+03
7.196855941730535555e-01 3.737214786293449833e+03
7.906042337028588163e-01 3.534412757462306217e+03
8.685112768820903995e-01 3.345047090976656364e+03
9.540953689793428838e-01 3.166563164641427647e+03
1.048113015153642191e+00 0.000000000000000000e+00
