1.048113066601954503e-02 1.468585430293829813e+04
1.151395323963562076e-02 0.000000000000000000e+00
1.264855132798976302e-02 3.592544639491802809e+04
1.389495400641860279e-02 2.895340264394158294e+04
1.526417862678452857e-02 2.651016696079892790e+04
1.676832820337198493e-02 0.000000000000000000e+00
1.842069839530119726e-02 2.747598188323404611e+04
2.023589503111089191e-02 3.731615729624262167e+04
2.222996321434766651e-02 2.331527131577293767e+04
2.442052915136719640e-02 3.774926459698773397e+04
2.682695595500901239e-02 4.018483218948359718e+04
2.947051480134291537e-02 4.246737745942491892e+04
3.237457295239669353e-02 3.297448319451718999e+04
3.556480030685772731e-02 2.990114748124915786e+04
3.906939630451649464e-02 3.048312407307168178e+04
4.291933919013282694e-02 2.984630171314759355e+04
4.714865984004791566e-02 2.717144925912272811e+04
5.179474257198286163e-02 2.708867532425462196e+04
5.689865559697841746e-02 2.436682911815167608e+04
6.250551403444545850e-02 2.473238754160079407e+04
6.866487869913283359e-02 2.222765107277758580e+04
7.543119418501802176e-02 2.114388868382457440e+04
8.286427011848424007e-02 1.869319210998805647e+04
9.102980983473445142e-02 1.692781714754743007e+04
9.999999115058272325e-02 1.472526483231034035e+04
1.098541043672585787e-01 1.381922380734575927e+04
1.206792531427361148e-01 1.249571388690105778e+04
1.325711244288214907e-01 1.142268200718838671e+04
1.456348342787200378e-01 1.033903215034494497e+04
1.599858570014452974e-01 9.161618089937543118e+03
1.757510458761641914e-01 8.267719641440256964e+03
1.930697544488981787e-01 7.544455838228302127e+03
2.120950683230800604e-01 6.833044653456846390e+03
2.329951583321586417e-01 6.214335504091439361e+03
2.559547670553742882e-01 5.648096389878062837e+03
2.811768418164965477e-01 5.160574061561577764e+03
3.088843286001189403e-01 4.729348074406097112e+03
3.393221427425128778e-01 4.331512736479375235e+03
3.727593338166072523e-01 3.977732196283977828e+03
4.094914638472018087e-01 3.697745404138354843e+03
4.498432198782237879e-01 3.442906303105076859e+03
4.941712839853393824e-01 3.204297841518112818e+03
5.428674861028858212e-01 3.000422956146791876e+03
5.963622675339625978e-01 2.820620845052250388e+03
6.551284857587630350e-01 2.660200025051776720e+03
7.196855941730535555e-01 2.501391402773896061e+03
7.906042337028588163e-01 2.370226469095171524e+03
8.685112768820903995e-01 2.230537196890368250e+03
9.540953689793428838e-01 2.106943300093743346e+03
1.048113015153642191e+00 0.000000000000000000e+00
