1.048113066601954503e-02 1.561545524933808156e+04
1.151395323963562076e-02 0.000000000000000000e+00
1.264855132798976302e-02 8.767555161712600238e+03
1.389495400641860279e-02 9.793299738802565116e+03
1.526417862678452857e-02 1.718345948783965287e+04
1.676832820337198493e-02 0.000000000000000000e+00
1.842069839530119726e-02 9.595844381026408882e+03
2.023589503111089191e-02 1.335431135273175278e+04
2.222996321434766651e-02 1.296408703903214519e+04
2.442052915136719640e-02 1.350964305616505408e+04
2.682695595500901239e-02 1.443720198218541555e+04
2.947051480134291537e-02 1.314731947464078985e+04
3.237457295239669353e-02 1.587329417564179676e+04
3.556480030685772731e-02 1.222378888528828429e+04
3.906939630451649464e-02 1.213189556771065691e+04
4.291933919013282694e-02 1.357448991148434470e+04
4.714865984004791566e-02 1.262777718259834364e+04
5.179474257198286163e-02 1.115700683850490714e+04
5.689865559697841746e-02 9.838724522523636551e+03
6.250551403444545850e-02 1.010229405485354800e+04
6.866487869913283359e-02 1.030892889796113195e+04
7.543119418501802176e-02 9.929521405492463600e+03
8.286427011848424007e-02 9.071049570572986340e+03
9.102980983473445142e-02 7.881842943772282524e+03
9.999999115058272325e-02 6.996673885155259086e+03
1.098541043672585787e-01 6.532096915335479935e+03
1.206792531427361148e-01 5.823127909036356868e+03
1.325711244288214907e-01 5.403813315966110167e+03
1.456348342787200378e-01 5.017828001530800975e+03
1.599858570014452974e-01 4.425308044901115863e+03
1.757510458761641914e-01 3.913531478291421990e+03
1.930697544488981787e-01 3.553933145320848780e+03
2.120950683230800604e-01 3.244401380007992884e+03
2.329951583321586417e-01 2.905560149573598210e+03
2.559547670553742882e-01 2.603494010549160976e+03
2.811768418164965477e-01 2.346651805815317402e+03
3.088843286001189403e-01 2.111345210143962959e+03
3.393221427425128778e-01 1.927195558674241056e+03
3.727593338166072523e-01 1.749962108770796704e+03
4.094914638472018087e-01 1.595055307965338443e+03
4.498432198782237879e-01 1.462019470134449421e+03
4.941712839853393824e-01 1.344089701183279431e+03
5.428674861028858212e-01 1.238230116368562904e+03
5.963622675339625978e-01 1.147329007332921265e+03
6.551284857587630350e-01 1.063918324994189561e+03
7.196855941730535555e-01 9.940193604249229793e+02
7.906042337028588163e-01 9.289171605428959992e+02
8.685112768820903995e-01 8.711137981993573476e+02
9.540953689793428838e-01 8.187424274241624289e+02
1.048113015153642191e+00 0.000000000000000000e+00
