1.048113066601954503e-02 6.010548210835945065e+04
1.151395323963562076e-02 0.000000000000000000e+00
1.264855132798976302e-02 7.445455166839636513e+04
1.389495400641860279e-02 6.466765894738909265e+04
1.526417862678452857e-02 6.985250398194570153e+04
1.676832820337198493e-02 0.000000000000000000e+00
1.842069839530119726e-02 1.062297603736421152e+05
2.023589503111089191e-02 6.032651903134727763e+04
2.222996321434766651e-02 5.822386419240944088e+04
2.442052915136719640e-02 7.524236966720198689e+04
2.682695595500901239e-02 7.309732165141103906e+04
2.947051480134291537e-02 5.048243483190928237e+04
3.237457295239669353e-02 6.035943570016749436e+04
3.556480030685772731e-02 6.169569622806848929e+04
3.906939630451649464e-02 5.051582200421401649e+04
4.291933919013282694e-02 5.233439629098626028e+04
4.714865984004791566e-02 4.394492667550199258e+04
5.179474257198286163e-02 4.009164078568359400e+04
5.689865559697841746e-02 3.747524654979621118e+04
6.250551403444545850e-02 3.616830790143599006e+04
6.866487869913283359e-02 3.574575751051385305e+04
7.543119418501802176e-02 3.328011485949328926e+04
8.286427011848424007e-02 2.902100401380859694e+04
9.102980983473445142e-02 2.722838850785351678e+04
9.999999115058272325e-02 2.160664578015166262e+04
1.098541043672585787e-01 2.011086534796419073e+04
1.206792531427361148e-01 1.839315604793616512e+04
1.325711244288214907e-01 1.676226606363562314e+04
1.456348342787200378e-01 1.491362000236093809e+04
1.599858570014452974e-01 1.298472688399418985e+04
1.757510458761641914e-01 1.128685676597663587e+04
1.930697544488981787e-01 1.035548810446128118e+04
2.120950683230800604e-01 9.240048254515329972e+03
2.329951583321586417e-01 8.200034583273965836e+03
2.559547670553742882e-01 7.418648658647744014e+03
2.811768418164965477e-01 6.728629620217805495e+03
3.088843286001189403e-01 6.033859777283131734e+03
3.393221427425128778e-01 5.508065035614325097e+03
3.727593338166072523e-01 4.967945077662250696e+03
4.094914638472018087e-01 4.561962690428315000e+03
4.498432198782237879e-01 4.206682102403196041e+03
4.941712839853393824e-01 3.874981272041937700e+03
5.428674861028858212e-01 3.584593170473059217e+03
5.963622675339625978e-01 3.330151171324468123e+03
6.551284857587630350e-01 3.096533082374137848e+03
7.196855941730535555e-01 2.902308790780229629e+03
7.906042337028588163e-01 2.720055690388710900e+03
8.685112768820903995e-01 2.554958916222339212e+03
9.540953689793428838e-01 2.409042510282680269e+03
1.048113015153642191e+00 0.000000000000000000e+00
