1.048113066601954503e-02 9.479115381847417448e+05
1.151395323963562076e-02 0.000000000000000000e+00
1.264855132798976302e-02 3.135324527435814962e+05
1.389495400641860279e-02 5.343716059112541843e+05
1.526417862678452857e-02 8.039091052732083481e+05
1.676832820337198493e-02 0.000000000000000000e+00
1.842069839530119726e-02 7.803408672312885756e+05
2.023589503111089191e-02 5.924926650888347067e+05
2.222996321434766651e-02 3.356911043646235485e+05
2.442052915136719640e-02 3.994463502763123251e+05
2.682695595500901239e-02 3.670101479581840103e+05
2.947051480134291537e-02 3.420193885774969822e+05
3.237457295239669353e-02 2.266029083501774003e+05
3.556480030685772731e-02 2.061495333575712284e+05
3.906939630451649464e-02 1.962971337254437676e+05
4.291933919013282694e-02 1.474198408757696743e+05
4.714865984004791566e-02 1.292411421672469005e+05
5.179474257198286163e-02 1.225181971883397200e+05
5.689865559697841746e-02 1.232062145458170853e+05
6.250551403444545850e-02 1.296964838188704161e+05
6.866487869913283359e-02 1.079343669940033433e+05
7.543119418501802176e-02 9.131396258604424656e+04
8.286427011848424007e-02 7.585473767843573296e+04
9.102980983473445142e-02 6.220080596138376859e+04
9.999999115058272325e-02 5.294122604802966816e+04
1.098541043672585787e-01 4.776155753029764310e+04
1.206792531427361148e-01 4.393533109682413487e+04
1.325711244288214907e-01 3.991442550458903133e+04
1.456348342787200378e-01 3.460748570935398311e+04
1.599858570014452974e-01 3.098599026151752332e+04
1.757510458761641914e-01 2.757035962457216738e+04
1.930697544488981787e-01 2.498428030534294521e+04
2.120950683230800604e-01 2.272492552077712753e+04
2.329951583321586417e-01 2.002563321267684296e+04
2.559547670553742882e-01 1.844332461439951294e+04
2.811768418164965477e-01 1.681828802687360803e+04
3.088843286001189403e-01 1.545506993504515049e+04
3.393221427425128778e-01 1.427332806670564969e+04
3.727593338166072523e-01 1.318860278669312174e+04
4.094914638472018087e-01 1.221768716950806629e+04
4.498432198782237879e-01 1.141263364901221576e+04
4.941712839853393824e-01 1.070067320984824073e+04
5.428674861028858212e-01 9.971436298290565901e+03
5.963622675339625978e-01 9.279324125457933405e+03
6.551284857587630350e-01 8.666158385579503374e+03
7.196855941730535555e-01 8.143820499483836102e+03
7.906042337028588163e-01 7.622967427432264230e+03
8.685112768820903995e-01 7.091070500704231563e+03
9.540953689793428838e-01 6.576906963004354111e+03
1.048113015153642191e+00 0.000000000000000000e+00
