1.048113066601954503e-02 1.139451219976456603e+06
1.151395323963562076e-02 0.000000000000000000e+00
1.264855132798976302e-02 2.368468645783535612e+05
1.389495400641860279e-02 8.231326094917651499e+05
1.526417862678452857e-02 8.375892285976834828e+05
1.676832820337198493e-02 0.000000000000000000e+00
1.842069839530119726e-02 5.797266560801564483e+05
2.023589503111089191e-02 4.806129029594073072e+05
2.222996321434766651e-02 5.235282288309240830e+05
2.442052915136719640e-02 4.516653315989740076e+05
2.682695595500901239e-02 3.826765669942719396e+05
2.947051480134291537e-02 2.594800629867542302e+05
3.237457295239669353e-02 1.413454404883576208e+05
3.556480030685772731e-02 1.282249710220784473e+05
3.906939630451649464e-02 9.518668877682859602e+04
4.291933919013282694e-02 7.508539898056219681e+04
4.714865984004791566e-02 6.577383032967534382e+04
5.179474257198286163e-02 8.081995909063132422e+04
5.689865559697841746e-02 7.485689804536917654e+04
6.250551403444545850e-02 8.256034617222008819e+04
6.866487869913283359e-02 7.281171100131479034e+04
7.543119418501802176e-02 6.080541094707580487e+04
8.286427011848424007e-02 4.722567360470058338e+04
9.102980983473445142e-02 3.466689168206747127e+04
9.999999115058272325e-02 2.964365919593452054e+04
1.098541043672585787e-01 2.759110966583990739e+04
1.206792531427361148e-01 2.553404901924851583e+04
1.325711244288214907e-01 2.263247895898668139e+04
1.456348342787200378e-01 2.006376647679384769e+04
1.599858570014452974e-01 1.696295870748274319e+04
1.757510458761641914e-01 1.530258542401403429e+04
1.930697544488981787e-01 1.370455839711502267e+04
2.120950683230800604e-01 1.219041447380165482e+04
2.329951583321586417e-01 1.103396023639204941e+04
2.559547670553742882e-01 9.881209026687236474e+03
2.811768418164965477e-01 9.049277785565811428e+03
3.088843286001189403e-01 8.150595595041435445e+03
3.393221427425128778e-01 7.412064079030867106e+03
3.727593338166072523e-01 6.813353034665723499e+03
4.094914638472018087e-01 6.255556299687717001e+03
4.498432198782237879e-01 5.786299454694422820e+03
4.941712839853393824e-01 5.349868013400502605e+03
5.428674861028858212e-01 4.943763221847483692e+03
5.963622675339625978e-01 4.601393138498078770e+03
6.551284857587630350e-01 4.263550821048034777e+03
7.196855941730535555e-01 3.948279403609725705e+03
7.906042337028588163e-01 3.654842627909257317e+03
8.685112768820903995e-01 3.352227469335404294e+03
9.540953689793428838e-01 3.073903726732696214e+03
1.048113015153642191e+00 0.000000000000000000e+00
