1.048113066601954503e-02 2.011685431396387139e+04
1.151395323963562076e-02 0.000000000000000000e+00
1.264855132798976302e-02 2.807459043142731389e+04
1.389495400641860279e-02 3.970278677777911071e+04
1.526417862678452857e-02 5.020208619681962591e+04
1.676832820337198493e-02 0.000000000000000000e+00
1.842069839530119726e-02 2.829666741268912301e+04
2.023589503111089191e-02 4.292867950952672982e+04
2.222996321434766651e-02 5.906740694047260331e+04
2.442052915136719640e-02 3.792379608876281418e+04
2.682695595500901239e-02 3.556362527057161060e+04
2.947051480134291537e-02 3.376582345736766001e+04
3.237457295239669353e-02 3.090943571725158108e+04
3.556480030685772731e-02 2.940120077032757763e+04
3.906939630451649464e-02 2.871664870814123424e+04
4.291933919013282694e-02 2.480257000634826545e+04
4.714865984004791566e-02 2.110424149640453106e+04
5.179474257198286163e-02 2.102184180287702475e+04
5.689865559697841746e-02 2.216228675697875588e+04
6.250551403444545850e-02 2.000236145028074679e+04
6.866487869913283359e-02 1.904965851024742733e+04
7.543119418501802176e-02 1.688099047020671787e+04
8.286427011848424007e-02 1.553709287535207841e+04
9.102980983473445142e-02 1.301083374316535992e+04
9.999999115058272325e-02 1.158146820292329357e+04
1.098541043672585787e-01 1.014180027216982853e+04
1.206792531427361148e-01 9.053938109622715274e+03
1.325711244288214907e-01 8.602027285681015201e+03
1.456348342787200378e-01 7.664843632780595726e+03
1.599858570014452974e-01 6.537638808977128065e+03
1.757510458761641914e-01 5.713588813288117308e+03
1.930697544488981787e-01 5.204181091014193044e+03
2.120950683230800604e-01 4.643235504473469518e+03
2.329951583321586417e-01 4.054103680797156812e+03
2.559547670553742882e-01 3.660741611788629598e+03
2.811768418164965477e-01 3.280353450929517294e+03
3.088843286001189403e-01 2.936235527173359969e+03
3.393221427425128778e-01 2.641654429500475089e+03
3.727593338166072523e-01 2.386966733330079478e+03
4.094914638472018087e-01 2.171295996077751624e+03
4.498432198782237879e-01 1.985269601548657647e+03
4.941712839853393824e-01 1.818502565538837189e+03
5.428674861028858212e-01 1.673068619458323610e+03
5.963622675339625978e-01 1.538290225978684020e+03
6.551284857587630350e-01 1.425667245754093074e+03
7.196855941730535555e-01 1.325224110058049064e+03
7.906042337028588163e-01 1.234039158372924703e+03
8.685112768820903995e-01 1.153716532091827048e+03
9.540953689793428838e-01 1.080927167619104694e+03
1.048113015153642191e+00 0.000000000000000000e+00
