1.048113066601954503e-02 6.588141954995613196e+04
1.151395323963562076e-02 0.000000000000000000e+00
1.264855132798976302e-02 8.163345009568727983e+04
1.389495400641860279e-02 7.088489901346768602e+04
1.526417862678452857e-02 7.656107361523754662e+04
1.676832820337198493e-02 0.000000000000000000e+00
1.842069839530119726e-02 1.164473386696998932e+05
2.023589503111089191e-02 6.612952334097410494e+04
2.222996321434766651e-02 6.383448718705003557e+04
2.442052915136719640e-02 8.246891696571676584e+04
2.682695595500901239e-02 8.011930576941235631e+04
2.947051480134291537e-02 5.533061363187819370e+04
3.237457295239669353e-02 6.617306219004232844e+04
3.556480030685772731e-02 6.763964194498247525e+04
3.906939630451649464e-02 5.538429771155146591e+04
4.291933919013282694e-02 5.738454024481652596e+04
4.714865984004791566e-02 4.818480403459686204e+04
5.179474257198286163e-02 4.396829112694780633e+04
5.689865559697841746e-02 4.109832447167889040e+04
6.250551403444545850e-02 3.967721108403064864e+04
6.866487869913283359e-02 3.921398035614636319e+04
7.543119418501802176e-02 3.651843898562234972e+04
8.286427011848424007e-02 3.185430528960809170e+04
9.102980983473445142e-02 2.989250429818935663e+04
9.999999115058272325e-02 2.372835439228855103e+04
1.098541043672585787e-01 2.209232739524170756e+04
1.206792531427361148e-01 2.021095538856637359e+04
1.325711244288214907e-01 1.842647465801619182e+04
1.456348342787200378e-01 1.639991515920843449e+04
1.599858570014452974e-01 1.428480227819364700e+04
1.757510458761641914e-01 1.242503385909015560e+04
1.930697544488981787e-01 1.140491091733544999e+04
2.120950683230800604e-01 1.018191711896767083e+04
2.329951583321586417e-01 9.041552564714325854e+03
2.559547670553742882e-01 8.185127458289016431e+03
2.811768418164965477e-01 7.428729502017095001e+03
3.088843286001189403e-01 6.666363331921407735e+03
3.393221427425128778e-01 6.089653404734803189e+03
3.727593338166072523e-01 5.496432889833197805e+03
4.094914638472018087e-01 5.051049952811935327e+03
4.498432198782237879e-01 4.661055586757962374e+03
4.941712839853393824e-01 4.296725059459848126e+03
5.428674861028858212e-01 3.977692603252231493e+03
5.963622675339625978e-01 3.698088404797431394e+03
6.551284857587630350e-01 3.441167045229754876e+03
7.196855941730535555e-01 3.227763385945400842e+03
7.906042337028588163e-01 3.027300953049732016e+03
8.685112768820903995e-01 2.845667137224603721e+03
9.540953689793428838e-01 2.685211656337421118e+03
1.048113015153642191e+00 0.000000000000000000e+00
