1.048113066601954503e-02 3.279901847814922803e+04
1.151395323963562076e-02 0.000000000000000000e+00
1.264855132798976302e-02 3.254794016328680664e+04
1.389495400641860279e-02 8.775892022351235209e+04
1.526417862678452857e-02 6.511816539580046083e+04
1.676832820337198493e-02 0.000000000000000000e+00
1.842069839530119726e-02 2.703246736640717063e+04
2.023589503111089191e-02 5.333308520359874092e+04
2.222996321434766651e-02 4.713607148610064178e+04
2.442052915136719640e-02 5.168599044256626075e+04
2.682695595500901239e-02 5.502940623067038541e+04
2.947051480134291537e-02 5.675955594856027892e+04
3.237457295239669353e-02 4.568186071136753162e+04
3.556480030685772731e-02 5.563167504178441595e+04
3.906939630451649464e-02 4.501967245735246252e+04
4.291933919013282694e-02 3.759163317816370545e+04
4.714865984004791566e-02 3.628447811603780428e+04
5.179474257198286163e-02 3.801477697355413693e+04
5.689865559697841746e-02 3.313780771449147869e+04
6.250551403444545850e-02 3.271182832429494374e+04
6.866487869913283359e-02 2.930612506397855759e+04
7.543119418501802176e-02 2.806611946440146858e+04
8.286427011848424007e-02 2.598200184619204811e+04
9.102980983473445142e-02 2.351076807727630148e+04
9.999999115058272325e-02 2.085653144216458168e+04
1.098541043672585787e-01 1.761650412440812579e+04
1.206792531427361148e-01 1.648880316343504091e+04
1.325711244288214907e-01 1.542851717716188250e+04
1.456348342787200378e-01 1.399313038427993524e+04
1.599858570014452974e-01 1.229264509142097813e+04
1.757510458761641914e-01 1.111609046963593028e+04
1.930697544488981787e-01 1.005293793696661669e+04
2.120950683230800604e-01 9.350731933996679800e+03
2.329951583321586417e-01 8.475031689221392298e+03
2.559547670553742882e-01 7.811610954407376084e+03
2.811768418164965477e-01 7.122353724528543353e+03
3.088843286001189403e-01 6.583805789823603845e+03
3.393221427425128778e-01 6.093831976111083350e+03
3.727593338166072523e-01 5.666690133171285197e+03
4.094914638472018087e-01 5.308414052148138580e+03
4.498432198782237879e-01 4.968582671140999082e+03
4.941712839853393824e-01 4.673911688563162897e+03
5.428674861028858212e-01 4.387647370681240318e+03
5.963622675339625978e-01 4.132447211580004478e+03
6.551284857587630350e-01 3.889008648063144392e+03
7.196855941730535555e-01 3.665628891350534104e+03
7.906042337028588163e-01 3.449320250673046758e+03
8.685112768820903995e-01 3.248591413981771439e+03
9.540953689793428838e-01 3.049769193604402972e+03
1.048113015153642191e+00 0.000000000000000000e+00
