1.048113066601954503e-02 2.056721940002891701e+06
1.151395323963562076e-02 0.000000000000000000e+00
1.264855132798976302e-02 7.498983378523637075e+05
1.389495400641860279e-02 7.080374920124047203e+05
1.526417862678452857e-02 6.225652652630934026e+05
1.676832820337198493e-02 0.000000000000000000e+00
1.842069839530119726e-02 5.964379447212874657e+05
2.023589503111089191e-02 4.912912387408516370e+05
2.222996321434766651e-02 5.213242201074935729e+05
2.442052915136719640e-02 1.958104614864324103e+05
2.682695595500901239e-02 1.919736203376725316e+05
2.947051480134291537e-02 2.214856412273164024e+05
3.237457295239669353e-02 1.758028351504793100e+05
3.556480030685772731e-02 1.620751119779421715e+05
3.906939630451649464e-02 1.125538869225981034e+05
4.291933919013282694e-02 9.406987274833707488e+04
4.714865984004791566e-02 8.112072464730992215e+04
5.179474257198286163e-02 8.386154402860728442e+04
5.689865559697841746e-02 7.805028568929349422e+04
6.250551403444545850e-02 6.977138377986852720e+04
6.866487869913283359e-02 7.416018419069875381e+04
7.543119418501802176e-02 6.393889606147943414e+04
8.286427011848424007e-02 4.979338826496707043e+04
9.102980983473445142e-02 4.180856417817145848e+04
9.999999115058272325e-02 3.371032986821504892e+04
1.098541043672585787e-01 3.041341823857482814e+04
1.206792531427361148e-01 2.762985527602009824e+04
1.325711244288214907e-01 2.599359037749324852e+04
1.456348342787200378e-01 2.241950733770761144e+04
1.599858570014452974e-01 1.970745304714079248e+04
1.757510458761641914e-01 1.753798608805358526e+04
1.930697544488981787e-01 1.549818109707848089e+04
2.120950683230800604e-01 1.418446019225249620e+04
2.329951583321586417e-01 1.283086654483178427e+04
2.559547670553742882e-01 1.180734314597880075e+04
2.811768418164965477e-01 1.060899290041446147e+04
3.088843286001189403e-01 9.617371632110302016e+03
3.393221427425128778e-01 8.804548652597493856e+03
3.727593338166072523e-01 8.099613155570493291e+03
4.094914638472018087e-01 7.469369049076520241e+03
4.498432198782237879e-01 6.937101047540629224e+03
4.941712839853393824e-01 6.420791736343108823e+03
5.428674861028858212e-01 5.937227529202757069e+03
5.963622675339625978e-01 5.506792706887751592e+03
6.551284857587630350e-01 5.061825405915424199e+03
7.196855941730535555e-01 4.654458577869345390e+03
7.906042337028588163e-01 4.278305605576504604e+03
8.685112768820903995e-01 3.902763033087766416e+03
9.540953689793428838e-01 3.535926667248887497e+03
1.048113015153642191e+00 0.000000000000000000e+00
