1.048113066601954503e-02 4.903732299002810032e+04
1.151395323963562076e-02 0.000000000000000000e+00
1.264855132798976302e-02 2.880632836427486109e+04
1.389495400641860279e-02 5.222904537281885860e+04
1.526417862678452857e-02 4.701249403768485354e+04
1.676832820337198493e-02 0.000000000000000000e+00
1.842069839530119726e-02 5.755750362366763875e+04
2.023589503111089191e-02 5.678270680874329992e+04
2.222996321434766651e-02 3.444471492534515710e+04
2.442052915136719640e-02 5.675960615542030428e+04
2.682695595500901239e-02 7.189549332630973367e+04
2.947051480134291537e-02 4.169956460168185004e+04
3.237457295239669353e-02 4.328900249564123078e+04
3.556480030685772731e-02 4.557860397099787951e+04
3.906939630451649464e-02 3.552412474281384493e+04
4.291933919013282694e-02 3.681477168616056588e+04
4.714865984004791566e-02 4.248573591743875295e+04
5.179474257198286163e-02 3.582452523308554373e+04
5.689865559697841746e-02 2.654894835315826276e+04
6.250551403444545850e-02 2.813610890111181652e+04
6.866487869913283359e-02 2.728394465795328142e+04
7.543119418501802176e-02 2.471012174070387118e+04
8.286427011848424007e-02 2.195670413925651519e+04
9.102980983473445142e-02 2.076025333560203580e+04
9.999999115058272325e-02 1.767429146421925543e+04
1.098541043672585787e-01 1.577459946545757339e+04
1.206792531427361148e-01 1.365881513649604858e+04
1.325711244288214907e-01 1.247447643852949841e+04
1.456348342787200378e-01 1.130920909134456815e+04
1.599858570014452974e-01 1.024691675257900351e+04
1.757510458761641914e-01 8.713288338794784067e+03
1.930697544488981787e-01 7.864048767700831377e+03
2.120950683230800604e-01 7.008517428431923690e+03
2.329951583321586417e-01 6.241475295182383888e+03
2.559547670553742882e-01 5.591961794229073348e+03
2.811768418164965477e-01 4.998050883094433630e+03
3.088843286001189403e-01 4.486061725839805149e+03
3.393221427425128778e-01 4.043967020713866987e+03
3.727593338166072523e-01 3.660015773397987687e+03
4.094914638472018087e-01 3.325511611768403327e+03
4.498432198782237879e-01 3.023711965213618896e+03
4.941712839853393824e-01 2.768216991196114577e+03
5.428674861028858212e-01 2.541766789704496659e+03
5.963622675339625978e-01 2.343977735225013930e+03
6.551284857587630350e-01 2.170565164473704499e+03
7.196855941730535555e-01 2.015293429549480152e+03
7.906042337028588163e-01 1.872582673768980385e+03
8.685112768820903995e-01 1.747150816920582201e+03
9.540953689793428838e-01 1.635183867692740705e+03
1.048113015153642191e+00 0.000000000000000000e+00
