1.048113066601954503e-02 5.521595448894372385e+04
1.151395323963562076e-02 0.000000000000000000e+00
1.264855132798976302e-02 4.948362540209230792e+04
1.389495400641860279e-02 7.154320780920427933e+04
1.526417862678452857e-02 4.482988643214056356e+04
1.676832820337198493e-02 0.000000000000000000e+00
1.842069839530119726e-02 5.828582351234505768e+04
2.023589503111089191e-02 6.756702887118436047e+04
2.222996321434766651e-02 4.650149106106783438e+04
2.442052915136719640e-02 4.521276582778584998e+04
2.682695595500901239e-02 5.574555803958894103e+04
2.947051480134291537e-02 7.433868128257128410e+04
3.237457295239669353e-02 5.797762282869800401e+04
3.556480030685772731e-02 5.308793322976045602e+04
3.906939630451649464e-02 5.976033049028961250e+04
4.291933919013282694e-02 5.691214499240634905e+04
4.714865984004791566e-02 5.142915328371003852e+04
5.179474257198286163e-02 4.761775971323648992e+04
5.689865559697841746e-02 4.817857227555457939e+04
6.250551403444545850e-02 4.700184112303437723e+04
6.866487869913283359e-02 4.484000954048347921e+04
7.543119418501802176e-02 4.422257582419167738e+04
8.286427011848424007e-02 4.084243647610834159e+04
9.102980983473445142e-02 3.649940758495982300e+04
9.999999115058272325e-02 3.299240359526057728e+04
1.098541043672585787e-01 3.002919894106413267e+04
1.206792531427361148e-01 2.902951568424575089e+04
1.325711244288214907e-01 2.690456838243141101e+04
1.456348342787200378e-01 2.482441229928959001e+04
1.599858570014452974e-01 2.220219621978732539e+04
1.757510458761641914e-01 2.022264942639170113e+04
1.930697544488981787e-01 1.885142573242014987e+04
2.120950683230800604e-01 1.741162660700763081e+04
2.329951583321586417e-01 1.578582522017017254e+04
2.559547670553742882e-01 1.477594711913897481e+04
2.811768418164965477e-01 1.365978877037305574e+04
3.088843286001189403e-01 1.285296103748473979e+04
3.393221427425128778e-01 1.197618776054547561e+04
3.727593338166072523e-01 1.121987661299826505e+04
4.094914638472018087e-01 1.059181634095399568e+04
4.498432198782237879e-01 1.005014953215105925e+04
4.941712839853393824e-01 9.499901129159537959e+03
5.428674861028858212e-01 9.075865026523384586e+03
5.963622675339625978e-01 8.676585519460797514e+03
6.551284857587630350e-01 8.293615333301066130e+03
7.196855941730535555e-01 7.933760075064801640e+03
7.906042337028588163e-01 7.593372056109887126e+03
8.685112768820903995e-01 7.265606886569366907e+03
9.540953689793428838e-01 6.962074526225047521e+03
1.048113015153642191e+00 0.000000000000000000e+00
