1.048113066601954503e-02 9.840152642292029923e+05
1.151395323963562076e-02 0.000000000000000000e+00
1.264855132798976302e-02 6.572448320788592100e+05
1.389495400641860279e-02 4.612608220399484853e+05
1.526417862678452857e-02 6.031451824852125719e+05
1.676832820337198493e-02 0.000000000000000000e+00
1.842069839530119726e-02 3.706218585230348399e+05
2.023589503111089191e-02 3.092327950016584364e+05
2.222996321434766651e-02 2.229199929420564440e+05
2.442052915136719640e-02 1.664611743495776318e+05
2.682695595500901239e-02 1.813566026614298462e+05
2.947051480134291537e-02 2.024374785197881865e+05
3.237457295239669353e-02 1.345004464012190292e+05
3.556480030685772731e-02 1.004632766187444504e+05
3.906939630451649464e-02 1.007333980622939998e+05
4.291933919013282694e-02 9.803136672527434712e+04
4.714865984004791566e-02 9.371522046523961762e+04
5.179474257198286163e-02 1.012584991765670711e+05
5.689865559697841746e-02 8.827291233797551831e+04
6.250551403444545850e-02 7.287751915538262983e+04
6.866487869913283359e-02 5.066680502918904676e+04
7.543119418501802176e-02 3.986638060042764118e+04
8.286427011848424007e-02 3.591550812986955862e+04
9.102980983473445142e-02 3.476464857354148990e+04
9.999999115058272325e-02 3.262528111374408763e+04
1.098541043672585787e-01 2.866339324287528143e+04
1.206792531427361148e-01 2.249093234620533985e+04
1.325711244288214907e-01 1.968886052575792564e+04
1.456348342787200378e-01 1.824583946595056841e+04
1.599858570014452974e-01 1.620784261905595122e+04
1.757510458761641914e-01 1.396446071139554624e+04
1.930697544488981787e-01 1.236456025212835266e+04
2.120950683230800604e-01 1.107731534255446059e+04
2.329951583321586417e-01 1.002863599222548146e+04
2.559547670553742882e-01 9.017233271404536936e+03
2.811768418164965477e-01 8.079937615321119665e+03
3.088843286001189403e-01 7.271907775738303826e+03
3.393221427425128778e-01 6.661107456260502659e+03
3.727593338166072523e-01 6.059056370273783614e+03
4.094914638472018087e-01 5.585925231696899573e+03
4.498432198782237879e-01 5.160122359007015802e+03
4.941712839853393824e-01 4.735757845773400732e+03
5.428674861028858212e-01 4.371389162970916914e+03
5.963622675339625978e-01 4.064499206103033430e+03
6.551284857587630350e-01 3.782260631753681082e+03
7.196855941730535555e-01 3.506941049500125700e+03
7.906042337028588163e-01 3.260138571083241914e+03
8.685112768820903995e-01 3.029454751748947729e+03
9.540953689793428838e-01 2.813259479568405823e+03
1.048113015153642191e+00 0.000000000000000000e+00
