1.048113066601954503e-02 2.951765823372476152e+05
1.151395323963562076e-02 0.000000000000000000e+00
1.264855132798976302e-02 1.712818830706122681e+05
1.389495400641860279e-02 3.153848194957066444e+05
1.526417862678452857e-02 2.229677372244932340e+05
1.676832820337198493e-02 0.000000000000000000e+00
1.842069839530119726e-02 2.094541245911824226e+05
2.023589503111089191e-02 2.471682130342815944e+05
2.222996321434766651e-02 2.140835487420409045e+05
2.442052915136719640e-02 2.406783136047872540e+05
2.682695595500901239e-02 1.519667119362717494e+05
2.947051480134291537e-02 1.461353411315577978e+05
3.237457295239669353e-02 1.088009342609887390e+05
3.556480030685772731e-02 7.338811706789142045e+04
3.906939630451649464e-02 6.412356769169936160e+04
4.291933919013282694e-02 5.399330053938307537e+04
4.714865984004791566e-02 4.638643547228446550e+04
5.179474257198286163e-02 5.294162821750102739e+04
5.689865559697841746e-02 4.719126219682231022e+04
6.250551403444545850e-02 4.145686555222915194e+04
6.866487869913283359e-02 3.700190123816174309e+04
7.543119418501802176e-02 3.049049113731037141e+04
8.286427011848424007e-02 2.399085457528246479e+04
9.102980983473445142e-02 1.844467333671602319e+04
9.999999115058272325e-02 1.653876271373453346e+04
1.098541043672585787e-01 1.507635402162314858e+04
1.206792531427361148e-01 1.366387642023789704e+04
1.325711244288214907e-01 1.127016504865259412e+04
1.456348342787200378e-01 9.391619553774638916e+03
1.599858570014452974e-01 7.971989752008175856e+03
1.757510458761641914e-01 7.079925834205946558e+03
1.930697544488981787e-01 6.180024251396514046e+03
2.120950683230800604e-01 5.279642295201596426e+03
2.329951583321586417e-01 4.620454703797353432e+03
2.559547670553742882e-01 4.061042976708367860e+03
2.811768418164965477e-01 3.562261948877167470e+03
3.088843286001189403e-01 3.120743925625940847e+03
3.393221427425128778e-01 2.773814067335641084e+03
3.727593338166072523e-01 2.460210044126919001e+03
4.094914638472018087e-01 2.194442476257287126e+03
4.498432198782237879e-01 1.961897452859624536e+03
4.941712839853393824e-01 1.770263885689949802e+03
5.428674861028858212e-01 1.600241474603810957e+03
5.963622675339625978e-01 1.449636912551197838e+03
6.551284857587630350e-01 1.315381746194766038e+03
7.196855941730535555e-01 1.201295717179507847e+03
7.906042337028588163e-01 1.100982589479898706e+03
8.685112768820903995e-01 1.011823509695545908e+03
9.540953689793428838e-01 9.281828416635678423e+02
1.048113015153642191e+00 0.000000000000000000e+00
