1.048113066601954503e-02 6.129049619901082478e+05
1.151395323963562076e-02 0.000000000000000000e+00
1.264855132798976302e-02 2.023088734191106632e+05
1.389495400641860279e-02 3.447614122543653939e+05
1.526417862678452857e-02 5.207107724520840566e+05
1.676832820337198493e-02 0.000000000000000000e+00
1.842069839530119726e-02 5.033437434235652327e+05
2.023589503111089191e-02 3.824292910205434891e+05
2.222996321434766651e-02 2.166043917836682522e+05
2.442052915136719640e-02 2.572303253582168254e+05
2.682695595500901239e-02 2.361800790021688445e+05
2.947051480134291537e-02 2.196041736982662114e+05
3.237457295239669353e-02 1.458331570554788050e+05
3.556480030685772731e-02 1.323874690831339685e+05
3.906939630451649464e-02 1.259140034301506530e+05
4.291933919013282694e-02 9.447880851435844670e+04
4.714865984004791566e-02 8.255059110609245545e+04
5.179474257198286163e-02 7.824894473298595403e+04
5.689865559697841746e-02 7.869028159391421650e+04
6.250551403444545850e-02 8.266615141242134268e+04
6.866487869913283359e-02 6.867958983223966789e+04
7.543119418501802176e-02 5.796879488298343495e+04
8.286427011848424007e-02 4.805510958439722890e+04
9.102980983473445142e-02 3.924831720517670328e+04
9.999999115058272325e-02 3.332251473687898397e+04
1.098541043672585787e-01 3.000509271851081940e+04
1.206792531427361148e-01 2.751957979626356246e+04
1.325711244288214907e-01 2.489694189819099120e+04
1.456348342787200378e-01 2.151875671821506694e+04
1.599858570014452974e-01 1.919257869967259103e+04
1.757510458761641914e-01 1.702354704361610493e+04
1.930697544488981787e-01 1.536474068140480085e+04
2.120950683230800604e-01 1.392520985019830914e+04
2.329951583321586417e-01 1.222165159425334605e+04
2.559547670553742882e-01 1.121376530407398604e+04
2.811768418164965477e-01 1.018397297898587385e+04
3.088843286001189403e-01 9.318918458688956889e+03
3.393221427425128778e-01 8.574389829088600891e+03
3.727593338166072523e-01 7.890713232485771186e+03
4.094914638472018087e-01 7.280902173559026778e+03
4.498432198782237879e-01 6.774468803044937886e+03
4.941712839853393824e-01 6.326999204781513981e+03
5.428674861028858212e-01 5.873029688259703107e+03
5.963622675339625978e-01 5.444941218854643012e+03
6.551284857587630350e-01 5.065765074498111971e+03
7.196855941730535555e-01 4.741909726098898318e+03
7.906042337028588163e-01 4.420855329350186366e+03
8.685112768820903995e-01 4.096133733940121601e+03
9.540953689793428838e-01 3.783960395056818925e+03
1.048113015153642191e+00 0.000000000000000000e+00
