1.048113066601954503e-02 7.116969972681970103e+04
1.151395323963562076e-02 0.000000000000000000e+00
1.264855132798976302e-02 2.970172090889663377e+04
1.389495400641860279e-02 4.273192070416614297e+04
1.526417862678452857e-02 5.141768001892209577e+04
1.676832820337198493e-02 0.000000000000000000e+00
1.842069839530119726e-02 6.671697779214594630e+04
2.023589503111089191e-02 7.229344954393236549e+04
2.222996321434766651e-02 8.095057780250311771e+04
2.442052915136719640e-02 9.650095687306718901e+04
2.682695595500901239e-02 9.143657979471846193e+04
2.947051480134291537e-02 7.948772384861961473e+04
3.237457295239669353e-02 7.621068799276626669e+04
3.556480030685772731e-02 7.270599919460549427e+04
3.906939630451649464e-02 6.763268903856503312e+04
4.291933919013282694e-02 6.563950940278809867e+04
4.714865984004791566e-02 6.000370318731624138e+04
5.179474257198286163e-02 6.094997624806825479e+04
5.689865559697841746e-02 5.930156917113305826e+04
6.250551403444545850e-02 6.234416847275395412e+04
6.866487869913283359e-02 5.343146970897367282e+04
7.543119418501802176e-02 5.002982944092815887e+04
8.286427011848424007e-02 4.571839172560909356e+04
9.102980983473445142e-02 4.217165147232128948e+04
9.999999115058272325e-02 3.815238251054298598e+04
1.098541043672585787e-01 3.516643843128737353e+04
1.206792531427361148e-01 3.125595463364140232e+04
1.325711244288214907e-01 2.905152284821607827e+04
1.456348342787200378e-01 2.737521751617381960e+04
1.599858570014452974e-01 2.481142507987321733e+04
1.757510458761641914e-01 2.216411539067325066e+04
1.930697544488981787e-01 2.062347548635001294e+04
2.120950683230800604e-01 1.902917184814223583e+04
2.329951583321586417e-01 1.735429217432040241e+04
2.559547670553742882e-01 1.598657284172910477e+04
2.811768418164965477e-01 1.492622206055759852e+04
3.088843286001189403e-01 1.373544028187031290e+04
3.393221427425128778e-01 1.287703799906931999e+04
3.727593338166072523e-01 1.204235030141171410e+04
4.094914638472018087e-01 1.137139002865068687e+04
4.498432198782237879e-01 1.071668613547263521e+04
4.941712839853393824e-01 1.012482074195117457e+04
5.428674861028858212e-01 9.627223022816153389e+03
5.963622675339625978e-01 9.157233422390221676e+03
6.551284857587630350e-01 8.745732823728791118e+03
7.196855941730535555e-01 8.328706299047160428e+03
7.906042337028588163e-01 7.938231226254643843e+03
8.685112768820903995e-01 7.559700514698881307e+03
9.540953689793428838e-01 7.185092237711856797e+03
1.048113015153642191e+00 0.000000000000000000e+00
