1.048113066601954503e-02 2.827841394822178700e+04
1.151395323963562076e-02 0.000000000000000000e+00
1.264855132798976302e-02 1.726036793837463119e+04
1.389495400641860279e-02 3.712972291726219555e+04
1.526417862678452857e-02 6.252298343493796710e+04
1.676832820337198493e-02 0.000000000000000000e+00
1.842069839530119726e-02 3.652972392590935488e+04
2.023589503111089191e-02 3.850731993746675289e+04
2.222996321434766651e-02 3.946127418466160452e+04
2.442052915136719640e-02 4.475588083866117086e+04
2.682695595500901239e-02 4.105264432124220184e+04
2.947051480134291537e-02 4.921943536986931576e+04
3.237457295239669353e-02 3.636647431553214119e+04
3.556480030685772731e-02 3.783693652406238834e+04
3.906939630451649464e-02 3.373441911306151451e+04
4.291933919013282694e-02 2.654538739314765189e+04
4.714865984004791566e-02 3.072383743268722537e+04
5.179474257198286163e-02 2.914610234500885053e+04
5.689865559697841746e-02 2.575812081289044363e+04
6.250551403444545850e-02 2.430601720611313067e+04
6.866487869913283359e-02 2.257502935562755738e+04
7.543119418501802176e-02 2.100706629486557722e+04
8.286427011848424007e-02 1.822070958483834329e+04
9.102980983473445142e-02 1.615858271933131800e+04
9.999999115058272325e-02 1.383972941214162347e+04
1.098541043672585787e-01 1.255489110716217692e+04
1.206792531427361148e-01 1.157652612173833404e+04
1.325711244288214907e-01 1.081792758237431190e+04
1.456348342787200378e-01 9.614362143105823634e+03
1.599858570014452974e-01 8.067036204437526976e+03
1.757510458761641914e-01 7.263653575967684446e+03
1.930697544488981787e-01 6.663296607846485131e+03
2.120950683230800604e-01 5.903367055678933866e+03
2.329951583321586417e-01 5.161221967032781322e+03
2.559547670553742882e-01 4.676918797396182526e+03
2.811768418164965477e-01 4.196609173448391630e+03
3.088843286001189403e-01 3.784540399923787845e+03
3.393221427425128778e-01 3.422746605613945576e+03
3.727593338166072523e-01 3.116412107411766556e+03
4.094914638472018087e-01 2.830612101626142703e+03
4.498432198782237879e-01 2.593013473617579166e+03
4.941712839853393824e-01 2.383875634273825199e+03
5.428674861028858212e-01 2.200529142903020329e+03
5.963622675339625978e-01 2.040437248037758309e+03
6.551284857587630350e-01 1.896657999094977185e+03
7.196855941730535555e-01 1.769058912791571402e+03
7.906042337028588163e-01 1.653480322939419693e+03
8.685112768820903995e-01 1.548985666657697266e+03
9.540953689793428838e-01 1.454581742370723077e+03
1.048113015153642191e+00 0.000000000000000000e+00
