1.048113066601954503e-02 7.964376977059675846e+04
1.151395323963562076e-02 0.000000000000000000e+00
1.264855132798976302e-02 1.335147663069081609e+05
1.389495400641860279e-02 5.577988639639727626e+04
1.526417862678452857e-02 4.676678378603624878e+04
1.676832820337198493e-02 0.000000000000000000e+00
1.842069839530119726e-02 6.936588489618313906e+04
2.023589503111089191e-02 5.455096866205664264e+04
2.222996321434766651e-02 4.096126880690910912e+04
2.442052915136719640e-02 6.014683497276076378e+04
2.682695595500901239e-02 4.027826187082444812e+04
2.947051480134291537e-02 4.721389450393963489e+04
3.237457295239669353e-02 4.486224320055780117e+04
3.556480030685772731e-02 4.194218368886868120e+04
3.906939630451649464e-02 3.576726332143302716e+04
4.291933919013282694e-02 3.978986223276842065e+04
4.714865984004791566e-02 3.600962716938996164e+04
5.179474257198286163e-02 3.476186054414927639e+04
5.689865559697841746e-02 3.028066090998734580e+04
6.250551403444545850e-02 2.600295669068100688e+04
6.866487869913283359e-02 2.743120654677183120e+04
7.543119418501802176e-02 2.590458748456570902e+04
8.286427011848424007e-02 2.165743666048681916e+04
9.102980983473445142e-02 1.986096816087439220e+04
9.999999115058272325e-02 1.771635555761635987e+04
1.098541043672585787e-01 1.558441962959684133e+04
1.206792531427361148e-01 1.378673769358074060e+04
1.325711244288214907e-01 1.250740175032692059e+04
1.456348342787200378e-01 1.124798458832203869e+04
1.599858570014452974e-01 9.764595036675456868e+03
1.757510458761641914e-01 8.902916927697959181e+03
1.930697544488981787e-01 7.936307176467640602e+03
2.120950683230800604e-01 7.223760294776512637e+03
2.329951583321586417e-01 6.387893446370681886e+03
2.559547670553742882e-01 5.781264236787203117e+03
2.811768418164965477e-01 5.267074929773066287e+03
3.088843286001189403e-01 4.774281291553370465e+03
3.393221427425128778e-01 4.348478030592419600e+03
3.727593338166072523e-01 3.951205016240443911e+03
4.094914638472018087e-01 3.662108489857947461e+03
4.498432198782237879e-01 3.354838417380435203e+03
4.941712839853393824e-01 3.109755379070590607e+03
5.428674861028858212e-01 2.895351879551123147e+03
5.963622675339625978e-01 2.697185422281673709e+03
6.551284857587630350e-01 2.516972246424616060e+03
7.196855941730535555e-01 2.355628783993417528e+03
7.906042337028588163e-01 2.207291649593418697e+03
8.685112768820903995e-01 2.069791825191809949e+03
9.540953689793428838e-01 1.940934623963103604e+03
1.048113015153642191e+00 0.000000000000000000e+00
