1.048113066601954503e-02 1.626944762745210435e+06
1.151395323963562076e-02 0.000000000000000000e+00
1.264855132798976302e-02 1.951388453183281003e+06
1.389495400641860279e-02 1.639052961784144398e+06
1.526417862678452857e-02 8.974375603446899913e+05
1.676832820337198493e-02 0.000000000000000000e+00
1.842069839530119726e-02 1.043310827714194544e+06
2.023589503111089191e-02 1.170541561455404852e+06
2.222996321434766651e-02 9.285724293600758538e+05
2.442052915136719640e-02 5.151150877409779932e+05
2.682695595500901239e-02 6.308965660301083699e+05
2.947051480134291537e-02 5.715057554717606399e+05
3.237457295239669353e-02 3.703079728708990151e+05
3.556480030685772731e-02 3.404479799245563918e+05
3.906939630451649464e-02 2.229351648362016131e+05
4.291933919013282694e-02 2.411906842673936044e+05
4.714865984004791566e-02 1.983275317578093964e+05
5.179474257198286163e-02 1.940465180812238541e+05
5.689865559697841746e-02 2.017240609264136292e+05
6.250551403444545850e-02 1.840488598350700922e+05
6.866487869913283359e-02 1.693127343719110650e+05
7.543119418501802176e-02 1.398389241096277838e+05
8.286427011848424007e-02 1.141454752877618303e+05
9.102980983473445142e-02 9.184027256948873401e+04
9.999999115058272325e-02 7.864315594327852887e+04
1.098541043672585787e-01 7.732483044620692090e+04
1.206792531427361148e-01 6.864432634124174365e+04
1.325711244288214907e-01 5.975390189142638701e+04
1.456348342787200378e-01 5.315787671040890564e+04
1.599858570014452974e-01 4.810752934827488207e+04
1.757510458761641914e-01 4.354098509876494063e+04
1.930697544488981787e-01 3.877549928056021599e+04
2.120950683230800604e-01 3.548960442969304859e+04
2.329951583321586417e-01 3.213324600055370684e+04
2.559547670553742882e-01 2.930851721852840274e+04
2.811768418164965477e-01 2.717179071075372485e+04
3.088843286001189403e-01 2.504142518559480231e+04
3.393221427425128778e-01 2.319842223736169399e+04
3.727593338166072523e-01 2.150797591028269380e+04
4.094914638472018087e-01 1.987037993090529926e+04
4.498432198782237879e-01 1.865653139108241157e+04
4.941712839853393824e-01 1.732813713930110680e+04
5.428674861028858212e-01 1.623723203304760682e+04
5.963622675339625978e-01 1.513235153565484143e+04
6.551284857587630350e-01 1.409225344922645127e+04
7.196855941730535555e-01 1.311964016103931317e+04
7.906042337028588163e-01 1.209787132426159224e+04
8.685112768820903995e-01 1.115891765972644316e+04
9.540953689793428838e-01 1.025467152013268969e+04
1.048113015153642191e+00 0.000000000000000000e+00
