1.048113066601954503e-02 7.952022621218212589e+04
1.151395323963562076e-02 0.000000000000000000e+00
1.264855132798976302e-02 7.916762317740271101e+04
1.389495400641860279e-02 2.135519068916044198e+05
1.526417862678452857e-02 1.586363967077706475e+05
1.676832820337198493e-02 0.000000000000000000e+00
1.842069839530119726e-02 6.583194309247205092e+04
2.023589503111089191e-02 1.297803376925339689e+05
2.222996321434766651e-02 1.145431923130658979e+05
2.442052915136719640e-02 1.260086100593281299e+05
2.682695595500901239e-02 1.344174707711435040e+05
2.947051480134291537e-02 1.386030655241941568e+05
3.237457295239669353e-02 1.113437347267427103e+05
3.556480030685772731e-02 1.361066308452670928e+05
3.906939630451649464e-02 1.104955495662135654e+05
4.291933919013282694e-02 9.248739311198674841e+04
4.714865984004791566e-02 8.910137929475624696e+04
5.179474257198286163e-02 9.384943890542365261e+04
5.689865559697841746e-02 8.165186722592265869e+04
6.250551403444545850e-02 8.087836741153581534e+04
6.866487869913283359e-02 7.280838715880538803e+04
7.543119418501802176e-02 6.991785981191803876e+04
8.286427011848424007e-02 6.492912909043829859e+04
9.102980983473445142e-02 5.900635558084357763e+04
9.999999115058272325e-02 5.252384230435911741e+04
1.098541043672585787e-01 4.476295343134498398e+04
1.206792531427361148e-01 4.210337106698513526e+04
1.325711244288214907e-01 3.960883416752708581e+04
1.456348342787200378e-01 3.618766675165367633e+04
1.599858570014452974e-01 3.208226091630558221e+04
1.757510458761641914e-01 2.926247308007956599e+04
1.930697544488981787e-01 2.668063258871070866e+04
2.120950683230800604e-01 2.505363596520473948e+04
2.329951583321586417e-01 2.292287957302397990e+04
2.559547670553742882e-01 2.132536451612687233e+04
2.811768418164965477e-01 1.963896978755797318e+04
3.088843286001189403e-01 1.833988612690599257e+04
3.393221427425128778e-01 1.714510718183020799e+04
3.727593338166072523e-01 1.610377562969444625e+04
4.094914638472018087e-01 1.523588016337512818e+04
4.498432198782237879e-01 1.440658573130407240e+04
4.941712839853393824e-01 1.368541130183731366e+04
5.428674861028858212e-01 1.297616984387563207e+04
5.963622675339625978e-01 1.234384681228078625e+04
6.551284857587630350e-01 1.173239878350274921e+04
7.196855941730535555e-01 1.116906778755434789e+04
7.906042337028588163e-01 1.061663383821434763e+04
8.685112768820903995e-01 1.010443740529545721e+04
9.540953689793428838e-01 9.586177610095430282e+03
1.048113015153642191e+00 0.000000000000000000e+00
