1.048113066601954503e-02 1.051318071031989239e+05
1.151395323963562076e-02 0.000000000000000000e+00
1.264855132798976302e-02 6.840601789415985695e+04
1.389495400641860279e-02 1.468152730691566248e+05
1.526417862678452857e-02 1.466863613548912981e+05
1.676832820337198493e-02 0.000000000000000000e+00
1.842069839530119726e-02 1.783511227219865250e+05
2.023589503111089191e-02 1.605885645868198480e+05
2.222996321434766651e-02 1.124460960018644982e+05
2.442052915136719640e-02 1.138840891112344543e+05
2.682695595500901239e-02 7.895735325687100703e+04
2.947051480134291537e-02 5.898378459526975348e+04
3.237457295239669353e-02 5.540179086071752681e+04
3.556480030685772731e-02 5.979102874814828101e+04
3.906939630451649464e-02 5.037081081961451855e+04
4.291933919013282694e-02 4.600478379434077215e+04
4.714865984004791566e-02 4.567667537801603612e+04
5.179474257198286163e-02 4.445986356677214644e+04
5.689865559697841746e-02 4.079770284196417197e+04
6.250551403444545850e-02 3.628463824081821804e+04
6.866487869913283359e-02 2.783661146000438021e+04
7.543119418501802176e-02 2.017204403457460285e+04
8.286427011848424007e-02 1.691002186557984896e+04
9.102980983473445142e-02 1.617659737787792619e+04
9.999999115058272325e-02 1.659943162346298413e+04
1.098541043672585787e-01 1.443906208866958332e+04
1.206792531427361148e-01 1.097404558907153842e+04
1.325711244288214907e-01 9.533412952824057356e+03
1.456348342787200378e-01 8.866514381569784746e+03
1.599858570014452974e-01 7.863002552338681198e+03
1.757510458761641914e-01 6.759703068703382996e+03
1.930697544488981787e-01 5.920995342628250000e+03
2.120950683230800604e-01 5.253678394027720060e+03
2.329951583321586417e-01 4.536540192900783950e+03
2.559547670553742882e-01 4.118416911699423508e+03
2.811768418164965477e-01 3.623155629078330094e+03
3.088843286001189403e-01 3.233764920768328011e+03
3.393221427425128778e-01 2.917171702092610758e+03
3.727593338166072523e-01 2.624355534039687427e+03
4.094914638472018087e-01 2.371888807090424962e+03
4.498432198782237879e-01 2.164475592819201665e+03
4.941712839853393824e-01 1.971722949846764323e+03
5.428674861028858212e-01 1.813548713194750235e+03
5.963622675339625978e-01 1.667212072208623113e+03
6.551284857587630350e-01 1.539770570589483441e+03
7.196855941730535555e-01 1.428021047119381137e+03
7.906042337028588163e-01 1.326628879039972389e+03
8.685112768820903995e-01 1.235003716392945535e+03
9.540953689793428838e-01 1.153682041145432095e+03
1.048113015153642191e+00 0.000000000000000000e+00
