1.048113066601954503e-02 1.546828885169703608e+04
1.151395323963562076e-02 0.000000000000000000e+00
1.264855132798976302e-02 2.160463903209066484e+04
1.389495400641860279e-02 3.052844159328295791e+04
1.526417862678452857e-02 3.863717212404659949e+04
1.676832820337198493e-02 0.000000000000000000e+00
1.842069839530119726e-02 2.177725695918357815e+04
2.023589503111089191e-02 3.304544384506579809e+04
2.222996321434766651e-02 4.544206704814115801e+04
2.442052915136719640e-02 2.917890087671927540e+04
2.682695595500901239e-02 2.737530019942327635e+04
2.947051480134291537e-02 2.597756938957005696e+04
3.237457295239669353e-02 2.376755349921340166e+04
3.556480030685772731e-02 2.260129971294204734e+04
3.906939630451649464e-02 2.208175457431796895e+04
4.291933919013282694e-02 1.905406713172269519e+04
4.714865984004791566e-02 1.620973747145046946e+04
5.179474257198286163e-02 1.613911522974829859e+04
5.689865559697841746e-02 1.700587454586055901e+04
6.250551403444545850e-02 1.535292434541760122e+04
6.866487869913283359e-02 1.461326963983703536e+04
7.543119418501802176e-02 1.294151411942287996e+04
8.286427011848424007e-02 1.189815327744547176e+04
9.102980983473445142e-02 9.952683660689974204e+03
9.999999115058272325e-02 8.852450847954240089e+03
1.098541043672585787e-01 7.741442538256202170e+03
1.206792531427361148e-01 6.903679834393384226e+03
1.325711244288214907e-01 6.552664197693137794e+03
1.456348342787200378e-01 5.829685817992702141e+03
1.599858570014452974e-01 4.961773211129468109e+03
1.757510458761641914e-01 4.328339069860810923e+03
1.930697544488981787e-01 3.935178389553873330e+03
2.120950683230800604e-01 3.502867757064330817e+03
2.329951583321586417e-01 3.050843197063972639e+03
2.559547670553742882e-01 2.748293449969313770e+03
2.811768418164965477e-01 2.455897316772070099e+03
3.088843286001189403e-01 2.191683908042492476e+03
3.393221427425128778e-01 1.966225181876285660e+03
3.727593338166072523e-01 1.771043602375429600e+03
4.094914638472018087e-01 1.605982816170846718e+03
4.498432198782237879e-01 1.463578503230242404e+03
4.941712839853393824e-01 1.335999862423751438e+03
5.428674861028858212e-01 1.225110606014080304e+03
5.963622675339625978e-01 1.122569036243698065e+03
6.551284857587630350e-01 1.036820162385848107e+03
7.196855941730535555e-01 9.603934420411935662e+02
7.906042337028588163e-01 8.911576436473367266e+02
8.685112768820903995e-01 8.302268086492499606e+02
9.540953689793428838e-01 7.750870094837530360e+02
1.048113015153642191e+00 0.000000000000000000e+00
