1.048113066601954503e-02 2.019300713939150446e+05
1.151395323963562076e-02 0.000000000000000000e+00
1.264855132798976302e-02 5.645481950988984318e+04
1.389495400641860279e-02 7.561906150553654879e+04
1.526417862678452857e-02 1.233556208469887206e+05
1.676832820337198493e-02 0.000000000000000000e+00
1.842069839530119726e-02 1.163738859919237148e+05
2.023589503111089191e-02 1.384703671061025816e+05
2.222996321434766651e-02 1.186519822438078263e+05
2.442052915136719640e-02 1.442109145740884996e+05
2.682695595500901239e-02 1.170013293379294482e+05
2.947051480134291537e-02 9.805508019806578523e+04
3.237457295239669353e-02 7.792864949323935434e+04
3.556480030685772731e-02 6.987043824699643301e+04
3.906939630451649464e-02 6.796089775974221993e+04
4.291933919013282694e-02 6.186862407729000552e+04
4.714865984004791566e-02 5.994239019286528492e+04
5.179474257198286163e-02 5.922186909951227426e+04
5.689865559697841746e-02 5.281879403559387720e+04
6.250551403444545850e-02 5.122627493814552145e+04
6.866487869913283359e-02 4.739996256179914053e+04
7.543119418501802176e-02 4.080251848084394442e+04
8.286427011848424007e-02 3.613919341434593662e+04
9.102980983473445142e-02 3.325619629058551800e+04
9.999999115058272325e-02 2.874946452279065488e+04
1.098541043672585787e-01 2.489830462607913796e+04
1.206792531427361148e-01 2.448985944825123443e+04
1.325711244288214907e-01 2.090150839309407456e+04
1.456348342787200378e-01 1.852716682921842221e+04
1.599858570014452974e-01 1.621127118141514256e+04
1.757510458761641914e-01 1.466124615300026198e+04
1.930697544488981787e-01 1.332094159287348521e+04
2.120950683230800604e-01 1.191964685796208505e+04
2.329951583321586417e-01 1.060596861816838100e+04
2.559547670553742882e-01 9.626306463901024472e+03
2.811768418164965477e-01 8.777706882618957025e+03
3.088843286001189403e-01 7.950770056830993781e+03
3.393221427425128778e-01 7.237430784334981581e+03
3.727593338166072523e-01 6.653564647102040908e+03
4.094914638472018087e-01 6.112168924586656431e+03
4.498432198782237879e-01 5.658901605291513988e+03
4.941712839853393824e-01 5.253246494328615881e+03
5.428674861028858212e-01 4.886710980426529204e+03
5.963622675339625978e-01 4.565099329911169662e+03
6.551284857587630350e-01 4.279254200350641440e+03
7.196855941730535555e-01 4.009569918740380672e+03
7.906042337028588163e-01 3.773962493021377213e+03
8.685112768820903995e-01 3.548863083509414992e+03
9.540953689793428838e-01 3.341323952924077275e+03
1.048113015153642191e+00 0.000000000000000000e+00
