1.048113066601954503e-02 7.588765337306243600e+04
1.151395323963562076e-02 0.000000000000000000e+00
1.264855132798976302e-02 1.085674006881423411e+05
1.389495400641860279e-02 1.771151904222766461e+05
1.526417862678452857e-02 1.316104417028415774e+05
1.676832820337198493e-02 0.000000000000000000e+00
1.842069839530119726e-02 1.966064864946800808e+05
2.023589503111089191e-02 1.984177495083943068e+05
2.222996321434766651e-02 1.515466896820479888e+05
2.442052915136719640e-02 1.651933095812387764e+05
2.682695595500901239e-02 1.020739320769510960e+05
2.947051480134291537e-02 1.305420720745113649e+05
3.237457295239669353e-02 1.091340715749205847e+05
3.556480030685772731e-02 9.237031962506956188e+04
3.906939630451649464e-02 8.156979982233766350e+04
4.291933919013282694e-02 8.194951742367848055e+04
4.714865984004791566e-02 7.868941739689678070e+04
5.179474257198286163e-02 7.249656473025782907e+04
5.689865559697841746e-02 6.693269233762822114e+04
6.250551403444545850e-02 6.040200796102394816e+04
6.866487869913283359e-02 5.585955570022744359e+04
7.543119418501802176e-02 5.355706905112032109e+04
8.286427011848424007e-02 4.640080914462341752e+04
9.102980983473445142e-02 3.880084962184615870e+04
9.999999115058272325e-02 3.384381170618255419e+04
1.098541043672585787e-01 3.150786658920843911e+04
1.206792531427361148e-01 2.994060924772219732e+04
1.325711244288214907e-01 2.639842744127017068e+04
1.456348342787200378e-01 2.308440216545575095e+04
1.599858570014452974e-01 2.103508794711167866e+04
1.757510458761641914e-01 1.912127719328142848e+04
1.930697544488981787e-01 1.728689548448018832e+04
2.120950683230800604e-01 1.582814332185147578e+04
2.329951583321586417e-01 1.427613197586222668e+04
2.559547670553742882e-01 1.313744038268249642e+04
2.811768418164965477e-01 1.203941940394871926e+04
3.088843286001189403e-01 1.117667857422013913e+04
3.393221427425128778e-01 1.046721669053540973e+04
3.727593338166072523e-01 9.777003753684315598e+03
4.094914638472018087e-01 9.131946441547983341e+03
4.498432198782237879e-01 8.573970987155284092e+03
4.941712839853393824e-01 8.031285945423293015e+03
5.428674861028858212e-01 7.593983702891402572e+03
5.963622675339625978e-01 7.175898905399990326e+03
6.551284857587630350e-01 6.791297890881720377e+03
7.196855941730535555e-01 6.427219690366197028e+03
7.906042337028588163e-01 6.076554163567588148e+03
8.685112768820903995e-01 5.730547863860829239e+03
9.540953689793428838e-01 5.406661394559227119e+03
1.048113015153642191e+00 0.000000000000000000e+00
