1.048113066601954503e-02 1.464089971035192502e+04
1.151395323963562076e-02 0.000000000000000000e+00
1.264855132798976302e-02 3.781108256248425278e+03
1.389495400641860279e-02 1.786797880254892152e+04
1.526417862678452857e-02 1.664585060924906429e+04
1.676832820337198493e-02 0.000000000000000000e+00
1.842069839530119726e-02 1.240716886610620168e+04
2.023589503111089191e-02 1.107496118248706989e+04
2.222996321434766651e-02 2.392845667985365799e+04
2.442052915136719640e-02 2.448773154492034155e+04
2.682695595500901239e-02 1.867962545553279779e+04
2.947051480134291537e-02 2.003607066236626997e+04
3.237457295239669353e-02 1.459563214822041482e+04
3.556480030685772731e-02 2.040983181266478641e+04
3.906939630451649464e-02 2.000177914930027328e+04
4.291933919013282694e-02 1.808025570709751628e+04
4.714865984004791566e-02 1.950915672054876995e+04
5.179474257198286163e-02 1.793567111270623354e+04
5.689865559697841746e-02 1.690992105262900077e+04
6.250551403444545850e-02 1.642293843126643333e+04
6.866487869913283359e-02 1.609103571697492953e+04
7.543119418501802176e-02 1.639094602862770626e+04
8.286427011848424007e-02 1.533583627416284617e+04
9.102980983473445142e-02 1.390362920372639746e+04
9.999999115058272325e-02 1.238601556180253283e+04
1.098541043672585787e-01 1.194938978330755344e+04
1.206792531427361148e-01 1.078996542605911964e+04
1.325711244288214907e-01 1.043446305310264506e+04
1.456348342787200378e-01 9.529887459947465686e+03
1.599858570014452974e-01 8.635349425324393451e+03
1.757510458761641914e-01 7.812212297284540000e+03
1.930697544488981787e-01 7.365164303773879510e+03
2.120950683230800604e-01 6.727832418256681194e+03
2.329951583321586417e-01 6.107316875137543320e+03
2.559547670553742882e-01 5.681616469078345290e+03
2.811768418164965477e-01 5.209111457695117679e+03
3.088843286001189403e-01 4.832665594003486149e+03
3.393221427425128778e-01 4.501005034958804572e+03
3.727593338166072523e-01 4.193581835743624652e+03
4.094914638472018087e-01 3.906353600217447365e+03
4.498432198782237879e-01 3.685772666142428989e+03
4.941712839853393824e-01 3.477123270348650294e+03
5.428674861028858212e-01 3.279845450784225250e+03
5.963622675339625978e-01 3.108987482391621597e+03
6.551284857587630350e-01 2.958549165523572356e+03
7.196855941730535555e-01 2.811042873155724919e+03
7.906042337028588163e-01 2.687446465728142812e+03
8.685112768820903995e-01 2.561173964325718771e+03
9.540953689793428838e-01 2.444355582277245958e+03
1.048113015153642191e+00 0.000000000000000000e+00
