1.048113066601954503e-02 4.239880454922369245e+04
1.151395323963562076e-02 0.000000000000000000e+00
1.264855132798976302e-02 4.504301014262915123e+04
1.389495400641860279e-02 2.275196210448755301e+04
1.526417862678452857e-02 3.235718862866524432e+04
1.676832820337198493e-02 0.000000000000000000e+00
1.842069839530119726e-02 4.535829792472874396e+04
2.023589503111089191e-02 3.155882156834968919e+04
2.222996321434766651e-02 4.798454196327793034e+04
2.442052915136719640e-02 4.036122872190556518e+04
2.682695595500901239e-02 3.905205696116872423e+04
2.947051480134291537e-02 4.376689899656545458e+04
3.237457295239669353e-02 3.245530200366818099e+04
3.556480030685772731e-02 4.036316729342785402e+04
3.906939630451649464e-02 4.012736103651010490e+04
4.291933919013282694e-02 4.292501887370918121e+04
4.714865984004791566e-02 3.656839313959870196e+04
5.179474257198286163e-02 3.695529811788393999e+04
5.689865559697841746e-02 3.481886818106572900e+04
6.250551403444545850e-02 3.511624031282278156e+04
6.866487869913283359e-02 3.465281397919824667e+04
7.543119418501802176e-02 3.154145996329808258e+04
8.286427011848424007e-02 3.178066137538635303e+04
9.102980983473445142e-02 2.855689546439371043e+04
9.999999115058272325e-02 2.592364652941682289e+04
1.098541043672585787e-01 2.344257945040987397e+04
1.206792531427361148e-01 2.230449209584576965e+04
1.325711244288214907e-01 2.088816379660753591e+04
1.456348342787200378e-01 1.943979839784974683e+04
1.599858570014452974e-01 1.794295037068647798e+04
1.757510458761641914e-01 1.620725124452605269e+04
1.930697544488981787e-01 1.508661913564593851e+04
2.120950683230800604e-01 1.403558414078439637e+04
2.329951583321586417e-01 1.285366024391711653e+04
2.559547670553742882e-01 1.186550013747349294e+04
2.811768418164965477e-01 1.102397284164928533e+04
3.088843286001189403e-01 1.028200514594082233e+04
3.393221427425128778e-01 9.681323914642038289e+03
3.727593338166072523e-01 9.086419692328227029e+03
4.094914638472018087e-01 8.598189915616681901e+03
4.498432198782237879e-01 8.165329903009313966e+03
4.941712839853393824e-01 7.728447443455793291e+03
5.428674861028858212e-01 7.374068799434822722e+03
5.963622675339625978e-01 7.063998415844816009e+03
6.551284857587630350e-01 6.760847988061941578e+03
7.196855941730535555e-01 6.463878762164562431e+03
7.906042337028588163e-01 6.201541110582506917e+03
8.685112768820903995e-01 5.938890430961901075e+03
9.540953689793428838e-01 5.696198665163447004e+03
1.048113015153642191e+00 0.000000000000000000e+00
