1.048113066601954503e-02 1.087221106650327856e+05
1.151395323963562076e-02 0.000000000000000000e+00
1.264855132798976302e-02 8.015418854544979695e+04
1.389495400641860279e-02 7.767516963209793903e+04
1.526417862678452857e-02 6.047542159279225598e+04
1.676832820337198493e-02 0.000000000000000000e+00
1.842069839530119726e-02 8.438660157988857827e+04
2.023589503111089191e-02 6.132431312651874032e+04
2.222996321434766651e-02 6.531324945619369828e+04
2.442052915136719640e-02 6.680419091127239517e+04
2.682695595500901239e-02 6.571506532187384437e+04
2.947051480134291537e-02 5.523570499479639693e+04
3.237457295239669353e-02 7.083074195669218898e+04
3.556480030685772731e-02 6.754146525222859054e+04
3.906939630451649464e-02 5.369792666470984113e+04
4.291933919013282694e-02 5.036625976960126718e+04
4.714865984004791566e-02 5.097709291224280605e+04
5.179474257198286163e-02 4.941561104604523280e+04
5.689865559697841746e-02 4.529908005957702699e+04
6.250551403444545850e-02 4.077788217666811397e+04
6.866487869913283359e-02 3.856743794665001769e+04
7.543119418501802176e-02 3.464967813747984474e+04
8.286427011848424007e-02 3.225921000635094606e+04
9.102980983473445142e-02 3.095889063006858851e+04
9.999999115058272325e-02 2.637882792233732471e+04
1.098541043672585787e-01 2.396526708681067248e+04
1.206792531427361148e-01 2.180105099026186508e+04
1.325711244288214907e-01 1.977964677018642396e+04
1.456348342787200378e-01 1.831759095936505037e+04
1.599858570014452974e-01 1.614363302113971076e+04
1.757510458761641914e-01 1.482355772052787870e+04
1.930697544488981787e-01 1.332786486205740221e+04
2.120950683230800604e-01 1.231630466561145658e+04
2.329951583321586417e-01 1.107100104132524393e+04
2.559547670553742882e-01 1.030076916900560173e+04
2.811768418164965477e-01 9.381935778301834944e+03
3.088843286001189403e-01 8.681314865066546190e+03
3.393221427425128778e-01 8.050885351024364354e+03
3.727593338166072523e-01 7.488374037225608845e+03
4.094914638472018087e-01 6.981107664426466727e+03
4.498432198782237879e-01 6.554825808845899701e+03
4.941712839853393824e-01 6.187245248493931285e+03
5.428674861028858212e-01 5.832815591264789873e+03
5.963622675339625978e-01 5.497025933793698641e+03
6.551284857587630350e-01 5.203577654436685407e+03
7.196855941730535555e-01 4.917123947417354429e+03
7.906042337028588163e-01 4.661879236749862685e+03
8.685112768820903995e-01 4.399971878092084808e+03
9.540953689793428838e-01 4.157077560980055750e+03
1.048113015153642191e+00 0.000000000000000000e+00
