1.048113066601954503e-02 4.014044179596066533e+04
1.151395323963562076e-02 0.000000000000000000e+00
1.264855132798976302e-02 5.731466375830921606e+04
1.389495400641860279e-02 9.346720939062209800e+04
1.526417862678452857e-02 6.968360536639079510e+04
1.676832820337198493e-02 0.000000000000000000e+00
1.842069839530119726e-02 1.036162540717146039e+05
2.023589503111089191e-02 1.045807511157111439e+05
2.222996321434766651e-02 7.971796203369801515e+04
2.442052915136719640e-02 8.698538393658625137e+04
2.682695595500901239e-02 5.382947901171287231e+04
2.947051480134291537e-02 6.880291540926000744e+04
3.237457295239669353e-02 5.737504265593716991e+04
3.556480030685772731e-02 4.847639065212640708e+04
3.906939630451649464e-02 4.291419915906685492e+04
4.291933919013282694e-02 4.299732836761706858e+04
4.714865984004791566e-02 4.131248430350815033e+04
5.179474257198286163e-02 3.791945992281651706e+04
5.689865559697841746e-02 3.497607372214734642e+04
6.250551403444545850e-02 3.149103196985092654e+04
6.866487869913283359e-02 2.903842079847356945e+04
7.543119418501802176e-02 2.777995619037296638e+04
8.286427011848424007e-02 2.395740619568629336e+04
9.102980983473445142e-02 1.996952324876163766e+04
9.999999115058272325e-02 1.733588250462447104e+04
1.098541043672585787e-01 1.609156594215463520e+04
1.206792531427361148e-01 1.520697953736980708e+04
1.325711244288214907e-01 1.332354566612023700e+04
1.456348342787200378e-01 1.158352131147585533e+04
1.599858570014452974e-01 1.047898187054591290e+04
1.757510458761641914e-01 9.473264100736125329e+03
1.930697544488981787e-01 8.502933741421275045e+03
2.120950683230800604e-01 7.719819154938410065e+03
2.329951583321586417e-01 6.915989358108859960e+03
2.559547670553742882e-01 6.315873074333858312e+03
2.811768418164965477e-01 5.741760298176518518e+03
3.088843286001189403e-01 5.288257561946600617e+03
3.393221427425128778e-01 4.911502799912211231e+03
3.727593338166072523e-01 4.551422713139680127e+03
4.094914638472018087e-01 4.215968648429409768e+03
4.498432198782237879e-01 3.927248252062906431e+03
4.941712839853393824e-01 3.649457898753313202e+03
5.428674861028858212e-01 3.423060367254554876e+03
5.963622675339625978e-01 3.208682321258939737e+03
6.551284857587630350e-01 3.012051261938496737e+03
7.196855941730535555e-01 2.827550740553614560e+03
7.906042337028588163e-01 2.651802069487437620e+03
8.685112768820903995e-01 2.479902470135920339e+03
9.540953689793428838e-01 2.320012667136220443e+03
1.048113015153642191e+00 0.000000000000000000e+00
