1.048113066601954503e-02 7.230146346651614294e+04
1.151395323963562076e-02 0.000000000000000000e+00
1.264855132798976302e-02 6.586799124014344125e+04
1.389495400641860279e-02 6.896143042496479757e+04
1.526417862678452857e-02 1.345527238963490236e+05
1.676832820337198493e-02 0.000000000000000000e+00
1.842069839530119726e-02 8.957174837257229956e+04
2.023589503111089191e-02 7.917671176412585191e+04
2.222996321434766651e-02 1.017051413198248047e+05
2.442052915136719640e-02 1.387452263140408322e+05
2.682695595500901239e-02 9.259912156977015547e+04
2.947051480134291537e-02 7.939554458365548635e+04
3.237457295239669353e-02 6.279610342412371392e+04
3.556480030685772731e-02 6.265962918202048604e+04
3.906939630451649464e-02 6.423067248970171204e+04
4.291933919013282694e-02 6.470640340206475958e+04
4.714865984004791566e-02 5.240247653033693496e+04
5.179474257198286163e-02 4.787836164914802066e+04
5.689865559697841746e-02 4.296361455138063320e+04
6.250551403444545850e-02 4.332675433086244448e+04
6.866487869913283359e-02 3.738745126944231015e+04
7.543119418501802176e-02 3.726244964700352284e+04
8.286427011848424007e-02 3.084551148891744015e+04
9.102980983473445142e-02 2.685124882507426810e+04
9.999999115058272325e-02 2.386537144719177377e+04
1.098541043672585787e-01 2.102633315554909495e+04
1.206792531427361148e-01 1.918468070315696968e+04
1.325711244288214907e-01 1.708869164610999724e+04
1.456348342787200378e-01 1.536770294046236450e+04
1.599858570014452974e-01 1.389966959245814905e+04
1.757510458761641914e-01 1.243897164823648200e+04
1.930697544488981787e-01 1.130174020996674517e+04
2.120950683230800604e-01 1.022102854061316975e+04
2.329951583321586417e-01 9.146804628477771985e+03
2.559547670553742882e-01 8.502454088868596955e+03
2.811768418164965477e-01 7.701336079600988342e+03
3.088843286001189403e-01 7.082351134891419861e+03
3.393221427425128778e-01 6.581661112285966738e+03
3.727593338166072523e-01 6.065344091822318660e+03
4.094914638472018087e-01 5.660315092074004497e+03
4.498432198782237879e-01 5.318665020998043474e+03
4.941712839853393824e-01 4.964087827974617539e+03
5.428674861028858212e-01 4.653259050595418557e+03
5.963622675339625978e-01 4.373382762612260194e+03
6.551284857587630350e-01 4.091050442734205262e+03
7.196855941730535555e-01 3.844053125548496610e+03
7.906042337028588163e-01 3.608208192931792837e+03
8.685112768820903995e-01 3.361369011729514568e+03
9.540953689793428838e-01 3.138141039668039411e+03
1.048113015153642191e+00 0.000000000000000000e+00
