1.048113066601954503e-02 3.358401059554475069e+04
1.151395323963562076e-02 0.000000000000000000e+00
1.264855132798976302e-02 1.067490671024044968e+04
1.389495400641860279e-02 1.952296772026280814e+04
1.526417862678452857e-02 2.027467226177867997e+04
1.676832820337198493e-02 0.000000000000000000e+00
1.842069839530119726e-02 1.274974196507484885e+04
2.023589503111089191e-02 1.758397197890682583e+04
2.222996321434766651e-02 1.721801613733016711e+04
2.442052915136719640e-02 2.505382620822136232e+04
2.682695595500901239e-02 1.814211151074535883e+04
2.947051480134291537e-02 2.207834577323621488e+04
3.237457295239669353e-02 2.210700856024074892e+04
3.556480030685772731e-02 2.186950781663582165e+04
3.906939630451649464e-02 1.950306029765869607e+04
4.291933919013282694e-02 1.710491669393303164e+04
4.714865984004791566e-02 1.755330701381881227e+04
5.179474257198286163e-02 1.559645979633916431e+04
5.689865559697841746e-02 1.526179126126704068e+04
6.250551403444545850e-02 1.432194859064280536e+04
6.866487869913283359e-02 1.463497886896453201e+04
7.543119418501802176e-02 1.256466490372006774e+04
8.286427011848424007e-02 1.307332094805958513e+04
9.102980983473445142e-02 1.175810792461999517e+04
9.999999115058272325e-02 1.053427558128824421e+04
1.098541043672585787e-01 8.603624084612894876e+03
1.206792531427361148e-01 8.083818439869862232e+03
1.325711244288214907e-01 7.442951306380130518e+03
1.456348342787200378e-01 6.980791033534001144e+03
1.599858570014452974e-01 6.158419454470445999e+03
1.757510458761641914e-01 5.466322928095654788e+03
1.930697544488981787e-01 4.918320643421666318e+03
2.120950683230800604e-01 4.494634219840998412e+03
2.329951583321586417e-01 4.034775863903249501e+03
2.559547670553742882e-01 3.634478685556435266e+03
2.811768418164965477e-01 3.284843221084433935e+03
3.088843286001189403e-01 2.981749325015396153e+03
3.393221427425128778e-01 2.708963741699765706e+03
3.727593338166072523e-01 2.457363725010093731e+03
4.094914638472018087e-01 2.260061176664450613e+03
4.498432198782237879e-01 2.083298014381849498e+03
4.941712839853393824e-01 1.919976357189417740e+03
5.428674861028858212e-01 1.777009995941592024e+03
5.963622675339625978e-01 1.663077154227607934e+03
6.551284857587630350e-01 1.548497155855395022e+03
7.196855941730535555e-01 1.449375465171294763e+03
7.906042337028588163e-01 1.356511759001329665e+03
8.685112768820903995e-01 1.281913750588525090e+03
9.540953689793428838e-01 1.206095972411329967e+03
1.048113015153642191e+00 0.000000000000000000e+00
