1.048113066601954503e-02 2.586292962033579897e+04
1.151395323963562076e-02 0.000000000000000000e+00
1.264855132798976302e-02 5.747574774832882395e+04
1.389495400641860279e-02 2.453437264425207104e+04
1.526417862678452857e-02 3.291762220813471504e+04
1.676832820337198493e-02 0.000000000000000000e+00
1.842069839530119726e-02 2.583047989096216043e+04
2.023589503111089191e-02 3.473641141439959029e+04
2.222996321434766651e-02 3.130593673811650660e+04
2.442052915136719640e-02 4.885437773843284958e+04
2.682695595500901239e-02 4.847475219766242662e+04
2.947051480134291537e-02 4.576083885139126505e+04
3.237457295239669353e-02 3.907948856440612872e+04
3.556480030685772731e-02 4.075470999627379933e+04
3.906939630451649464e-02 3.926157175840580021e+04
4.291933919013282694e-02 3.583768576083930384e+04
4.714865984004791566e-02 3.344789013377884112e+04
5.179474257198286163e-02 3.722750606480729766e+04
5.689865559697841746e-02 3.293835107452745433e+04
6.250551403444545850e-02 3.531503886713775864e+04
6.866487869913283359e-02 3.182289176217599743e+04
7.543119418501802176e-02 3.178407265211713093e+04
8.286427011848424007e-02 2.792741829188301199e+04
9.102980983473445142e-02 2.614390890980866970e+04
9.999999115058272325e-02 2.470978904946677358e+04
1.098541043672585787e-01 2.241744007093517212e+04
1.206792531427361148e-01 2.032568493979311461e+04
1.325711244288214907e-01 1.926686326019147236e+04
1.456348342787200378e-01 1.801854419454895105e+04
1.599858570014452974e-01 1.621815379418977318e+04
1.757510458761641914e-01 1.463488541658415488e+04
1.930697544488981787e-01 1.335003946676803025e+04
2.120950683230800604e-01 1.259406020683168026e+04
2.329951583321586417e-01 1.132309546321608286e+04
2.559547670553742882e-01 1.048757801605809800e+04
2.811768418164965477e-01 9.721961182257862674e+03
3.088843286001189403e-01 8.938381189704128701e+03
3.393221427425128778e-01 8.374175721588122542e+03
3.727593338166072523e-01 7.806145556614030284e+03
4.094914638472018087e-01 7.324709190191915695e+03
4.498432198782237879e-01 6.905133529748631190e+03
4.941712839853393824e-01 6.511648360448711173e+03
5.428674861028858212e-01 6.178932586675857237e+03
5.963622675339625978e-01 5.870158454617519965e+03
6.551284857587630350e-01 5.587105604034299176e+03
7.196855941730535555e-01 5.326324218850824764e+03
7.906042337028588163e-01 5.085659123913101212e+03
8.685112768820903995e-01 4.868114808358897790e+03
9.540953689793428838e-01 4.650629549397823212e+03
1.048113015153642191e+00 0.000000000000000000e+00
