1.048113066601954503e-02 4.353504698102960247e+05
1.151395323963562076e-02 0.000000000000000000e+00
1.264855132798976302e-02 7.821477736008405918e+05
1.389495400641860279e-02 3.660887459448490990e+05
1.526417862678452857e-02 5.906885517988221254e+05
1.676832820337198493e-02 0.000000000000000000e+00
1.842069839530119726e-02 4.509342731934126932e+05
2.023589503111089191e-02 2.822138579388819053e+05
2.222996321434766651e-02 2.444941853562432516e+05
2.442052915136719640e-02 2.859573236052205903e+05
2.682695595500901239e-02 1.614695369899037760e+05
2.947051480134291537e-02 1.300080529287077079e+05
3.237457295239669353e-02 9.999025130449685093e+04
3.556480030685772731e-02 7.885564365652737615e+04
3.906939630451649464e-02 6.757297800311501487e+04
4.291933919013282694e-02 6.021495091946478351e+04
4.714865984004791566e-02 5.730094477856272715e+04
5.179474257198286163e-02 5.522564990062605648e+04
5.689865559697841746e-02 5.966683255612028734e+04
6.250551403444545850e-02 5.246214063146666740e+04
6.866487869913283359e-02 4.611251580377887149e+04
7.543119418501802176e-02 3.482478957205109327e+04
8.286427011848424007e-02 2.448667686190895256e+04
9.102980983473445142e-02 1.998143027745370637e+04
9.999999115058272325e-02 1.954463824122281949e+04
1.098541043672585787e-01 1.942342598737341905e+04
1.206792531427361148e-01 1.613198150073119177e+04
1.325711244288214907e-01 1.266328002646146342e+04
1.456348342787200378e-01 1.105647397066965641e+04
1.599858570014452974e-01 1.001525164629799110e+04
1.757510458761641914e-01 8.598470740342188947e+03
1.930697544488981787e-01 7.443738907536745501e+03
2.120950683230800604e-01 6.671273710484869298e+03
2.329951583321586417e-01 5.765313005800188876e+03
2.559547670553742882e-01 5.105332727512086421e+03
2.811768418164965477e-01 4.557754007925674159e+03
3.088843286001189403e-01 4.034877019738460149e+03
3.393221427425128778e-01 3.619600616452603390e+03
3.727593338166072523e-01 3.244508355357869732e+03
4.094914638472018087e-01 2.922081417367336144e+03
4.498432198782237879e-01 2.658144905286131689e+03
4.941712839853393824e-01 2.419212115661607641e+03
5.428674861028858212e-01 2.208864287781179883e+03
5.963622675339625978e-01 2.022835834648255968e+03
6.551284857587630350e-01 1.854187243682008102e+03
7.196855941730535555e-01 1.701275199342030419e+03
7.906042337028588163e-01 1.561943707685362369e+03
8.685112768820903995e-01 1.434327720918110117e+03
9.540953689793428838e-01 1.322384933237935456e+03
1.048113015153642191e+00 0.000000000000000000e+00
