1.048113066601954503e-02 1.874937396536005326e+04
1.151395323963562076e-02 0.000000000000000000e+00
1.264855132798976302e-02 4.165889507149449491e+04
1.389495400641860279e-02 1.778428453122451174e+04
1.526417862678452857e-02 2.386525315506619881e+04
1.676832820337198493e-02 0.000000000000000000e+00
1.842069839530119726e-02 1.872679284887869653e+04
2.023589503111089191e-02 2.516947636127744045e+04
2.222996321434766651e-02 2.267801057098850652e+04
2.442052915136719640e-02 3.541977187890736968e+04
2.682695595500901239e-02 3.511749180356202851e+04
2.947051480134291537e-02 3.313235746039787773e+04
3.237457295239669353e-02 2.829121568814666534e+04
3.556480030685772731e-02 2.951201616617104082e+04
3.906939630451649464e-02 2.841659830103648710e+04
4.291933919013282694e-02 2.593820428426018043e+04
4.714865984004791566e-02 2.419327309260866969e+04
5.179474257198286163e-02 2.691087519984546088e+04
5.689865559697841746e-02 2.381010888776365027e+04
6.250551403444545850e-02 2.550656752917680933e+04
6.866487869913283359e-02 2.297342521747852152e+04
7.543119418501802176e-02 2.292189557763978883e+04
8.286427011848424007e-02 2.011947725663169695e+04
9.102980983473445142e-02 1.881791214707904874e+04
9.999999115058272325e-02 1.778101540154809481e+04
1.098541043672585787e-01 1.610303741432582683e+04
1.206792531427361148e-01 1.457063623237576758e+04
1.325711244288214907e-01 1.379459715662005692e+04
1.456348342787200378e-01 1.287486398218563045e+04
1.599858570014452974e-01 1.156358426920132297e+04
1.757510458761641914e-01 1.040861714579259387e+04
1.930697544488981787e-01 9.470641424948962594e+03
2.120950683230800604e-01 8.908844743197720163e+03
2.329951583321586417e-01 7.986547440395475860e+03
2.559547670553742882e-01 7.372249294830900908e+03
2.811768418164965477e-01 6.814137135721419327e+03
3.088843286001189403e-01 6.243405830650177450e+03
3.393221427425128778e-01 5.828705901448727673e+03
3.727593338166072523e-01 5.414110676089633671e+03
4.094914638472018087e-01 5.063394147408662320e+03
4.498432198782237879e-01 4.756348006822290699e+03
4.941712839853393824e-01 4.469301667857293069e+03
5.428674861028858212e-01 4.226109943093866605e+03
5.963622675339625978e-01 4.001246448343042175e+03
6.551284857587630350e-01 3.794825894202462223e+03
7.196855941730535555e-01 3.604780953021976529e+03
7.906042337028588163e-01 3.430050874445608770e+03
8.685112768820903995e-01 3.271722249615174405e+03
9.540953689793428838e-01 3.114319773555508618e+03
1.048113015153642191e+00 0.000000000000000000e+00
