1.048113066601954503e-02 3.558458727141798590e+05
1.151395323963562076e-02 0.000000000000000000e+00
1.264855132798976302e-02 1.134354388881153893e+06
1.389495400641860279e-02 6.458897788389385678e+05
1.526417862678452857e-02 5.101954608696661890e+05
1.676832820337198493e-02 0.000000000000000000e+00
1.842069839530119726e-02 5.285424566954739857e+05
2.023589503111089191e-02 5.386375254264555406e+05
2.222996321434766651e-02 3.828194704779739259e+05
2.442052915136719640e-02 3.378592931090861675e+05
2.682695595500901239e-02 2.457763310132246406e+05
2.947051480134291537e-02 2.308587653522468172e+05
3.237457295239669353e-02 1.661015868791662215e+05
3.556480030685772731e-02 1.719500358213904547e+05
3.906939630451649464e-02 1.294035126491051924e+05
4.291933919013282694e-02 1.024466228662299109e+05
4.714865984004791566e-02 8.811881406928837532e+04
5.179474257198286163e-02 8.401351027785203769e+04
5.689865559697841746e-02 8.450892606476580841e+04
6.250551403444545850e-02 7.412718370490093366e+04
6.866487869913283359e-02 6.846966011168094701e+04
7.543119418501802176e-02 5.464978280958860705e+04
8.286427011848424007e-02 4.236507621273027326e+04
9.102980983473445142e-02 3.461641002519922040e+04
9.999999115058272325e-02 3.006394787144934890e+04
1.098541043672585787e-01 2.705265224641291570e+04
1.206792531427361148e-01 2.554992502791332663e+04
1.325711244288214907e-01 2.151127502341943909e+04
1.456348342787200378e-01 1.834276308923658507e+04
1.599858570014452974e-01 1.560779330570836828e+04
1.757510458761641914e-01 1.370764051294392993e+04
1.930697544488981787e-01 1.221310700495250057e+04
2.120950683230800604e-01 1.072317314467698270e+04
2.329951583321586417e-01 9.429428819665732590e+03
2.559547670553742882e-01 8.359641208636929150e+03
2.811768418164965477e-01 7.470975006268841753e+03
3.088843286001189403e-01 6.699951225660370255e+03
3.393221427425128778e-01 5.980836162365045311e+03
3.727593338166072523e-01 5.388814703830086728e+03
4.094914638472018087e-01 4.883227944493797622e+03
4.498432198782237879e-01 4.448786638647311520e+03
4.941712839853393824e-01 4.069447850924613249e+03
5.428674861028858212e-01 3.723652787809265647e+03
5.963622675339625978e-01 3.428274974836372166e+03
6.551284857587630350e-01 3.151604578123418378e+03
7.196855941730535555e-01 2.905948245264773504e+03
7.906042337028588163e-01 2.682348505579359426e+03
8.685112768820903995e-01 2.493786242536446480e+03
9.540953689793428838e-01 2.314507675667225158e+03
1.048113015153642191e+00 0.000000000000000000e+00
