1.048113066601954503e-02 6.608200994145681034e+04
1.151395323963562076e-02 0.000000000000000000e+00
1.264855132798976302e-02 1.495414889862145355e+04
1.389495400641860279e-02 6.640902754800138064e+04
1.526417862678452857e-02 8.488746159534518665e+04
1.676832820337198493e-02 0.000000000000000000e+00
1.842069839530119726e-02 8.128568989058065927e+04
2.023589503111089191e-02 7.358322475160256727e+04
2.222996321434766651e-02 1.171829917668661219e+05
2.442052915136719640e-02 7.175568348114476248e+04
2.682695595500901239e-02 8.721207916290487628e+04
2.947051480134291537e-02 7.692428476456743374e+04
3.237457295239669353e-02 6.988573428058806167e+04
3.556480030685772731e-02 4.922944845549863385e+04
3.906939630451649464e-02 6.303094324136055366e+04
4.291933919013282694e-02 6.042481652278504043e+04
4.714865984004791566e-02 5.330345986199496838e+04
5.179474257198286163e-02 4.976449123661877093e+04
5.689865559697841746e-02 4.553446092091788159e+04
6.250551403444545850e-02 4.246897615439179935e+04
6.866487869913283359e-02 3.739150994301249011e+04
7.543119418501802176e-02 3.586957093169425934e+04
8.286427011848424007e-02 3.340496146862257592e+04
9.102980983473445142e-02 2.937791540208069637e+04
9.999999115058272325e-02 2.392408243830641004e+04
1.098541043672585787e-01 2.109274877736487906e+04
1.206792531427361148e-01 2.010684450935462519e+04
1.325711244288214907e-01 1.854615437919845499e+04
1.456348342787200378e-01 1.614519580846428471e+04
1.599858570014452974e-01 1.434123788727719693e+04
1.757510458761641914e-01 1.271628032068323591e+04
1.930697544488981787e-01 1.149520517350108094e+04
2.120950683230800604e-01 1.025959445589154711e+04
2.329951583321586417e-01 9.089370593915944482e+03
2.559547670553742882e-01 8.199456208982515818e+03
2.811768418164965477e-01 7.422876422716852176e+03
3.088843286001189403e-01 6.713472724308716352e+03
3.393221427425128778e-01 6.078404940468083623e+03
3.727593338166072523e-01 5.536057754506329729e+03
4.094914638472018087e-01 5.090314666600464989e+03
4.498432198782237879e-01 4.698314101050207682e+03
4.941712839853393824e-01 4.326554840880004122e+03
5.428674861028858212e-01 4.006520390691459397e+03
5.963622675339625978e-01 3.740304667647003953e+03
6.551284857587630350e-01 3.483545737437462321e+03
7.196855941730535555e-01 3.262329370975661732e+03
7.906042337028588163e-01 3.053712409810876125e+03
8.685112768820903995e-01 2.867246853004065088e+03
9.540953689793428838e-01 2.701904037445647191e+03
1.048113015153642191e+00 0.000000000000000000e+00
