1.048113066601954503e-02 1.608498538897088474e+04
1.151395323963562076e-02 0.000000000000000000e+00
1.264855132798976302e-02 2.238438880052660897e+04
1.389495400641860279e-02 1.731068319139124651e+04
1.526417862678452857e-02 3.678487982374780131e+03
1.676832820337198493e-02 0.000000000000000000e+00
1.842069839530119726e-02 1.231972596905139289e+04
2.023589503111089191e-02 1.757893827097845133e+04
2.222996321434766651e-02 1.904467459187664645e+04
2.442052915136719640e-02 1.388374699274190425e+04
2.682695595500901239e-02 1.478223373763639574e+04
2.947051480134291537e-02 1.850157235854222745e+04
3.237457295239669353e-02 1.804361915574284285e+04
3.556480030685772731e-02 1.682198075125266769e+04
3.906939630451649464e-02 1.674865562452948870e+04
4.291933919013282694e-02 1.629906404899267181e+04
4.714865984004791566e-02 1.465153088188008951e+04
5.179474257198286163e-02 1.555025373479277368e+04
5.689865559697841746e-02 1.346699140292384254e+04
6.250551403444545850e-02 1.319879069421643180e+04
6.866487869913283359e-02 1.219727596668712795e+04
7.543119418501802176e-02 1.144137413808613928e+04
8.286427011848424007e-02 1.044166904966632501e+04
9.102980983473445142e-02 9.454366969565415275e+03
9.999999115058272325e-02 8.625115357600861898e+03
1.098541043672585787e-01 7.917886412827994718e+03
1.206792531427361148e-01 7.407520547082633129e+03
1.325711244288214907e-01 6.776937095669602058e+03
1.456348342787200378e-01 6.022473398208388062e+03
1.599858570014452974e-01 5.302338605494845979e+03
1.757510458761641914e-01 4.850395416144896444e+03
1.930697544488981787e-01 4.342912066781784233e+03
2.120950683230800604e-01 3.869199793635471906e+03
2.329951583321586417e-01 3.452693059556611843e+03
2.559547670553742882e-01 3.144719680058844460e+03
2.811768418164965477e-01 2.843381305911083473e+03
3.088843286001189403e-01 2.557481034514064959e+03
3.393221427425128778e-01 2.309639804499990532e+03
3.727593338166072523e-01 2.097411808805657984e+03
4.094914638472018087e-01 1.913223041771075714e+03
4.498432198782237879e-01 1.759444685668678630e+03
4.941712839853393824e-01 1.620517699559775565e+03
5.428674861028858212e-01 1.494148571797805744e+03
5.963622675339625978e-01 1.387660196571536289e+03
6.551284857587630350e-01 1.286787236815630877e+03
7.196855941730535555e-01 1.201103315273940098e+03
7.906042337028588163e-01 1.125642587906278777e+03
8.685112768820903995e-01 1.055099119233518650e+03
9.540953689793428838e-01 9.904698543749461805e+02
1.048113015153642191e+00 0.000000000000000000e+00
