1.048113066601954503e-02 6.394799757138760469e+04
1.151395323963562076e-02 0.000000000000000000e+00
1.264855132798976302e-02 2.828833432981936494e+05
1.389495400641860279e-02 1.401533111625274178e+05
1.526417862678452857e-02 2.119550764455461758e+05
1.676832820337198493e-02 0.000000000000000000e+00
1.842069839530119726e-02 1.165726328841811774e+05
2.023589503111089191e-02 1.350376728399234707e+05
2.222996321434766651e-02 1.228832503763195127e+05
2.442052915136719640e-02 1.075113229111331311e+05
2.682695595500901239e-02 9.311743859783204971e+04
2.947051480134291537e-02 1.008244698925490520e+05
3.237457295239669353e-02 1.023711107671501231e+05
3.556480030685772731e-02 6.863121528202072659e+04
3.906939630451649464e-02 5.691820116929995129e+04
4.291933919013282694e-02 5.455375437352468725e+04
4.714865984004791566e-02 4.957427027211712993e+04
5.179474257198286163e-02 4.499916050982456363e+04
5.689865559697841746e-02 4.572203929283249454e+04
6.250551403444545850e-02 4.652655101613408624e+04
6.866487869913283359e-02 4.012709291338710318e+04
7.543119418501802176e-02 3.177558242006690125e+04
8.286427011848424007e-02 2.572042237662551634e+04
9.102980983473445142e-02 2.139913518550540539e+04
9.999999115058272325e-02 1.983053222075652229e+04
1.098541043672585787e-01 1.918797370936701191e+04
1.206792531427361148e-01 1.783871561738585297e+04
1.325711244288214907e-01 1.511138357435934631e+04
1.456348342787200378e-01 1.282854424067549007e+04
1.599858570014452974e-01 1.145350157753446183e+04
1.757510458761641914e-01 1.067421482008335806e+04
1.930697544488981787e-01 9.450959645948372781e+03
2.120950683230800604e-01 8.311599781719065504e+03
2.329951583321586417e-01 7.553464243949010779e+03
2.559547670553742882e-01 6.913307832047514239e+03
2.811768418164965477e-01 6.229069001652149382e+03
3.088843286001189403e-01 5.680511809403321422e+03
3.393221427425128778e-01 5.199359620989987889e+03
3.727593338166072523e-01 4.788377236789065137e+03
4.094914638472018087e-01 4.422712266292226559e+03
4.498432198782237879e-01 4.106640770644979057e+03
4.941712839853393824e-01 3.827760630525556735e+03
5.428674861028858212e-01 3.560452008658488921e+03
5.963622675339625978e-01 3.324912949017573737e+03
6.551284857587630350e-01 3.109448389112676978e+03
7.196855941730535555e-01 2.924710821998198298e+03
7.906042337028588163e-01 2.744230379515204277e+03
8.685112768820903995e-01 2.580484581023495139e+03
9.540953689793428838e-01 2.422433834367415329e+03
1.048113015153642191e+00 0.000000000000000000e+00
