1.048113066601954503e-02 1.337271894687839449e+04
1.151395323963562076e-02 0.000000000000000000e+00
1.264855132798976302e-02 1.868701905561762032e+04
1.389495400641860279e-02 2.639264009947885643e+04
1.526417862678452857e-02 3.342171489683986874e+04
1.676832820337198493e-02 0.000000000000000000e+00
1.842069839530119726e-02 1.883724863559612277e+04
2.023589503111089191e-02 2.858805528430942286e+04
2.222996321434766651e-02 3.929845963882190699e+04
2.442052915136719640e-02 2.523571131917567254e+04
2.682695595500901239e-02 2.368239798822210651e+04
2.947051480134291537e-02 2.246589696672311766e+04
3.237457295239669353e-02 2.054805583179584210e+04
3.556480030685772731e-02 1.953635101667794515e+04
3.906939630451649464e-02 1.909081510541409443e+04
4.291933919013282694e-02 1.646373891337599707e+04
4.714865984004791566e-02 1.400447016433314275e+04
5.179474257198286163e-02 1.393958938186135492e+04
5.689865559697841746e-02 1.468359900704576648e+04
6.250551403444545850e-02 1.325877962947729793e+04
6.866487869913283359e-02 1.261561562279247664e+04
7.543119418501802176e-02 1.116812293633168701e+04
8.286427011848424007e-02 1.026086462219648820e+04
9.102980983473445142e-02 8.577417913406325169e+03
9.999999115058272325e-02 7.625654065816871480e+03
1.098541043672585787e-01 6.663058192143868837e+03
1.206792531427361148e-01 5.938153384928931700e+03
1.325711244288214907e-01 5.632865971910237022e+03
1.456348342787200378e-01 5.006612318004766166e+03
1.599858570014452974e-01 4.255683709974114208e+03
1.757510458761641914e-01 3.708186670071653680e+03
1.930697544488981787e-01 3.367548618434644595e+03
2.120950683230800604e-01 2.993308867950934655e+03
2.329951583321586417e-01 2.603053303842335481e+03
2.559547670553742882e-01 2.341463870682123343e+03
2.811768418164965477e-01 2.088747864987065896e+03
3.088843286001189403e-01 1.860552164732098390e+03
3.393221427425128778e-01 1.666207034654546987e+03
3.727593338166072523e-01 1.497828734670921222e+03
4.094914638472018087e-01 1.355553785876378697e+03
4.498432198782237879e-01 1.232793824525526816e+03
4.941712839853393824e-01 1.122863266458567523e+03
5.428674861028858212e-01 1.027507928881291491e+03
5.963622675339625978e-01 9.394517503665831555e+02
6.551284857587630350e-01 8.657895759784236134e+02
7.196855941730535555e-01 8.001688395247251719e+02
7.906042337028588163e-01 7.408067129402950286e+02
8.685112768820903995e-01 6.886062569646484235e+02
9.540953689793428838e-01 6.414205260257662076e+02
1.048113015153642191e+00 0.000000000000000000e+00
