1.048113066601954503e-02 7.421310520017796080e+04
1.151395323963562076e-02 0.000000000000000000e+00
1.264855132798976302e-02 1.171159100350334775e+05
1.389495400641860279e-02 1.053414989061635715e+05
1.526417862678452857e-02 1.380346772300200537e+05
1.676832820337198493e-02 0.000000000000000000e+00
1.842069839530119726e-02 9.753922844181384426e+04
2.023589503111089191e-02 8.726545030800235691e+04
2.222996321434766651e-02 7.567739671477211232e+04
2.442052915136719640e-02 6.429178934781419230e+04
2.682695595500901239e-02 9.532180867173477600e+04
2.947051480134291537e-02 8.958702105191894225e+04
3.237457295239669353e-02 6.855185053313088429e+04
3.556480030685772731e-02 6.545012256506529957e+04
3.906939630451649464e-02 5.182229133207571431e+04
4.291933919013282694e-02 4.451650960073115129e+04
4.714865984004791566e-02 4.144857677081241127e+04
5.179474257198286163e-02 3.593415230070177495e+04
5.689865559697841746e-02 3.225479249466999318e+04
6.250551403444545850e-02 3.079446296853964668e+04
6.866487869913283359e-02 2.885074898869664321e+04
7.543119418501802176e-02 2.467977429933269377e+04
8.286427011848424007e-02 2.257355909706984676e+04
9.102980983473445142e-02 2.020999790151767229e+04
9.999999115058272325e-02 1.646803711139749430e+04
1.098541043672585787e-01 1.394131932524281001e+04
1.206792531427361148e-01 1.186019220192109242e+04
1.325711244288214907e-01 1.083690710282766304e+04
1.456348342787200378e-01 9.832878243661516535e+03
1.599858570014452974e-01 8.525395204561034916e+03
1.757510458761641914e-01 7.175987268677978136e+03
1.930697544488981787e-01 6.401324996840036874e+03
2.120950683230800604e-01 5.595258922176807573e+03
2.329951583321586417e-01 4.948441775950014744e+03
2.559547670553742882e-01 4.352138663586683833e+03
2.811768418164965477e-01 3.829649718682979255e+03
3.088843286001189403e-01 3.443002073586028018e+03
3.393221427425128778e-01 3.082389490341017790e+03
3.727593338166072523e-01 2.753549186240553809e+03
4.094914638472018087e-01 2.491178590725837239e+03
4.498432198782237879e-01 2.245834780080193923e+03
4.941712839853393824e-01 2.040090674967789710e+03
5.428674861028858212e-01 1.861258515367135260e+03
5.963622675339625978e-01 1.701036646216765575e+03
6.551284857587630350e-01 1.562129814317914224e+03
7.196855941730535555e-01 1.440676777551272835e+03
7.906042337028588163e-01 1.325931325517734422e+03
8.685112768820903995e-01 1.224706815766522368e+03
9.540953689793428838e-01 1.132013221044378497e+03
1.048113015153642191e+00 0.000000000000000000e+00
