1.048113066601954503e-02 2.818703485737554365e+04
1.151395323963562076e-02 0.000000000000000000e+00
1.264855132798976302e-02 2.923291962639909616e+04
1.389495400641860279e-02 9.143198641628006590e+04
1.526417862678452857e-02 6.652682917564728996e+04
1.676832820337198493e-02 0.000000000000000000e+00
1.842069839530119726e-02 6.123527291279470955e+04
2.023589503111089191e-02 5.761078241297203931e+04
2.222996321434766651e-02 6.213230549086348037e+04
2.442052915136719640e-02 5.512799956941638084e+04
2.682695595500901239e-02 5.266343669913666963e+04
2.947051480134291537e-02 5.664360670464883151e+04
3.237457295239669353e-02 5.606039173748281610e+04
3.556480030685772731e-02 5.448168996003271604e+04
3.906939630451649464e-02 4.771311946602086391e+04
4.291933919013282694e-02 4.302917100302022300e+04
4.714865984004791566e-02 3.940246947779667971e+04
5.179474257198286163e-02 3.835133730555977672e+04
5.689865559697841746e-02 3.756509859536719887e+04
6.250551403444545850e-02 3.838702666097783367e+04
6.866487869913283359e-02 3.423938888176169712e+04
7.543119418501802176e-02 3.075821036507702229e+04
8.286427011848424007e-02 2.913980376164444533e+04
9.102980983473445142e-02 2.437081209335486346e+04
9.999999115058272325e-02 2.177302066190863115e+04
1.098541043672585787e-01 1.899417734485415713e+04
1.206792531427361148e-01 1.754925970584113020e+04
1.325711244288214907e-01 1.635108444503150713e+04
1.456348342787200378e-01 1.465329306622155491e+04
1.599858570014452974e-01 1.253005684246811143e+04
1.757510458761641914e-01 1.143448669105191584e+04
1.930697544488981787e-01 1.025194991883711555e+04
2.120950683230800604e-01 9.205806298301271454e+03
2.329951583321586417e-01 8.166338894768565297e+03
2.559547670553742882e-01 7.368544875372657771e+03
2.811768418164965477e-01 6.663660076160909739e+03
3.088843286001189403e-01 6.013281112156550080e+03
3.393221427425128778e-01 5.492572430124948369e+03
3.727593338166072523e-01 5.007408926030846487e+03
4.094914638472018087e-01 4.562016766308719525e+03
4.498432198782237879e-01 4.218608774501393782e+03
4.941712839853393824e-01 3.902272155649610795e+03
5.428674861028858212e-01 3.603003936930292639e+03
5.963622675339625978e-01 3.352128764040170608e+03
6.551284857587630350e-01 3.141577689330182238e+03
7.196855941730535555e-01 2.937068279584445918e+03
7.906042337028588163e-01 2.759759577574381183e+03
8.685112768820903995e-01 2.603180247828500796e+03
9.540953689793428838e-01 2.466661500338755104e+03
1.048113015153642191e+00 0.000000000000000000e+00
