1.048113066601954503e-02 1.696333192506681735e+04
1.151395323963562076e-02 0.000000000000000000e+00
1.264855132798976302e-02 1.758200897472693759e+04
1.389495400641860279e-02 5.495401510527166829e+04
1.526417862678452857e-02 4.000280884886583954e+04
1.676832820337198493e-02 0.000000000000000000e+00
1.842069839530119726e-02 3.682561191738626076e+04
2.023589503111089191e-02 3.465176820965425577e+04
2.222996321434766651e-02 3.737489020957387402e+04
2.442052915136719640e-02 3.314277163898283470e+04
2.682695595500901239e-02 3.164505362279903420e+04
2.947051480134291537e-02 3.401642456575975666e+04
3.237457295239669353e-02 3.367136179954362888e+04
3.556480030685772731e-02 3.273126799347953056e+04
3.906939630451649464e-02 2.862198569311884785e+04
4.291933919013282694e-02 2.581546519685030580e+04
4.714865984004791566e-02 2.366705578240087561e+04
5.179474257198286163e-02 2.300859832246056612e+04
5.689865559697841746e-02 2.251182217187871720e+04
6.250551403444545850e-02 2.298281594856410084e+04
6.866487869913283359e-02 2.048408754213606153e+04
7.543119418501802176e-02 1.839558734658629692e+04
8.286427011848424007e-02 1.741094708058777906e+04
9.102980983473445142e-02 1.452480807173355061e+04
9.999999115058272325e-02 1.296114437808236835e+04
1.098541043672585787e-01 1.128914070816765161e+04
1.206792531427361148e-01 1.040668650916994739e+04
1.325711244288214907e-01 9.682000129348158225e+03
1.456348342787200378e-01 8.654763010124403081e+03
1.599858570014452974e-01 7.380837467907114842e+03
1.757510458761641914e-01 6.715299958096917180e+03
1.930697544488981787e-01 6.003691072550102035e+03
2.120950683230800604e-01 5.371446798367463089e+03
2.329951583321586417e-01 4.747316020212323565e+03
2.559547670553742882e-01 4.269269910736113161e+03
2.811768418164965477e-01 3.845156740573260322e+03
3.088843286001189403e-01 3.454524841478877079e+03
3.393221427425128778e-01 3.141482209869713188e+03
3.727593338166072523e-01 2.851540681816160941e+03
4.094914638472018087e-01 2.585707648195787442e+03
4.498432198782237879e-01 2.379647126392310838e+03
4.941712839853393824e-01 2.190737875277829062e+03
5.428674861028858212e-01 2.013071432612272019e+03
5.963622675339625978e-01 1.863823414171685954e+03
6.551284857587630350e-01 1.738286966841904814e+03
7.196855941730535555e-01 1.617160434940375353e+03
7.906042337028588163e-01 1.512144031923383864e+03
8.685112768820903995e-01 1.419273760393884004e+03
9.540953689793428838e-01 1.338133164034008132e+03
1.048113015153642191e+00 0.000000000000000000e+00
