1.048113066601954503e-02 8.914116573124958668e+05
1.151395323963562076e-02 0.000000000000000000e+00
1.264855132798976302e-02 4.061181634548689472e+05
1.389495400641860279e-02 5.462491202319220174e+05
1.526417862678452857e-02 5.533964184497997630e+05
1.676832820337198493e-02 0.000000000000000000e+00
1.842069839530119726e-02 4.129160975623723352e+05
2.023589503111089191e-02 2.653074073812713614e+05
2.222996321434766651e-02 1.935527361085166922e+05
2.442052915136719640e-02 2.390213932382705971e+05
2.682695595500901239e-02 2.463994964955399337e+05
2.947051480134291537e-02 1.479783860859543202e+05
3.237457295239669353e-02 1.262835051989024796e+05
3.556480030685772731e-02 1.157239769895690551e+05
3.906939630451649464e-02 8.916904114303318784e+04
4.291933919013282694e-02 9.180114901556202676e+04
4.714865984004791566e-02 8.224717624131988850e+04
5.179474257198286163e-02 7.861940863226426882e+04
5.689865559697841746e-02 7.481246435983295669e+04
6.250551403444545850e-02 6.740035756123179453e+04
6.866487869913283359e-02 5.736354231843243178e+04
7.543119418501802176e-02 4.459663292073198681e+04
8.286427011848424007e-02 3.662882970521618699e+04
9.102980983473445142e-02 2.938465975826720387e+04
9.999999115058272325e-02 2.719671314289582369e+04
1.098541043672585787e-01 2.390999725802338071e+04
1.206792531427361148e-01 2.124522750800264839e+04
1.325711244288214907e-01 1.776009686298493034e+04
1.456348342787200378e-01 1.492941656406309994e+04
1.599858570014452974e-01 1.315725047349355373e+04
1.757510458761641914e-01 1.154871975767088225e+04
1.930697544488981787e-01 9.915667242930840075e+03
2.120950683230800604e-01 8.802424430715269409e+03
2.329951583321586417e-01 7.643196006411342751e+03
2.559547670553742882e-01 6.772665151310047804e+03
2.811768418164965477e-01 5.989795313378270293e+03
3.088843286001189403e-01 5.279822639691685254e+03
3.393221427425128778e-01 4.696858387406124166e+03
3.727593338166072523e-01 4.216357155189418336e+03
4.094914638472018087e-01 3.796986778380103715e+03
4.498432198782237879e-01 3.423692647347778347e+03
4.941712839853393824e-01 3.109440247134994024e+03
5.428674861028858212e-01 2.826451976578164704e+03
5.963622675339625978e-01 2.572670402095543068e+03
6.551284857587630350e-01 2.353230810432047292e+03
7.196855941730535555e-01 2.159537298524256585e+03
7.906042337028588163e-01 1.993670211822161491e+03
8.685112768820903995e-01 1.838073843791681156e+03
9.540953689793428838e-01 1.691936137020545857e+03
1.048113015153642191e+00 0.000000000000000000e+00
