1.048113066601954503e-02 5.436632812550157541e+05
1.151395323963562076e-02 0.000000000000000000e+00
1.264855132798976302e-02 1.659549406791694055e+05
1.389495400641860279e-02 2.034421819379334338e+05
1.526417862678452857e-02 2.357251980129571166e+05
1.676832820337198493e-02 0.000000000000000000e+00
1.842069839530119726e-02 2.809966243238825118e+05
2.023589503111089191e-02 1.951066885710344941e+05
2.222996321434766651e-02 2.725682519150117296e+05
2.442052915136719640e-02 2.417953318850584037e+05
2.682695595500901239e-02 2.533160093260334688e+05
2.947051480134291537e-02 1.718778738270733156e+05
3.237457295239669353e-02 2.067477390339448466e+05
3.556480030685772731e-02 1.572143949687212007e+05
3.906939630451649464e-02 1.326112543431283557e+05
4.291933919013282694e-02 1.360876796073630685e+05
4.714865984004791566e-02 1.063492600260762702e+05
5.179474257198286163e-02 1.052782251518649864e+05
5.689865559697841746e-02 9.335117049007497553e+04
6.250551403444545850e-02 8.233859028122021118e+04
6.866487869913283359e-02 8.003715996936593729e+04
7.543119418501802176e-02 7.306437877982792270e+04
8.286427011848424007e-02 6.631801039775884419e+04
9.102980983473445142e-02 5.666108397681621864e+04
9.999999115058272325e-02 5.072270715546884458e+04
1.098541043672585787e-01 4.329467392511764774e+04
1.206792531427361148e-01 3.824416027846996440e+04
1.325711244288214907e-01 3.464881919422146166e+04
1.456348342787200378e-01 3.242591495595064043e+04
1.599858570014452974e-01 2.772215961177289864e+04
1.757510458761641914e-01 2.529040878309645632e+04
1.930697544488981787e-01 2.334289220011774887e+04
2.120950683230800604e-01 2.101667327407845005e+04
2.329951583321586417e-01 1.904970690738139820e+04
2.559547670553742882e-01 1.754563798027302983e+04
2.811768418164965477e-01 1.609972293675826586e+04
3.088843286001189403e-01 1.481993339088007633e+04
3.393221427425128778e-01 1.372696251766548085e+04
3.727593338166072523e-01 1.273795500301056381e+04
4.094914638472018087e-01 1.187812298893685147e+04
4.498432198782237879e-01 1.112422918009397472e+04
4.941712839853393824e-01 1.035391043980946779e+04
5.428674861028858212e-01 9.741532714644261432e+03
5.963622675339625978e-01 9.196601494496117084e+03
6.551284857587630350e-01 8.629798602329192363e+03
7.196855941730535555e-01 8.123273208833348690e+03
7.906042337028588163e-01 7.642108206376167800e+03
8.685112768820903995e-01 7.177001130396286499e+03
9.540953689793428838e-01 6.718689070931213791e+03
1.048113015153642191e+00 0.000000000000000000e+00
