1.048113066601954503e-02 1.464121945148837585e+04
1.151395323963562076e-02 0.000000000000000000e+00
1.264855132798976302e-02 3.252536974815266876e+04
1.389495400641860279e-02 1.388625487534583408e+04
1.526417862678452857e-02 1.863725344461216446e+04
1.676832820337198493e-02 0.000000000000000000e+00
1.842069839530119726e-02 1.462428786815517014e+04
2.023589503111089191e-02 1.964584425163817650e+04
2.222996321434766651e-02 1.769715953364696179e+04
2.442052915136719640e-02 2.766092413885591304e+04
2.682695595500901239e-02 2.740617860906379065e+04
2.947051480134291537e-02 2.584384306830995047e+04
3.237457295239669353e-02 2.206519574792819185e+04
3.556480030685772731e-02 2.302296482668431781e+04
3.906939630451649464e-02 2.215862663270280609e+04
4.291933919013282694e-02 2.022594897752809993e+04
4.714865984004791566e-02 1.885476548110532167e+04
5.179474257198286163e-02 2.096152556644112701e+04
5.689865559697841746e-02 1.854633361650920415e+04
6.250551403444545850e-02 1.985283431183332141e+04
6.866487869913283359e-02 1.787391050738059130e+04
7.543119418501802176e-02 1.781765000716149734e+04
8.286427011848424007e-02 1.562490995931273937e+04
9.102980983473445142e-02 1.460278543792107666e+04
9.999999115058272325e-02 1.379516220630747739e+04
1.098541043672585787e-01 1.247391923825872436e+04
1.206792531427361148e-01 1.126652614858264133e+04
1.325711244288214907e-01 1.065490365656605900e+04
1.456348342787200378e-01 9.926774030474824031e+03
1.599858570014452974e-01 8.898829772996939937e+03
1.757510458761641914e-01 7.992249367532729593e+03
1.930697544488981787e-01 7.255472947636761091e+03
2.120950683230800604e-01 6.807605796565263518e+03
2.329951583321586417e-01 6.086938744181935363e+03
2.559547670553742882e-01 5.601570312422409188e+03
2.811768418164965477e-01 5.163831800132423268e+03
3.088843286001189403e-01 4.716490577508446222e+03
3.393221427425128778e-01 4.389000828374159028e+03
3.727593338166072523e-01 4.063527633468948807e+03
4.094914638472018087e-01 3.788683535413352274e+03
4.498432198782237879e-01 3.547162971662810378e+03
4.941712839853393824e-01 3.321999512046591462e+03
5.428674861028858212e-01 3.130957021190858086e+03
5.963622675339625978e-01 2.954897693499605339e+03
6.551284857587630350e-01 2.793137414248135428e+03
7.196855941730535555e-01 2.644343131075614565e+03
7.906042337028588163e-01 2.508016803657621494e+03
8.685112768820903995e-01 2.384291966242991293e+03
9.540953689793428838e-01 2.261912588390462588e+03
1.048113015153642191e+00 0.000000000000000000e+00
