1.048113066601954503e-02 6.944125161395252508e+04
1.151395323963562076e-02 0.000000000000000000e+00
1.264855132798976302e-02 3.999379770194821322e+04
1.389495400641860279e-02 5.760677195103903068e+04
1.526417862678452857e-02 6.404874148516984133e+04
1.676832820337198493e-02 0.000000000000000000e+00
1.842069839530119726e-02 5.529001837983509904e+04
2.023589503111089191e-02 5.340023328711016802e+04
2.222996321434766651e-02 4.776971472849948623e+04
2.442052915136719640e-02 5.213091312732562801e+04
2.682695595500901239e-02 6.333131962649080378e+04
2.947051480134291537e-02 5.927938018378667039e+04
3.237457295239669353e-02 4.907232698229885136e+04
3.556480030685772731e-02 4.074369645164499525e+04
3.906939630451649464e-02 4.001760219004880491e+04
4.291933919013282694e-02 3.601505067385364964e+04
4.714865984004791566e-02 3.401024576053612691e+04
5.179474257198286163e-02 3.029547786580303728e+04
5.689865559697841746e-02 2.823587111393554369e+04
6.250551403444545850e-02 2.683968537104132702e+04
6.866487869913283359e-02 2.508181899146134674e+04
7.543119418501802176e-02 2.266540474596953209e+04
8.286427011848424007e-02 1.975242236378257439e+04
9.102980983473445142e-02 1.742398645958764973e+04
9.999999115058272325e-02 1.470698981675216601e+04
1.098541043672585787e-01 1.337522355404403606e+04
1.206792531427361148e-01 1.192798563051115889e+04
1.325711244288214907e-01 1.068258633431860835e+04
1.456348342787200378e-01 9.550398529318496003e+03
1.599858570014452974e-01 8.268640192899798421e+03
1.757510458761641914e-01 7.542834646314224301e+03
1.930697544488981787e-01 6.725689677521143494e+03
2.120950683230800604e-01 5.911246586455585202e+03
2.329951583321586417e-01 5.350967587274441939e+03
2.559547670553742882e-01 4.811302510651388729e+03
2.811768418164965477e-01 4.366259477197442720e+03
3.088843286001189403e-01 3.925867233057096655e+03
3.393221427425128778e-01 3.589661632876468957e+03
3.727593338166072523e-01 3.281115286363316955e+03
4.094914638472018087e-01 2.993369781519767457e+03
4.498432198782237879e-01 2.755487901057428644e+03
4.941712839853393824e-01 2.554872914133405175e+03
5.428674861028858212e-01 2.361901181652149262e+03
5.963622675339625978e-01 2.197698289068994200e+03
6.551284857587630350e-01 2.045682327753850586e+03
7.196855941730535555e-01 1.910344669157160070e+03
7.906042337028588163e-01 1.781315199913001834e+03
8.685112768820903995e-01 1.663342910933265102e+03
9.540953689793428838e-01 1.556779925637253882e+03
1.048113015153642191e+00 0.000000000000000000e+00
