1.048113066601954503e-02 1.350110722677065525e+06
1.151395323963562076e-02 0.000000000000000000e+00
1.264855132798976302e-02 1.042010723611843889e+06
1.389495400641860279e-02 1.173442520244942978e+06
1.526417862678452857e-02 8.641815549699063413e+05
1.676832820337198493e-02 0.000000000000000000e+00
1.842069839530119726e-02 6.383161460033582989e+05
2.023589503111089191e-02 6.691817119297147729e+05
2.222996321434766651e-02 5.354808573755937396e+05
2.442052915136719640e-02 4.657579050417875405e+05
2.682695595500901239e-02 3.270674214854651946e+05
2.947051480134291537e-02 2.439858977787662297e+05
3.237457295239669353e-02 2.019193867743797309e+05
3.556480030685772731e-02 1.827355691152935906e+05
3.906939630451649464e-02 1.403052174539186817e+05
4.291933919013282694e-02 1.290952384012516122e+05
4.714865984004791566e-02 1.164439051911921269e+05
5.179474257198286163e-02 1.119927536819062952e+05
5.689865559697841746e-02 1.125819403500463231e+05
6.250551403444545850e-02 1.058799561181193567e+05
6.866487869913283359e-02 9.209735080975858727e+04
7.543119418501802176e-02 7.073555924409086583e+04
8.286427011848424007e-02 5.471137240796384140e+04
9.102980983473445142e-02 4.539600945301785396e+04
9.999999115058272325e-02 4.131942116530212661e+04
1.098541043672585787e-01 3.994588478666642186e+04
1.206792531427361148e-01 3.517209012238689320e+04
1.325711244288214907e-01 2.915676659363940416e+04
1.456348342787200378e-01 2.460433906710772135e+04
1.599858570014452974e-01 2.189581564814279045e+04
1.757510458761641914e-01 1.925483534333822172e+04
1.930697544488981787e-01 1.732207926946778753e+04
2.120950683230800604e-01 1.564618064354868147e+04
2.329951583321586417e-01 1.366607895052581262e+04
2.559547670553742882e-01 1.231840106243656919e+04
2.811768418164965477e-01 1.109357239683420266e+04
3.088843286001189403e-01 1.004290325429956647e+04
3.393221427425128778e-01 9.078491876969070290e+03
3.727593338166072523e-01 8.275047767246604053e+03
4.094914638472018087e-01 7.567829920074664187e+03
4.498432198782237879e-01 6.951355312383007913e+03
4.941712839853393824e-01 6.422052384293268005e+03
5.428674861028858212e-01 5.930416906740900231e+03
5.963622675339625978e-01 5.462110567519493998e+03
6.551284857587630350e-01 5.054003389730910385e+03
7.196855941730535555e-01 4.650252742080549069e+03
7.906042337028588163e-01 4.275373239375321646e+03
8.685112768820903995e-01 3.949643889888896410e+03
9.540953689793428838e-01 3.632063057762592507e+03
1.048113015153642191e+00 0.000000000000000000e+00
