1.048113066601954503e-02 6.142834851364174392e+04
1.151395323963562076e-02 0.000000000000000000e+00
1.264855132798976302e-02 5.996214825275989278e+04
1.389495400641860279e-02 2.975869573461840992e+04
1.526417862678452857e-02 4.984571951006790914e+04
1.676832820337198493e-02 0.000000000000000000e+00
1.842069839530119726e-02 7.635295726915789419e+04
2.023589503111089191e-02 4.739888475016375014e+04
2.222996321434766651e-02 7.605532609732473793e+04
2.442052915136719640e-02 6.778612278978193353e+04
2.682695595500901239e-02 5.619960078412867733e+04
2.947051480134291537e-02 5.206655577398934838e+04
3.237457295239669353e-02 5.032808467315323651e+04
3.556480030685772731e-02 4.081441723654451198e+04
3.906939630451649464e-02 4.376318256347868009e+04
4.291933919013282694e-02 4.312875408399025764e+04
4.714865984004791566e-02 3.355912935915699927e+04
5.179474257198286163e-02 3.795584441957848321e+04
5.689865559697841746e-02 3.248361024122931849e+04
6.250551403444545850e-02 3.297842038341951411e+04
6.866487869913283359e-02 3.082655835726571968e+04
7.543119418501802176e-02 2.877817541167351737e+04
8.286427011848424007e-02 2.576158945976275572e+04
9.102980983473445142e-02 2.374021862751583831e+04
9.999999115058272325e-02 2.091575696704401707e+04
1.098541043672585787e-01 1.913008535977435167e+04
1.206792531427361148e-01 1.654355901969813567e+04
1.325711244288214907e-01 1.553333099079381282e+04
1.456348342787200378e-01 1.399189000296411905e+04
1.599858570014452974e-01 1.257415299833287645e+04
1.757510458761641914e-01 1.096859834456413591e+04
1.930697544488981787e-01 9.949308650676885009e+03
2.120950683230800604e-01 8.970644353392901394e+03
2.329951583321586417e-01 8.074142993139665123e+03
2.559547670553742882e-01 7.279914168101828182e+03
2.811768418164965477e-01 6.525214662090621459e+03
3.088843286001189403e-01 5.936239179940514077e+03
3.393221427425128778e-01 5.460641028364349040e+03
3.727593338166072523e-01 4.972223396744955608e+03
4.094914638472018087e-01 4.545453461510661327e+03
4.498432198782237879e-01 4.208034341531842074e+03
4.941712839853393824e-01 3.884633939292308241e+03
5.428674861028858212e-01 3.603469273553755556e+03
5.963622675339625978e-01 3.368082052208927962e+03
6.551284857587630350e-01 3.136747250406522198e+03
7.196855941730535555e-01 2.949366649509854597e+03
7.906042337028588163e-01 2.768999197878732048e+03
8.685112768820903995e-01 2.612204844627176044e+03
9.540953689793428838e-01 2.465091896149209788e+03
1.048113015153642191e+00 0.000000000000000000e+00
