1.048113066601954503e-02 2.231311850892635412e+05
1.151395323963562076e-02 0.000000000000000000e+00
1.264855132798976302e-02 1.449128484937437170e+05
1.389495400641860279e-02 3.106833289701977046e+05
1.526417862678452857e-02 3.106366902929057251e+05
1.676832820337198493e-02 0.000000000000000000e+00
1.842069839530119726e-02 3.774216728139397455e+05
2.023589503111089191e-02 3.397140655930100475e+05
2.222996321434766651e-02 2.392221263082892401e+05
2.442052915136719640e-02 2.411484175963351736e+05
2.682695595500901239e-02 1.676714958059623605e+05
2.947051480134291537e-02 1.253394536567362811e+05
3.237457295239669353e-02 1.178993997841195378e+05
3.556480030685772731e-02 1.273478441550382122e+05
3.906939630451649464e-02 1.074511244729535247e+05
4.291933919013282694e-02 9.801711519485237659e+04
4.714865984004791566e-02 9.722372854480159003e+04
5.179474257198286163e-02 9.488291589782950177e+04
5.689865559697841746e-02 8.727883106236437743e+04
6.250551403444545850e-02 7.769609236573026283e+04
6.866487869913283359e-02 5.982356476211088011e+04
7.543119418501802176e-02 4.343516413911127165e+04
8.286427011848424007e-02 3.648751481261733716e+04
9.102980983473445142e-02 3.500408773935288627e+04
9.999999115058272325e-02 3.599729332847805927e+04
1.098541043672585787e-01 3.140985227813800884e+04
1.206792531427361148e-01 2.402123199241574548e+04
1.325711244288214907e-01 2.096694229939999423e+04
1.456348342787200378e-01 1.954790740268777517e+04
1.599858570014452974e-01 1.743148351233816720e+04
1.757510458761641914e-01 1.507062606460509596e+04
1.930697544488981787e-01 1.326870620436825266e+04
2.120950683230800604e-01 1.183380184105675289e+04
2.329951583321586417e-01 1.027929974658434730e+04
2.559547670553742882e-01 9.385185781837615650e+03
2.811768418164965477e-01 8.310809776199295811e+03
3.088843286001189403e-01 7.465442892350762122e+03
3.393221427425128778e-01 6.781623543022380545e+03
3.727593338166072523e-01 6.141186783706585629e+03
4.094914638472018087e-01 5.587316231750169209e+03
4.498432198782237879e-01 5.133432233896704929e+03
4.941712839853393824e-01 4.709305027470270943e+03
5.428674861028858212e-01 4.360993838595393754e+03
5.963622675339625978e-01 4.036531270807394321e+03
6.551284857587630350e-01 3.752851858265889859e+03
7.196855941730535555e-01 3.504558799139147595e+03
7.906042337028588163e-01 3.277464408123476460e+03
8.685112768820903995e-01 3.071884898835369313e+03
9.540953689793428838e-01 2.889659327588117776e+03
1.048113015153642191e+00 0.000000000000000000e+00
