1.048113066601954503e-02 3.707011283787068678e+05
1.151395323963562076e-02 0.000000000000000000e+00
1.264855132798976302e-02 2.155519696137990395e+05
1.389495400641860279e-02 3.967647100003542728e+05
1.526417862678452857e-02 2.802996522423194838e+05
1.676832820337198493e-02 0.000000000000000000e+00
1.842069839530119726e-02 2.637280299272200209e+05
2.023589503111089191e-02 3.110473572476046975e+05
2.222996321434766651e-02 2.691251038916310063e+05
2.442052915136719640e-02 3.028183289101185510e+05
2.682695595500901239e-02 1.913770956820883439e+05
2.947051480134291537e-02 1.841963194436289486e+05
3.237457295239669353e-02 1.371635746030703012e+05
3.556480030685772731e-02 9.266669493955733196e+04
3.906939630451649464e-02 8.083037122441364045e+04
4.291933919013282694e-02 6.810506417731038528e+04
4.714865984004791566e-02 5.856212474835314788e+04
5.179474257198286163e-02 6.685395061891200021e+04
5.689865559697841746e-02 5.965398581024653686e+04
6.250551403444545850e-02 5.239224184643725312e+04
6.866487869913283359e-02 4.681570938153409952e+04
7.543119418501802176e-02 3.861736552516400843e+04
8.286427011848424007e-02 3.042593777976286583e+04
9.102980983473445142e-02 2.341790661553481186e+04
9.999999115058272325e-02 2.102140882506664275e+04
1.098541043672585787e-01 1.916802711504312902e+04
1.206792531427361148e-01 1.738637138798210071e+04
1.325711244288214907e-01 1.436833296028012410e+04
1.456348342787200378e-01 1.199413513014476484e+04
1.599858570014452974e-01 1.019501513315635202e+04
1.757510458761641914e-01 9.064960800233697228e+03
1.930697544488981787e-01 7.930023359222873296e+03
2.120950683230800604e-01 6.785625191966802049e+03
2.329951583321586417e-01 5.947913493489228131e+03
2.559547670553742882e-01 5.238269314375422255e+03
2.811768418164965477e-01 4.603901017523105111e+03
3.088843286001189403e-01 4.041239739663968521e+03
3.393221427425128778e-01 3.599559877106207750e+03
3.727593338166072523e-01 3.198881616150863920e+03
4.094914638472018087e-01 2.859317107510200458e+03
4.498432198782237879e-01 2.561615589193474079e+03
4.941712839853393824e-01 2.316415565714478817e+03
5.428674861028858212e-01 2.098372920748913202e+03
5.963622675339625978e-01 1.904878755801018315e+03
6.551284857587630350e-01 1.732109547236504568e+03
7.196855941730535555e-01 1.585193043843069972e+03
7.906042337028588163e-01 1.455872019833517243e+03
8.685112768820903995e-01 1.340797762376988885e+03
9.540953689793428838e-01 1.232494432925967658e+03
1.048113015153642191e+00 0.000000000000000000e+00
