1.048113066601954503e-02 4.289827492435921886e+04
1.151395323963562076e-02 0.000000000000000000e+00
1.264855132798976302e-02 2.612335181856470444e+04
1.389495400641860279e-02 5.633823704951020773e+04
1.526417862678452857e-02 9.483032661844276299e+04
1.676832820337198493e-02 0.000000000000000000e+00
1.842069839530119726e-02 5.539656685904982442e+04
2.023589503111089191e-02 5.843459219487418159e+04
2.222996321434766651e-02 5.988989141225835192e+04
2.442052915136719640e-02 6.789900190171708527e+04
2.682695595500901239e-02 6.230019622092213103e+04
2.947051480134291537e-02 7.472243675445222470e+04
3.237457295239669353e-02 5.517780335078210919e+04
3.556480030685772731e-02 5.748500116673724551e+04
3.906939630451649464e-02 5.120497632830052316e+04
4.291933919013282694e-02 4.034846178984696598e+04
4.714865984004791566e-02 4.667778990498038183e+04
5.179474257198286163e-02 4.431569791171012912e+04
5.689865559697841746e-02 3.920811933195640449e+04
6.250551403444545850e-02 3.699359645758054103e+04
6.866487869913283359e-02 3.440056632384553086e+04
7.543119418501802176e-02 3.203822318794042076e+04
8.286427011848424007e-02 2.782272192322172123e+04
9.102980983473445142e-02 2.469365463612803433e+04
9.999999115058272325e-02 2.118294777782509846e+04
1.098541043672585787e-01 1.923565494677779498e+04
1.206792531427361148e-01 1.777097408506021748e+04
1.325711244288214907e-01 1.663654633468054817e+04
1.456348342787200378e-01 1.482400965518811063e+04
1.599858570014452974e-01 1.246858382842880201e+04
1.757510458761641914e-01 1.125310522943616888e+04
1.930697544488981787e-01 1.034811212055650503e+04
2.120950683230800604e-01 9.198603412736078099e+03
2.329951583321586417e-01 8.065001851721112871e+03
2.559547670553742882e-01 7.332706645746127833e+03
2.811768418164965477e-01 6.601953335980513657e+03
3.088843286001189403e-01 5.975386840159733765e+03
3.393221427425128778e-01 5.424054820711542561e+03
3.727593338166072523e-01 4.957974292176571907e+03
4.094914638472018087e-01 4.520383154442240993e+03
4.498432198782237879e-01 4.156842128138334374e+03
4.941712839853393824e-01 3.837072692111079959e+03
5.428674861028858212e-01 3.556156864226918515e+03
5.963622675339625978e-01 3.310530144627468871e+03
6.551284857587630350e-01 3.089678014715359495e+03
7.196855941730535555e-01 2.893209072744624791e+03
7.906042337028588163e-01 2.715057209576634705e+03
8.685112768820903995e-01 2.553870911202084244e+03
9.540953689793428838e-01 2.408118324646328801e+03
1.048113015153642191e+00 0.000000000000000000e+00
