1.048113066601954503e-02 1.269898514677060593e+05
1.151395323963562076e-02 0.000000000000000000e+00
1.264855132798976302e-02 1.406528822675720439e+05
1.389495400641860279e-02 6.541833321038766735e+04
1.526417862678452857e-02 6.772230713822451071e+04
1.676832820337198493e-02 0.000000000000000000e+00
1.842069839530119726e-02 9.013290693729025952e+04
2.023589503111089191e-02 5.506055506646155845e+04
2.222996321434766651e-02 7.052613474396512902e+04
2.442052915136719640e-02 6.640509444168421032e+04
2.682695595500901239e-02 5.960581359344866360e+04
2.947051480134291537e-02 5.005129651937331801e+04
3.237457295239669353e-02 5.248804527516519011e+04
3.556480030685772731e-02 5.388212573084663745e+04
3.906939630451649464e-02 3.867305242087477382e+04
4.291933919013282694e-02 4.146381842804601911e+04
4.714865984004791566e-02 3.756043081394821638e+04
5.179474257198286163e-02 3.192855609000371624e+04
5.689865559697841746e-02 2.998791429159072504e+04
6.250551403444545850e-02 2.756189941337362689e+04
6.866487869913283359e-02 2.570659919088456809e+04
7.543119418501802176e-02 2.206206799508427503e+04
8.286427011848424007e-02 1.870234354556888866e+04
9.102980983473445142e-02 1.502079515177046414e+04
9.999999115058272325e-02 1.349099541805623085e+04
1.098541043672585787e-01 1.232033216765011275e+04
1.206792531427361148e-01 1.136334953710852824e+04
1.325711244288214907e-01 9.712894387081360037e+03
1.456348342787200378e-01 8.163931091138096235e+03
1.599858570014452974e-01 7.199773502807393015e+03
1.757510458761641914e-01 6.408597044365184956e+03
1.930697544488981787e-01 5.737729177310649902e+03
2.120950683230800604e-01 4.902822513713337685e+03
2.329951583321586417e-01 4.351011155989848703e+03
2.559547670553742882e-01 3.849610535726330909e+03
2.811768418164965477e-01 3.388909244038058205e+03
3.088843286001189403e-01 3.035553465916630557e+03
3.393221427425128778e-01 2.711533802124923568e+03
3.727593338166072523e-01 2.420414905381811877e+03
4.094914638472018087e-01 2.177776760424070744e+03
4.498432198782237879e-01 1.973020648436086503e+03
4.941712839853393824e-01 1.789340287936802270e+03
5.428674861028858212e-01 1.638071183584533856e+03
5.963622675339625978e-01 1.496689557025839349e+03
6.551284857587630350e-01 1.367772454926442833e+03
7.196855941730535555e-01 1.260518362275727668e+03
7.906042337028588163e-01 1.164356837604510702e+03
8.685112768820903995e-01 1.076939314100844967e+03
9.540953689793428838e-01 1.000617371250499218e+03
1.048113015153642191e+00 0.000000000000000000e+00
