1.048113066601954503e-02 5.367319649775879952e+04
1.151395323963562076e-02 0.000000000000000000e+00
1.264855132798976302e-02 6.242303174170474813e+04
1.389495400641860279e-02 9.189771605485593318e+04
1.526417862678452857e-02 5.280171238367960177e+04
1.676832820337198493e-02 0.000000000000000000e+00
1.842069839530119726e-02 7.839204461232360336e+04
2.023589503111089191e-02 8.373448205297259847e+04
2.222996321434766651e-02 8.155376927311110194e+04
2.442052915136719640e-02 8.641595369835766905e+04
2.682695595500901239e-02 6.768312217766605318e+04
2.947051480134291537e-02 7.210310502769448794e+04
3.237457295239669353e-02 1.010824050865857571e+05
3.556480030685772731e-02 6.680895369051765010e+04
3.906939630451649464e-02 7.792283240648156789e+04
4.291933919013282694e-02 7.248642855793767376e+04
4.714865984004791566e-02 6.406855562735920830e+04
5.179474257198286163e-02 6.151658098704713484e+04
5.689865559697841746e-02 6.498577472117042635e+04
6.250551403444545850e-02 5.237130868671137432e+04
6.866487869913283359e-02 5.167183782147370221e+04
7.543119418501802176e-02 5.106822123393115180e+04
8.286427011848424007e-02 4.870534891375299776e+04
9.102980983473445142e-02 4.619904299040632031e+04
9.999999115058272325e-02 4.068847639074487961e+04
1.098541043672585787e-01 3.521463711911455903e+04
1.206792531427361148e-01 3.310535136875341414e+04
1.325711244288214907e-01 3.084909554961475078e+04
1.456348342787200378e-01 2.893284549003780558e+04
1.599858570014452974e-01 2.641467051632531366e+04
1.757510458761641914e-01 2.391198580633020174e+04
1.930697544488981787e-01 2.181068793185446339e+04
2.120950683230800604e-01 2.020349537113533006e+04
2.329951583321586417e-01 1.846228476953794598e+04
2.559547670553742882e-01 1.727093956120518123e+04
2.811768418164965477e-01 1.607665973934978319e+04
3.088843286001189403e-01 1.503218501695519444e+04
3.393221427425128778e-01 1.419741848031428162e+04
3.727593338166072523e-01 1.324041225264767490e+04
4.094914638472018087e-01 1.253958080470564892e+04
4.498432198782237879e-01 1.186529407346786320e+04
4.941712839853393824e-01 1.128372523662252206e+04
5.428674861028858212e-01 1.079367842581737568e+04
5.963622675339625978e-01 1.032663023597753636e+04
6.551284857587630350e-01 9.877113404750518384e+03
7.196855941730535555e-01 9.453794678137874143e+03
7.906042337028588163e-01 9.042005233535715888e+03
8.685112768820903995e-01 8.651284482628234400e+03
9.540953689793428838e-01 8.281499811065619724e+03
1.048113015153642191e+00 0.000000000000000000e+00
