1.048113066601954503e-02 1.842738435647427832e+04
1.151395323963562076e-02 0.000000000000000000e+00
1.264855132798976302e-02 2.564671642906027773e+04
1.389495400641860279e-02 1.983180619117163224e+04
1.526417862678452857e-02 4.214766347507655155e+03
1.676832820337198493e-02 0.000000000000000000e+00
1.842069839530119726e-02 1.411666235798534944e+04
2.023589503111089191e-02 2.014033671720865095e+04
2.222996321434766651e-02 2.182232848998797272e+04
2.442052915136719640e-02 1.590548133691007206e+04
2.682695595500901239e-02 1.694133407860694933e+04
2.947051480134291537e-02 2.119807221819774713e+04
3.237457295239669353e-02 2.068216095208721163e+04
3.556480030685772731e-02 1.927908399852887305e+04
3.906939630451649464e-02 1.919645715969759112e+04
4.291933919013282694e-02 1.868444872226117513e+04
4.714865984004791566e-02 1.679868367632262380e+04
5.179474257198286163e-02 1.782504828935462865e+04
5.689865559697841746e-02 1.544368929985573959e+04
6.250551403444545850e-02 1.514135853879190654e+04
6.866487869913283359e-02 1.399700384389636747e+04
7.543119418501802176e-02 1.313396124501602753e+04
8.286427011848424007e-02 1.199190515379130738e+04
9.102980983473445142e-02 1.086254376725494876e+04
9.999999115058272325e-02 9.915021745947469753e+03
1.098541043672585787e-01 9.106739914248681089e+03
1.206792531427361148e-01 8.525945249123262329e+03
1.325711244288214907e-01 7.805118301368872380e+03
1.456348342787200378e-01 6.943560399372288884e+03
1.599858570014452974e-01 6.118622903446403143e+03
1.757510458761641914e-01 5.602433556438211781e+03
1.930697544488981787e-01 5.022633097744711449e+03
2.120950683230800604e-01 4.479887409942163686e+03
2.329951583321586417e-01 4.003214036735511399e+03
2.559547670553742882e-01 3.651184561764672253e+03
2.811768418164965477e-01 3.306458098783881724e+03
3.088843286001189403e-01 2.978890747019172068e+03
3.393221427425128778e-01 2.694926490034774815e+03
3.727593338166072523e-01 2.451404338241573896e+03
4.094914638472018087e-01 2.240448916050052503e+03
4.498432198782237879e-01 2.064085796724199099e+03
4.941712839853393824e-01 1.904812826050122112e+03
5.428674861028858212e-01 1.759710388993496736e+03
5.963622675339625978e-01 1.637531701738070751e+03
6.551284857587630350e-01 1.521398338667848520e+03
7.196855941730535555e-01 1.422960037611340340e+03
7.906042337028588163e-01 1.336162100081684457e+03
8.685112768820903995e-01 1.254971821545073226e+03
9.540953689793428838e-01 1.180488390315207198e+03
1.048113015153642191e+00 0.000000000000000000e+00
