1.048113066601954503e-02 1.233345884770022822e+05
1.151395323963562076e-02 0.000000000000000000e+00
1.264855132798976302e-02 2.290587723212463316e+05
1.389495400641860279e-02 1.446584629025986069e+05
1.526417862678452857e-02 1.838684190819856885e+05
1.676832820337198493e-02 0.000000000000000000e+00
1.842069839530119726e-02 1.656507764177714707e+05
2.023589503111089191e-02 1.545422909415939357e+05
2.222996321434766651e-02 1.584743143269623688e+05
2.442052915136719640e-02 1.248975258957072219e+05
2.682695595500901239e-02 1.329205100787869305e+05
2.947051480134291537e-02 1.385771161915101111e+05
3.237457295239669353e-02 1.048624766112183570e+05
3.556480030685772731e-02 1.132569758130139089e+05
3.906939630451649464e-02 9.661389437609846937e+04
4.291933919013282694e-02 9.430940378942449752e+04
4.714865984004791566e-02 9.079956058044062229e+04
5.179474257198286163e-02 7.656117943083790306e+04
5.689865559697841746e-02 7.235979200393504289e+04
6.250551403444545850e-02 6.368887106119650707e+04
6.866487869913283359e-02 5.954154939810819633e+04
7.543119418501802176e-02 5.397207609776088793e+04
8.286427011848424007e-02 4.662419568011227238e+04
9.102980983473445142e-02 3.987249547926161176e+04
9.999999115058272325e-02 3.424217098377592629e+04
1.098541043672585787e-01 3.130435763992036664e+04
1.206792531427361148e-01 2.749813644594423386e+04
1.325711244288214907e-01 2.595880438220966971e+04
1.456348342787200378e-01 2.293380627179574367e+04
1.599858570014452974e-01 1.989699915719445926e+04
1.757510458761641914e-01 1.820995680042115418e+04
1.930697544488981787e-01 1.641227374123044137e+04
2.120950683230800604e-01 1.473090744108970648e+04
2.329951583321586417e-01 1.338721716081498744e+04
2.559547670553742882e-01 1.239986142924575324e+04
2.811768418164965477e-01 1.128179942636368469e+04
3.088843286001189403e-01 1.033430762648716336e+04
3.393221427425128778e-01 9.579038915721423109e+03
3.727593338166072523e-01 8.900047662781098552e+03
4.094914638472018087e-01 8.306718284157625021e+03
4.498432198782237879e-01 7.735345791748790361e+03
4.941712839853393824e-01 7.234085893669052894e+03
5.428674861028858212e-01 6.780371033557064948e+03
5.963622675339625978e-01 6.377217219521497100e+03
6.551284857587630350e-01 5.984256373324420565e+03
7.196855941730535555e-01 5.606002232283701233e+03
7.906042337028588163e-01 5.261200956003303872e+03
8.685112768820903995e-01 4.919762605721146429e+03
9.540953689793428838e-01 4.596967142755791428e+03
1.048113015153642191e+00 0.000000000000000000e+00
