1.048113066601954503e-02 5.633287219885778613e+05
1.151395323963562076e-02 0.000000000000000000e+00
1.264855132798976302e-02 2.558348393049380393e+05
1.389495400641860279e-02 3.441251633758425596e+05
1.526417862678452857e-02 3.495314680713798152e+05
1.676832820337198493e-02 0.000000000000000000e+00
1.842069839530119726e-02 2.595682256999557430e+05
2.023589503111089191e-02 1.667241244974841247e+05
2.222996321434766651e-02 1.218110657365776424e+05
2.442052915136719640e-02 1.505575189244419162e+05
2.682695595500901239e-02 1.548564272954518383e+05
2.947051480134291537e-02 9.333344966828101315e+04
3.237457295239669353e-02 7.927890891590224055e+04
3.556480030685772731e-02 7.277373569671875157e+04
3.906939630451649464e-02 5.594291761436982779e+04
4.291933919013282694e-02 5.756951817585722893e+04
4.714865984004791566e-02 5.163396481849208067e+04
5.179474257198286163e-02 4.919109104269837553e+04
5.689865559697841746e-02 4.673899640973128407e+04
6.250551403444545850e-02 4.203224274585873354e+04
6.866487869913283359e-02 3.576237153992698586e+04
7.543119418501802176e-02 2.769965559882359230e+04
8.286427011848424007e-02 2.272706787102340604e+04
9.102980983473445142e-02 1.820507707016222048e+04
9.999999115058272325e-02 1.680883973051221983e+04
1.098541043672585787e-01 1.474334946154037607e+04
1.206792531427361148e-01 1.307064206747192111e+04
1.325711244288214907e-01 1.088594984069665770e+04
1.456348342787200378e-01 9.122267553162102558e+03
1.599858570014452974e-01 8.013449322789223515e+03
1.757510458761641914e-01 7.013429712563005523e+03
1.930697544488981787e-01 5.996532859586025552e+03
2.120950683230800604e-01 5.306659913864998998e+03
2.329951583321586417e-01 4.588915436658154249e+03
2.559547670553742882e-01 4.050952365016609292e+03
2.811768418164965477e-01 3.568160237335655893e+03
3.088843286001189403e-01 3.131921747772723393e+03
3.393221427425128778e-01 2.774827372631868911e+03
3.727593338166072523e-01 2.480539787238873032e+03
4.094914638472018087e-01 2.224145894535722164e+03
4.498432198782237879e-01 1.997095036257273023e+03
4.941712839853393824e-01 1.805682154686252716e+03
5.428674861028858212e-01 1.634513220521067524e+03
5.963622675339625978e-01 1.481483552101011355e+03
6.551284857587630350e-01 1.349481254918379364e+03
7.196855941730535555e-01 1.233261012973369361e+03
7.906042337028588163e-01 1.133687210390598466e+03
8.685112768820903995e-01 1.040778787955873440e+03
9.540953689793428838e-01 9.541127055153566516e+02
1.048113015153642191e+00 0.000000000000000000e+00
