1.048113066601954503e-02 3.867125342832072056e+04
1.151395323963562076e-02 0.000000000000000000e+00
1.264855132798976302e-02 8.794315540348330615e+03
1.389495400641860279e-02 3.885077565686404705e+04
1.526417862678452857e-02 4.963959427861038421e+04
1.676832820337198493e-02 0.000000000000000000e+00
1.842069839530119726e-02 4.754030559887373238e+04
2.023589503111089191e-02 4.309645546045318770e+04
2.222996321434766651e-02 6.858464307792272302e+04
2.442052915136719640e-02 4.195102556945307151e+04
2.682695595500901239e-02 5.105106850210691482e+04
2.947051480134291537e-02 4.503875669378658495e+04
3.237457295239669353e-02 4.087081364676263183e+04
3.556480030685772731e-02 2.874935749622942603e+04
3.906939630451649464e-02 3.681076586306978425e+04
4.291933919013282694e-02 3.526143838813559705e+04
4.714865984004791566e-02 3.108455684820448732e+04
5.179474257198286163e-02 2.901310159172787098e+04
5.689865559697841746e-02 2.652700771363993772e+04
6.250551403444545850e-02 2.469608982511505019e+04
6.866487869913283359e-02 2.174938432989078137e+04
7.543119418501802176e-02 2.083182512866799152e+04
8.286427011848424007e-02 1.936362363295319301e+04
9.102980983473445142e-02 1.701668314189090961e+04
9.999999115058272325e-02 1.381519460729522689e+04
1.098541043672585787e-01 1.215443177699189255e+04
1.206792531427361148e-01 1.156673395367629200e+04
1.325711244288214907e-01 1.064349162278290532e+04
1.456348342787200378e-01 9.234041654590064354e+03
1.599858570014452974e-01 8.174609471996468528e+03
1.757510458761641914e-01 7.219033267743205215e+03
1.930697544488981787e-01 6.500468872642086353e+03
2.120950683230800604e-01 5.779358425311635074e+03
2.329951583321586417e-01 5.099813648571720478e+03
2.559547670553742882e-01 4.580665000354293625e+03
2.811768418164965477e-01 4.126136875442998644e+03
3.088843286001189403e-01 3.713893681151839246e+03
3.393221427425128778e-01 3.345193420564008193e+03
3.727593338166072523e-01 3.031594278137392848e+03
4.094914638472018087e-01 2.773134818422031458e+03
4.498432198782237879e-01 2.545867856018035127e+03
4.941712839853393824e-01 2.332168225685446941e+03
5.428674861028858212e-01 2.148052446315189172e+03
5.963622675339625978e-01 1.994559143846282495e+03
6.551284857587630350e-01 1.847859863408179763e+03
7.196855941730535555e-01 1.721425024096387006e+03
7.906042337028588163e-01 1.602702614133943825e+03
8.685112768820903995e-01 1.496816824730420876e+03
9.540953689793428838e-01 1.402741802727982758e+03
1.048113015153642191e+00 0.000000000000000000e+00
