1.048113066601954503e-02 1.375920796187638538e+06
1.151395323963562076e-02 0.000000000000000000e+00
1.264855132798976302e-02 9.182608538282649824e+05
1.389495400641860279e-02 6.461276728198453784e+05
1.526417862678452857e-02 8.452026778147575678e+05
1.676832820337198493e-02 0.000000000000000000e+00
1.842069839530119726e-02 5.184035241478176322e+05
2.023589503111089191e-02 4.340300214116456336e+05
2.222996321434766651e-02 3.125650329360683681e+05
2.442052915136719640e-02 2.336228019563253911e+05
2.682695595500901239e-02 2.546687411028495408e+05
2.947051480134291537e-02 2.842712414636845351e+05
3.237457295239669353e-02 1.890159813858633279e+05
3.556480030685772731e-02 1.414047430766323232e+05
3.906939630451649464e-02 1.415743983159894706e+05
4.291933919013282694e-02 1.380222977696761955e+05
4.714865984004791566e-02 1.319730180633191485e+05
5.179474257198286163e-02 1.428658222248344100e+05
5.689865559697841746e-02 1.245760392633749871e+05
6.250551403444545850e-02 1.031163739147821907e+05
6.866487869913283359e-02 7.176629114301057416e+04
7.543119418501802176e-02 5.671573000711834175e+04
8.286427011848424007e-02 5.114928827740396082e+04
9.102980983473445142e-02 4.947936280497699772e+04
9.999999115058272325e-02 4.647018181870620174e+04
1.098541043672585787e-01 4.096195953281058610e+04
1.206792531427361148e-01 3.225766018543593236e+04
1.325711244288214907e-01 2.829577132644205267e+04
1.456348342787200378e-01 2.626972792717508128e+04
1.599858570014452974e-01 2.339316501306741702e+04
1.757510458761641914e-01 2.021236874236711446e+04
1.930697544488981787e-01 1.794865575789564900e+04
2.120950683230800604e-01 1.612583368548020917e+04
2.329951583321586417e-01 1.464351459147058995e+04
2.559547670553742882e-01 1.320619904064260118e+04
2.811768418164965477e-01 1.187158444462546868e+04
3.088843286001189403e-01 1.071532032141153468e+04
3.393221427425128778e-01 9.844583725255719401e+03
3.727593338166072523e-01 8.983291275640220192e+03
4.094914638472018087e-01 8.306369720028602387e+03
4.498432198782237879e-01 7.695617886990786246e+03
4.941712839853393824e-01 7.083736995493030918e+03
5.428674861028858212e-01 6.557473171480895871e+03
5.963622675339625978e-01 6.115069756135246280e+03
6.551284857587630350e-01 5.706983057908733826e+03
7.196855941730535555e-01 5.306986236338150775e+03
7.906042337028588163e-01 4.948173789346279591e+03
8.685112768820903995e-01 4.611832447749502535e+03
9.540953689793428838e-01 4.295845850512968354e+03
1.048113015153642191e+00 0.000000000000000000e+00
