1.048113066601954503e-02 4.257073070149179694e+04
1.151395323963562076e-02 0.000000000000000000e+00
1.264855132798976302e-02 4.229175975998451031e+04
1.389495400641860279e-02 1.140479535285916645e+05
1.526417862678452857e-02 8.465743971030722605e+04
1.676832820337198493e-02 0.000000000000000000e+00
1.842069839530119726e-02 3.513920094764905662e+04
2.023589503111089191e-02 6.930906813829578459e+04
2.222996321434766651e-02 6.122667004799556162e+04
2.442052915136719640e-02 6.721149687241569336e+04
2.682695595500901239e-02 7.160621846350900887e+04
2.947051480134291537e-02 7.384989842199195118e+04
3.237457295239669353e-02 5.939842006237780151e+04
3.556480030685772731e-02 7.242916369821356784e+04
3.906939630451649464e-02 5.867626176568734081e+04
4.291933919013282694e-02 4.903507999778244994e+04
4.714865984004791566e-02 4.729855144917887810e+04
5.179474257198286163e-02 4.964494644798649824e+04
5.689865559697841746e-02 4.324616665977489902e+04
6.250551403444545850e-02 4.274031326877996617e+04
6.866487869913283359e-02 3.835362537879073352e+04
7.543119418501802176e-02 3.676468769790236547e+04
8.286427011848424007e-02 3.407040269865495065e+04
9.102980983473445142e-02 3.087488490836210258e+04
9.999999115058272325e-02 2.742081292965006287e+04
1.098541043672585787e-01 2.323197381402980682e+04
1.206792531427361148e-01 2.178143532184367723e+04
1.325711244288214907e-01 2.041853535320787341e+04
1.456348342787200378e-01 1.856557766262325822e+04
1.599858570014452974e-01 1.636114018958779707e+04
1.757510458761641914e-01 1.483948946543932834e+04
1.930697544488981787e-01 1.345842747030355167e+04
2.120950683230800604e-01 1.256015306099967711e+04
2.329951583321586417e-01 1.142173169914713981e+04
2.559547670553742882e-01 1.056226136522616071e+04
2.811768418164965477e-01 9.664521846800653293e+03
3.088843286001189403e-01 8.966304898889799006e+03
3.393221427425128778e-01 8.328744019013436628e+03
3.727593338166072523e-01 7.772880067447054898e+03
4.094914638472018087e-01 7.307576741232503991e+03
4.498432198782237879e-01 6.865092556949060963e+03
4.941712839853393824e-01 6.480973820044006061e+03
5.428674861028858212e-01 6.106239922403266974e+03
5.963622675339625978e-01 5.772086380378515969e+03
6.551284857587630350e-01 5.451822739548404570e+03
7.196855941730535555e-01 5.157469558597442301e+03
7.906042337028588163e-01 4.871156697548346528e+03
8.685112768820903995e-01 4.605443256460654084e+03
9.540953689793428838e-01 4.340301982187777867e+03
1.048113015153642191e+00 0.000000000000000000e+00
