1.048113066601954503e-02 1.400674570709535619e+05
1.151395323963562076e-02 0.000000000000000000e+00
1.264855132798976302e-02 8.056749763809493743e+04
1.389495400641860279e-02 1.162196529902383190e+05
1.526417862678452857e-02 1.290766868517079565e+05
1.676832820337198493e-02 0.000000000000000000e+00
1.842069839530119726e-02 1.113790583453022118e+05
2.023589503111089191e-02 1.075786490493029269e+05
2.222996321434766651e-02 9.597536573923600372e+04
2.442052915136719640e-02 1.050342748762968404e+05
2.682695595500901239e-02 1.276049469444849819e+05
2.947051480134291537e-02 1.197732221944090998e+05
3.237457295239669353e-02 9.938159433281008387e+04
3.556480030685772731e-02 8.243655418686612393e+04
3.906939630451649464e-02 8.096143469180069224e+04
4.291933919013282694e-02 7.296280235193991393e+04
4.714865984004791566e-02 6.895560927036200883e+04
5.179474257198286163e-02 6.159818337656414951e+04
5.689865559697841746e-02 5.734265443953793147e+04
6.250551403444545850e-02 5.468913899610121734e+04
6.866487869913283359e-02 5.109707990110477840e+04
7.543119418501802176e-02 4.639077875937081262e+04
8.286427011848424007e-02 4.049916425094667647e+04
9.102980983473445142e-02 3.590332098130931263e+04
9.999999115058272325e-02 3.037124229006852329e+04
1.098541043672585787e-01 2.774084858824389812e+04
1.206792531427361148e-01 2.480743750806909520e+04
1.325711244288214907e-01 2.234171575406148986e+04
1.456348342787200378e-01 2.007490388049937974e+04
1.599858570014452974e-01 1.749359705749362911e+04
1.757510458761641914e-01 1.603015659631299422e+04
1.930697544488981787e-01 1.437369257943087723e+04
2.120950683230800604e-01 1.272439393712448509e+04
2.329951583321586417e-01 1.159726452647378210e+04
2.559547670553742882e-01 1.049650767227781580e+04
2.811768418164965477e-01 9.598899801539841064e+03
3.088843286001189403e-01 8.695743837881727814e+03
3.393221427425128778e-01 8.012717791920029413e+03
3.727593338166072523e-01 7.379655031304842851e+03
4.094914638472018087e-01 6.783824713618021633e+03
4.498432198782237879e-01 6.294272758960241845e+03
4.941712839853393824e-01 5.882203541816528741e+03
5.428674861028858212e-01 5.479963551937526063e+03
5.963622675339625978e-01 5.137538922670988541e+03
6.551284857587630350e-01 4.820423043868864625e+03
7.196855941730535555e-01 4.536685926030236260e+03
7.906042337028588163e-01 4.262792541603248537e+03
8.685112768820903995e-01 4.011894459217621261e+03
9.540953689793428838e-01 3.785052689949034630e+03
1.048113015153642191e+00 0.000000000000000000e+00
