1.048113066601954503e-02 1.116647345655179379e+05
1.151395323963562076e-02 0.000000000000000000e+00
1.264855132798976302e-02 1.872166519146520295e+05
1.389495400641860279e-02 7.827017944250468281e+04
1.526417862678452857e-02 6.566865888658541371e+04
1.676832820337198493e-02 0.000000000000000000e+00
1.842069839530119726e-02 9.735581767375030904e+04
2.023589503111089191e-02 7.655397823526921275e+04
2.222996321434766651e-02 5.748358998154352594e+04
2.442052915136719640e-02 8.442174026596671320e+04
2.682695595500901239e-02 5.657450804905452242e+04
2.947051480134291537e-02 6.630314123892268981e+04
3.237457295239669353e-02 6.300962900596798136e+04
3.556480030685772731e-02 5.889818738762786234e+04
3.906939630451649464e-02 5.025011583965389582e+04
4.291933919013282694e-02 5.591081477691202599e+04
4.714865984004791566e-02 5.061950723911354726e+04
5.179474257198286163e-02 4.887216808560107893e+04
5.689865559697841746e-02 4.260605668516359583e+04
6.250551403444545850e-02 3.664054640240431036e+04
6.866487869913283359e-02 3.867166869155251334e+04
7.543119418501802176e-02 3.655191561008125427e+04
8.286427011848424007e-02 3.058968347757951415e+04
9.102980983473445142e-02 2.807649909574152116e+04
9.999999115058272325e-02 2.509730201087770183e+04
1.098541043672585787e-01 2.210817865307893953e+04
1.206792531427361148e-01 1.959159977605174572e+04
1.325711244288214907e-01 1.780646023480850272e+04
1.456348342787200378e-01 1.605361523771806060e+04
1.599858570014452974e-01 1.396937959419954132e+04
1.757510458761641914e-01 1.276778764417968887e+04
1.930697544488981787e-01 1.141567322646669163e+04
2.120950683230800604e-01 1.041855624254406393e+04
2.329951583321586417e-01 9.243344198763854365e+03
2.559547670553742882e-01 8.391636348846001056e+03
2.811768418164965477e-01 7.671980447024881869e+03
3.088843286001189403e-01 6.976969796036343723e+03
3.393221427425128778e-01 6.377699580769357453e+03
3.727593338166072523e-01 5.815475351986833630e+03
4.094914638472018087e-01 5.409725470159875840e+03
4.498432198782237879e-01 4.973725896661911975e+03
4.941712839853393824e-01 4.626789340030233689e+03
5.428674861028858212e-01 4.323657605666200652e+03
5.963622675339625978e-01 4.042708903265982372e+03
6.551284857587630350e-01 3.786200081627824147e+03
7.196855941730535555e-01 3.556390770344238263e+03
7.906042337028588163e-01 3.344678990497413906e+03
8.685112768820903995e-01 3.148007064585916851e+03
9.540953689793428838e-01 2.963135514766807319e+03
1.048113015153642191e+00 0.000000000000000000e+00
