1.048113066601954503e-02 4.560112720675407909e+06
1.151395323963562076e-02 0.000000000000000000e+00
1.264855132798976302e-02 1.644871084886950906e+06
1.389495400641860279e-02 1.582334595693988493e+06
1.526417862678452857e-02 1.370117173735922202e+06
1.676832820337198493e-02 0.000000000000000000e+00
1.842069839530119726e-02 1.323399684037474450e+06
2.023589503111089191e-02 1.090541382459042594e+06
2.222996321434766651e-02 1.162041842177549843e+06
2.442052915136719640e-02 4.346471665314951097e+05
2.682695595500901239e-02 4.277128459514618735e+05
2.947051480134291537e-02 4.929950056729320786e+05
3.237457295239669353e-02 3.918271175737906015e+05
3.556480030685772731e-02 3.637109328195466078e+05
3.906939630451649464e-02 2.532241589664507192e+05
4.291933919013282694e-02 2.111033646719869575e+05
4.714865984004791566e-02 1.838673105343726929e+05
5.179474257198286163e-02 1.894286745707724185e+05
5.689865559697841746e-02 1.769135953976435703e+05
6.250551403444545850e-02 1.590119755904976046e+05
6.866487869913283359e-02 1.694662204376446898e+05
7.543119418501802176e-02 1.469824993571107334e+05
8.286427011848424007e-02 1.152764771632745978e+05
9.102980983473445142e-02 9.762999545189429773e+04
9.999999115058272325e-02 7.937034658893030428e+04
1.098541043672585787e-01 7.194289856936321303e+04
1.206792531427361148e-01 6.554964973058513715e+04
1.325711244288214907e-01 6.206646723465717514e+04
1.456348342787200378e-01 5.399218358843471651e+04
1.599858570014452974e-01 4.789227733148491825e+04
1.757510458761641914e-01 4.288388346691693005e+04
1.930697544488981787e-01 3.816254420580793521e+04
2.120950683230800604e-01 3.521001922553702752e+04
2.329951583321586417e-01 3.209181345602565125e+04
2.559547670553742882e-01 2.976531895056886424e+04
2.811768418164965477e-01 2.694031132305063147e+04
3.088843286001189403e-01 2.459085921026485812e+04
3.393221427425128778e-01 2.267785976053476770e+04
3.727593338166072523e-01 2.101213202818812715e+04
4.094914638472018087e-01 1.952463883382615677e+04
4.498432198782237879e-01 1.826637106144998688e+04
4.941712839853393824e-01 1.703182746300852887e+04
5.428674861028858212e-01 1.586406603575534609e+04
5.963622675339625978e-01 1.482246982103127448e+04
6.551284857587630350e-01 1.372503852198597269e+04
7.196855941730535555e-01 1.271089225999709379e+04
7.906042337028588163e-01 1.177174637739704667e+04
8.685112768820903995e-01 1.081818581855464799e+04
9.540953689793428838e-01 9.874338533036296212e+03
1.048113015153642191e+00 0.000000000000000000e+00
