1.048113066601954503e-02 3.513417863819104969e+05
1.151395323963562076e-02 0.000000000000000000e+00
1.264855132798976302e-02 1.230046143572335714e+05
1.389495400641860279e-02 8.975260712388907268e+04
1.526417862678452857e-02 1.772131163174766116e+05
1.676832820337198493e-02 0.000000000000000000e+00
1.842069839530119726e-02 1.357142504776241840e+05
2.023589503111089191e-02 1.531854665504134609e+05
2.222996321434766651e-02 2.306181250471762614e+05
2.442052915136719640e-02 1.850410461615786189e+05
2.682695595500901239e-02 1.557409944295564783e+05
2.947051480134291537e-02 1.589741922516621707e+05
3.237457295239669353e-02 1.158158857842322614e+05
3.556480030685772731e-02 8.731603828341238841e+04
3.906939630451649464e-02 1.026989069419851585e+05
4.291933919013282694e-02 8.636240103757663746e+04
4.714865984004791566e-02 8.634802898765982536e+04
5.179474257198286163e-02 7.798011947874812176e+04
5.689865559697841746e-02 7.033804137276687834e+04
6.250551403444545850e-02 6.314918810239540471e+04
6.866487869913283359e-02 5.834775829039932432e+04
7.543119418501802176e-02 5.623666306705038733e+04
8.286427011848424007e-02 5.206709241825755453e+04
9.102980983473445142e-02 4.598214634731489787e+04
9.999999115058272325e-02 3.939628347928346193e+04
1.098541043672585787e-01 3.108954840079283895e+04
1.206792531427361148e-01 2.973137772092782689e+04
1.325711244288214907e-01 2.707553909015800673e+04
1.456348342787200378e-01 2.507245147783881475e+04
1.599858570014452974e-01 2.200825293185540795e+04
1.757510458761641914e-01 1.956067543956266672e+04
1.930697544488981787e-01 1.739445131485962338e+04
2.120950683230800604e-01 1.581798389701411543e+04
2.329951583321586417e-01 1.419480798756082004e+04
2.559547670553742882e-01 1.303460069719056628e+04
2.811768418164965477e-01 1.192994060345291837e+04
3.088843286001189403e-01 1.089446390542598601e+04
3.393221427425128778e-01 1.005322231940604615e+04
3.727593338166072523e-01 9.216873619209716708e+03
4.094914638472018087e-01 8.613901724219842436e+03
4.498432198782237879e-01 7.994375998522086775e+03
4.941712839853393824e-01 7.476165677434475583e+03
5.428674861028858212e-01 6.987636081267764894e+03
5.963622675339625978e-01 6.582216499117659623e+03
6.551284857587630350e-01 6.208204655070298031e+03
7.196855941730535555e-01 5.850330284565450711e+03
7.906042337028588163e-01 5.514144566941394260e+03
8.685112768820903995e-01 5.202061524784154244e+03
9.540953689793428838e-01 4.905372681178250787e+03
1.048113015153642191e+00 0.000000000000000000e+00
