1.048113066601954503e-02 3.535652780170744518e+04
1.151395323963562076e-02 0.000000000000000000e+00
1.264855132798976302e-02 5.807009766919218237e+04
1.389495400641860279e-02 2.054552936354119447e+04
1.526417862678452857e-02 3.164553094433389924e+04
1.676832820337198493e-02 0.000000000000000000e+00
1.842069839530119726e-02 3.078158159742143835e+04
2.023589503111089191e-02 3.585391537600357697e+04
2.222996321434766651e-02 2.898912992882133040e+04
2.442052915136719640e-02 3.711226078899104323e+04
2.682695595500901239e-02 4.020359096644823876e+04
2.947051480134291537e-02 3.119827892064423577e+04
3.237457295239669353e-02 3.029687184691887524e+04
3.556480030685772731e-02 3.069893224284602911e+04
3.906939630451649464e-02 3.059474793844026135e+04
4.291933919013282694e-02 2.988894884593247116e+04
4.714865984004791566e-02 2.873335997077045249e+04
5.179474257198286163e-02 2.448898146111124515e+04
5.689865559697841746e-02 2.330669414897231036e+04
6.250551403444545850e-02 2.354091492966689111e+04
6.866487869913283359e-02 2.229575469597340270e+04
7.543119418501802176e-02 2.040124099779366225e+04
8.286427011848424007e-02 1.791592521944462715e+04
9.102980983473445142e-02 1.709957439692663320e+04
9.999999115058272325e-02 1.533651213457387712e+04
1.098541043672585787e-01 1.321660550985446753e+04
1.206792531427361148e-01 1.210671745722792730e+04
1.325711244288214907e-01 1.131756969704032599e+04
1.456348342787200378e-01 1.026277719776893537e+04
1.599858570014452974e-01 9.106604542909944939e+03
1.757510458761641914e-01 8.301242316783685965e+03
1.930697544488981787e-01 7.478479363112884130e+03
2.120950683230800604e-01 6.857930326079160295e+03
2.329951583321586417e-01 6.216775936262095456e+03
2.559547670553742882e-01 5.726117964743059929e+03
2.811768418164965477e-01 5.198875451161259662e+03
3.088843286001189403e-01 4.825407262643922877e+03
3.393221427425128778e-01 4.458596317488112618e+03
3.727593338166072523e-01 4.129203351942774134e+03
4.094914638472018087e-01 3.856622017688192955e+03
4.498432198782237879e-01 3.590888776946262169e+03
4.941712839853393824e-01 3.378795208358908894e+03
5.428674861028858212e-01 3.173047369936323776e+03
5.963622675339625978e-01 2.985991693473452415e+03
6.551284857587630350e-01 2.815279022676269960e+03
7.196855941730535555e-01 2.647722155873583688e+03
7.906042337028588163e-01 2.501111084678685074e+03
8.685112768820903995e-01 2.351907580528331437e+03
9.540953689793428838e-01 2.212620509570099784e+03
1.048113015153642191e+00 0.000000000000000000e+00
