1.048113066601954503e-02 6.878496881122417108e+04
1.151395323963562076e-02 0.000000000000000000e+00
1.264855132798976302e-02 4.600701790543121024e+04
1.389495400641860279e-02 5.478053481789604848e+04
1.526417862678452857e-02 5.513694020901764452e+04
1.676832820337198493e-02 0.000000000000000000e+00
1.842069839530119726e-02 2.871466497800534125e+04
2.023589503111089191e-02 4.093844494565892091e+04
2.222996321434766651e-02 3.733130282511896075e+04
2.442052915136719640e-02 6.060889579156839318e+04
2.682695595500901239e-02 4.537116714240387228e+04
2.947051480134291537e-02 3.820857010212574096e+04
3.237457295239669353e-02 4.170195532780376379e+04
3.556480030685772731e-02 4.182003682949507493e+04
3.906939630451649464e-02 3.340994949486786936e+04
4.291933919013282694e-02 3.226292046709091665e+04
4.714865984004791566e-02 2.977258170106447142e+04
5.179474257198286163e-02 2.712761715190238101e+04
5.689865559697841746e-02 2.565784864546207245e+04
6.250551403444545850e-02 2.413511028131219427e+04
6.866487869913283359e-02 2.286395046821231881e+04
7.543119418501802176e-02 2.056003317758243793e+04
8.286427011848424007e-02 1.819151147441246576e+04
9.102980983473445142e-02 1.557301374383236362e+04
9.999999115058272325e-02 1.341725520822027829e+04
1.098541043672585787e-01 1.207892198866302715e+04
1.206792531427361148e-01 1.097013325157299187e+04
1.325711244288214907e-01 1.004106837865223133e+04
1.456348342787200378e-01 9.125142405342850907e+03
1.599858570014452974e-01 7.765890519575043072e+03
1.757510458761641914e-01 6.945442912488223556e+03
1.930697544488981787e-01 6.304411234017428797e+03
2.120950683230800604e-01 5.652151088205227097e+03
2.329951583321586417e-01 5.099671118373466015e+03
2.559547670553742882e-01 4.597538293189725664e+03
2.811768418164965477e-01 4.151206019109606132e+03
3.088843286001189403e-01 3.778832740515851583e+03
3.393221427425128778e-01 3.425223910730167518e+03
3.727593338166072523e-01 3.166312360935787183e+03
4.094914638472018087e-01 2.917658690583994030e+03
4.498432198782237879e-01 2.686730641527182797e+03
4.941712839853393824e-01 2.484194808398002806e+03
5.428674861028858212e-01 2.305715004723699622e+03
5.963622675339625978e-01 2.150837085311333340e+03
6.551284857587630350e-01 2.003897085852051305e+03
7.196855941730535555e-01 1.867500482417201965e+03
7.906042337028588163e-01 1.747826811611033463e+03
8.685112768820903995e-01 1.636244476161234843e+03
9.540953689793428838e-01 1.530175568973627378e+03
1.048113015153642191e+00 0.000000000000000000e+00
