1.048113066601954503e-02 2.336490121745478609e+04
1.151395323963562076e-02 0.000000000000000000e+00
1.264855132798976302e-02 5.192125489714115974e+04
1.389495400641860279e-02 2.216393745601494447e+04
1.526417862678452857e-02 2.973878325879354452e+04
1.676832820337198493e-02 0.000000000000000000e+00
1.842069839530119726e-02 2.333592693413458255e+04
2.023589503111089191e-02 3.137656814487044176e+04
2.222996321434766651e-02 2.827574140092507514e+04
2.442052915136719640e-02 4.413666455199791380e+04
2.682695595500901239e-02 4.378362665264855605e+04
2.947051480134291537e-02 4.132525041401193448e+04
3.237457295239669353e-02 3.529016521019540960e+04
3.556480030685772731e-02 3.680592981012319069e+04
3.906939630451649464e-02 3.545217847863351926e+04
4.291933919013282694e-02 3.236037879978212732e+04
4.714865984004791566e-02 3.019677037020009448e+04
5.179474257198286163e-02 3.360294825450597273e+04
5.689865559697841746e-02 2.973125977495522966e+04
6.250551403444545850e-02 3.186849888622467552e+04
6.866487869913283359e-02 2.871304365000342659e+04
7.543119418501802176e-02 2.866923913145669212e+04
8.286427011848424007e-02 2.518262593489619030e+04
9.102980983473445142e-02 2.356813576236643712e+04
9.999999115058272325e-02 2.227353198615284418e+04
1.098541043672585787e-01 2.019654246639756457e+04
1.206792531427361148e-01 1.830081755975697524e+04
1.325711244288214907e-01 1.734107777853560765e+04
1.456348342787200378e-01 1.620777808578822805e+04
1.599858570014452974e-01 1.457897224843603908e+04
1.757510458761641914e-01 1.314590044586673321e+04
1.930697544488981787e-01 1.198268740938156952e+04
2.120950683230800604e-01 1.129454077979565591e+04
2.329951583321586417e-01 1.014596145847584194e+04
2.559547670553742882e-01 9.387893742633770671e+03
2.811768418164965477e-01 8.695037694325321354e+03
3.088843286001189403e-01 7.986109072773963817e+03
3.393221427425128778e-01 7.474230820137983756e+03
3.727593338166072523e-01 6.959979220893448655e+03
4.094914638472018087e-01 6.524370959292125917e+03
4.498432198782237879e-01 6.144203959414900964e+03
4.941712839853393824e-01 5.788013668401521500e+03
5.428674861028858212e-01 5.486645937384862918e+03
5.963622675339625978e-01 5.207269269324783636e+03
6.551284857587630350e-01 4.951046102103639896e+03
7.196855941730535555e-01 4.715024925853300374e+03
7.906042337028588163e-01 4.497448754985868618e+03
8.685112768820903995e-01 4.300617670952929984e+03
9.540953689793428838e-01 4.104166424371085668e+03
1.048113015153642191e+00 0.000000000000000000e+00
