1.048113066601954503e-02 1.440631079728927871e+05
1.151395323963562076e-02 0.000000000000000000e+00
1.264855132798976302e-02 1.152925147077707516e+05
1.389495400641860279e-02 5.463324909471115097e+04
1.526417862678452857e-02 1.208067958552695200e+05
1.676832820337198493e-02 0.000000000000000000e+00
1.842069839530119726e-02 1.073323099561561976e+05
2.023589503111089191e-02 1.291813649116154702e+05
2.222996321434766651e-02 1.694241363890716748e+05
2.442052915136719640e-02 7.790312902347496129e+04
2.682695595500901239e-02 1.093096802078297333e+05
2.947051480134291537e-02 9.043839862861309666e+04
3.237457295239669353e-02 9.040348755350254942e+04
3.556480030685772731e-02 6.975261798837764945e+04
3.906939630451649464e-02 8.182479518681865011e+04
4.291933919013282694e-02 6.957092935918476724e+04
4.714865984004791566e-02 5.975802947984360799e+04
5.179474257198286163e-02 5.840200451719226839e+04
5.689865559697841746e-02 5.408511000175100344e+04
6.250551403444545850e-02 4.775955751452816185e+04
6.866487869913283359e-02 4.951201266686424788e+04
7.543119418501802176e-02 4.601823804460056999e+04
8.286427011848424007e-02 3.939132313308968151e+04
9.102980983473445142e-02 3.370089325520725833e+04
9.999999115058272325e-02 2.827833977589591450e+04
1.098541043672585787e-01 2.567055506917880484e+04
1.206792531427361148e-01 2.368025830242660595e+04
1.325711244288214907e-01 2.231217657295677054e+04
1.456348342787200378e-01 1.969938200152587524e+04
1.599858570014452974e-01 1.647629270886723316e+04
1.757510458761641914e-01 1.479113098677068047e+04
1.930697544488981787e-01 1.344161233117789016e+04
2.120950683230800604e-01 1.227383007041680321e+04
2.329951583321586417e-01 1.092177987428195411e+04
2.559547670553742882e-01 1.003870886337887714e+04
2.811768418164965477e-01 9.063738998383727449e+03
3.088843286001189403e-01 8.305252914898919698e+03
3.393221427425128778e-01 7.543785518260430763e+03
3.727593338166072523e-01 6.939878483618225800e+03
4.094914638472018087e-01 6.436862804533615417e+03
4.498432198782237879e-01 5.987900777603595998e+03
4.941712839853393824e-01 5.586411764318669157e+03
5.428674861028858212e-01 5.228045023731378024e+03
5.963622675339625978e-01 4.885007575995698971e+03
6.551284857587630350e-01 4.585720823674082567e+03
7.196855941730535555e-01 4.321971113600916397e+03
7.906042337028588163e-01 4.072293322311867087e+03
8.685112768820903995e-01 3.844936615279182661e+03
9.540953689793428838e-01 3.629720319399223627e+03
1.048113015153642191e+00 0.000000000000000000e+00
