1.048113066601954503e-02 3.343014228391065262e+04
1.151395323963562076e-02 0.000000000000000000e+00
1.264855132798976302e-02 4.135572961484298139e+04
1.389495400641860279e-02 3.915217515792834456e+04
1.526417862678452857e-02 3.620185572249200050e+04
1.676832820337198493e-02 0.000000000000000000e+00
1.842069839530119726e-02 5.120478798284656659e+04
2.023589503111089191e-02 6.479700124692418467e+04
2.222996321434766651e-02 4.192386669488857297e+04
2.442052915136719640e-02 3.256678797115296766e+04
2.682695595500901239e-02 3.495832514718595485e+04
2.947051480134291537e-02 3.005666251719982029e+04
3.237457295239669353e-02 3.453603527160884551e+04
3.556480030685772731e-02 3.205298629136447562e+04
3.906939630451649464e-02 2.739990252375447744e+04
4.291933919013282694e-02 2.795314898384292610e+04
4.714865984004791566e-02 2.308604723400502917e+04
5.179474257198286163e-02 2.304919772424866460e+04
5.689865559697841746e-02 2.064939672991999032e+04
6.250551403444545850e-02 2.064248289073389242e+04
6.866487869913283359e-02 1.706275143898681927e+04
7.543119418501802176e-02 1.586497853387422401e+04
8.286427011848424007e-02 1.381950359381753697e+04
9.102980983473445142e-02 1.176404266398911204e+04
9.999999115058272325e-02 1.034456752033898738e+04
1.098541043672585787e-01 8.787358977812575176e+03
1.206792531427361148e-01 7.928747200384329517e+03
1.325711244288214907e-01 7.354336078430205816e+03
1.456348342787200378e-01 6.301622555405841922e+03
1.599858570014452974e-01 5.412785726599207919e+03
1.757510458761641914e-01 4.787427101763072642e+03
1.930697544488981787e-01 4.222213055456903021e+03
2.120950683230800604e-01 3.698611364015599520e+03
2.329951583321586417e-01 3.277216562812616758e+03
2.559547670553742882e-01 2.912315827813123178e+03
2.811768418164965477e-01 2.583588597617235337e+03
3.088843286001189403e-01 2.310518210403028661e+03
3.393221427425128778e-01 2.070580060381103976e+03
3.727593338166072523e-01 1.849728754653868236e+03
4.094914638472018087e-01 1.666301237279294355e+03
4.498432198782237879e-01 1.515236626795973280e+03
4.941712839853393824e-01 1.372750080305860592e+03
5.428674861028858212e-01 1.258326561694806060e+03
5.963622675339625978e-01 1.147679132176485155e+03
6.551284857587630350e-01 1.056896195922858624e+03
7.196855941730535555e-01 9.685898334962014360e+02
7.906042337028588163e-01 8.986190921960296691e+02
8.685112768820903995e-01 8.288476552745568142e+02
9.540953689793428838e-01 7.687553446420184855e+02
1.048113015153642191e+00 0.000000000000000000e+00
