1.048113066601954503e-02 2.104469707068011121e+04
1.151395323963562076e-02 0.000000000000000000e+00
1.264855132798976302e-02 5.147928954123385483e+04
1.389495400641860279e-02 4.148344294190495566e+04
1.526417862678452857e-02 3.798698722208967229e+04
1.676832820337198493e-02 0.000000000000000000e+00
1.842069839530119726e-02 3.933647020020081982e+04
2.023589503111089191e-02 5.346794230296999740e+04
2.222996321434766651e-02 3.345944253368736827e+04
2.442052915136719640e-02 5.412458497971261386e+04
2.682695595500901239e-02 5.757796048200670339e+04
2.947051480134291537e-02 6.096091608440152777e+04
3.237457295239669353e-02 4.725726855678118591e+04
3.556480030685772731e-02 4.287668074750654341e+04
3.906939630451649464e-02 4.370057447911649069e+04
4.291933919013282694e-02 4.283489700731464836e+04
4.714865984004791566e-02 3.900960461644719180e+04
5.179474257198286163e-02 3.891188518180025858e+04
5.689865559697841746e-02 3.503227126450571814e+04
6.250551403444545850e-02 3.557653499744339206e+04
6.866487869913283359e-02 3.201746545945967955e+04
7.543119418501802176e-02 3.048744246903619933e+04
8.286427011848424007e-02 2.698027656750140886e+04
9.102980983473445142e-02 2.446807607698480570e+04
9.999999115058272325e-02 2.131986305497387002e+04
1.098541043672585787e-01 2.003768759610020425e+04
1.206792531427361148e-01 1.815443863871639769e+04
1.325711244288214907e-01 1.663444093088097725e+04
1.456348342787200378e-01 1.510057136543598790e+04
1.599858570014452974e-01 1.341599469191032040e+04
1.757510458761641914e-01 1.214265842759024054e+04
1.930697544488981787e-01 1.111835849509476429e+04
2.120950683230800604e-01 1.010529832861396062e+04
2.329951583321586417e-01 9.223753436056318606e+03
2.559547670553742882e-01 8.415637506307743024e+03
2.811768418164965477e-01 7.719868162869786829e+03
3.088843286001189403e-01 7.105411747394487065e+03
3.393221427425128778e-01 6.535463145597543189e+03
3.727593338166072523e-01 6.027269270125791081e+03
4.094914638472018087e-01 5.627318945812188758e+03
4.498432198782237879e-01 5.262601672882501589e+03
4.941712839853393824e-01 4.918639483217837551e+03
5.428674861028858212e-01 4.626319409389676366e+03
5.963622675339625978e-01 4.368214417469862383e+03
6.551284857587630350e-01 4.138097912393254774e+03
7.196855941730535555e-01 3.907829023624371985e+03
7.906042337028588163e-01 3.719590646435858616e+03
8.685112768820903995e-01 3.515998053004500434e+03
9.540953689793428838e-01 3.335960124749979059e+03
1.048113015153642191e+00 0.000000000000000000e+00
