1.048113066601954503e-02 2.855707564560801256e+04
1.151395323963562076e-02 0.000000000000000000e+00
1.264855132798976302e-02 3.318317707233066903e+04
1.389495400641860279e-02 4.898966788939937396e+04
1.526417862678452857e-02 2.809450226573529653e+04
1.676832820337198493e-02 0.000000000000000000e+00
1.842069839530119726e-02 4.174488416909491934e+04
2.023589503111089191e-02 4.453605261783258175e+04
2.222996321434766651e-02 4.335646930444067402e+04
2.442052915136719640e-02 4.601083199012409023e+04
2.682695595500901239e-02 3.600286396298716863e+04
2.947051480134291537e-02 3.834797529064008995e+04
3.237457295239669353e-02 5.376346097970728442e+04
3.556480030685772731e-02 3.547085511828303424e+04
3.906939630451649464e-02 4.140960396280689747e+04
4.291933919013282694e-02 3.846695442920549249e+04
4.714865984004791566e-02 3.397493789732100413e+04
5.179474257198286163e-02 3.258874866038826440e+04
5.689865559697841746e-02 3.445099946340879978e+04
6.250551403444545850e-02 2.769482565436671939e+04
6.866487869913283359e-02 2.729596768148895353e+04
7.543119418501802176e-02 2.693002313480836165e+04
8.286427011848424007e-02 2.561450489234120323e+04
9.102980983473445142e-02 2.422180330453094575e+04
9.999999115058272325e-02 2.127014608291327386e+04
1.098541043672585787e-01 1.835604869249594776e+04
1.206792531427361148e-01 1.719960665458797303e+04
1.325711244288214907e-01 1.595320931089359874e+04
1.456348342787200378e-01 1.490997052287969927e+04
1.599858570014452974e-01 1.354556326759844524e+04
1.757510458761641914e-01 1.219337716684018596e+04
1.930697544488981787e-01 1.106313655931580979e+04
2.120950683230800604e-01 1.018981249260701406e+04
2.329951583321586417e-01 9.252979939679789823e+03
2.559547670553742882e-01 8.601903076483000405e+03
2.811768418164965477e-01 7.955307977571015726e+03
3.088843286001189403e-01 7.388756522558557663e+03
3.393221427425128778e-01 6.934142001566373438e+03
3.727593338166072523e-01 6.422061940010045873e+03
4.094914638472018087e-01 6.040428256475621311e+03
4.498432198782237879e-01 5.677317629035566824e+03
4.941712839853393824e-01 5.362678852754218497e+03
5.428674861028858212e-01 5.095859545669694853e+03
5.963622675339625978e-01 4.842250338232492140e+03
6.551284857587630350e-01 4.600366690240823118e+03
7.196855941730535555e-01 4.373793665078756021e+03
7.906042337028588163e-01 4.155613356444625424e+03
8.685112768820903995e-01 3.948688935854848751e+03
9.540953689793428838e-01 3.753517410222873878e+03
1.048113015153642191e+00 0.000000000000000000e+00
