1.048113066601954503e-02 8.271617604355207004e+04
1.151395323963562076e-02 0.000000000000000000e+00
1.264855132798976302e-02 7.544481383830701816e+04
1.389495400641860279e-02 7.895254934099233651e+04
1.526417862678452857e-02 1.539697796294008440e+05
1.676832820337198493e-02 0.000000000000000000e+00
1.842069839530119726e-02 1.024925268357057794e+05
2.023589503111089191e-02 9.058780492444989795e+04
2.222996321434766651e-02 1.164636030038798781e+05
2.442052915136719640e-02 1.587900306935275439e+05
2.682695595500901239e-02 1.059804151844193111e+05
2.947051480134291537e-02 9.094451467428600881e+04
3.237457295239669353e-02 7.196268456338399847e+04
3.556480030685772731e-02 7.177830283201974817e+04
3.906939630451649464e-02 7.363130756995595584e+04
4.291933919013282694e-02 7.416592765599809354e+04
4.714865984004791566e-02 6.007096289938445261e+04
5.179474257198286163e-02 5.493627659094674163e+04
5.689865559697841746e-02 4.932150165576725703e+04
6.250551403444545850e-02 4.978079423534187663e+04
6.866487869913283359e-02 4.297255331666547863e+04
7.543119418501802176e-02 4.286050953440279409e+04
8.286427011848424007e-02 3.549655296375539911e+04
9.102980983473445142e-02 3.092788410859808937e+04
9.999999115058272325e-02 2.752467567271295411e+04
1.098541043672585787e-01 2.427483244767101132e+04
1.206792531427361148e-01 2.216701630003452010e+04
1.325711244288214907e-01 1.977456955414823824e+04
1.456348342787200378e-01 1.780700103784804378e+04
1.599858570014452974e-01 1.613298741890169549e+04
1.757510458761641914e-01 1.445928084420277082e+04
1.930697544488981787e-01 1.316002275606767398e+04
2.120950683230800604e-01 1.192080452329129366e+04
2.329951583321586417e-01 1.068634935730402867e+04
2.559547670553742882e-01 9.951152005879677745e+03
2.811768418164965477e-01 9.029295771375969707e+03
3.088843286001189403e-01 8.318336289082242729e+03
3.393221427425128778e-01 7.744718085623939260e+03
3.727593338166072523e-01 7.150453315299705537e+03
4.094914638472018087e-01 6.685191048470689566e+03
4.498432198782237879e-01 6.293415695817393498e+03
4.941712839853393824e-01 5.884490931345635545e+03
5.428674861028858212e-01 5.526209065558236944e+03
5.963622675339625978e-01 5.203580544273134365e+03
6.551284857587630350e-01 4.876708754619255160e+03
7.196855941730535555e-01 4.590973386872472474e+03
7.906042337028588163e-01 4.317581239942423963e+03
8.685112768820903995e-01 4.029965491541022857e+03
9.540953689793428838e-01 3.769818837650989735e+03
1.048113015153642191e+00 0.000000000000000000e+00
