1.048113066601954503e-02 3.219730827263623360e+04
1.151395323963562076e-02 0.000000000000000000e+00
1.264855132798976302e-02 3.742022421434304852e+04
1.389495400641860279e-02 5.521140102237629617e+04
1.526417862678452857e-02 3.167547561548427257e+04
1.676832820337198493e-02 0.000000000000000000e+00
1.842069839530119726e-02 4.705740496771493054e+04
2.023589503111089191e-02 5.021681499042853102e+04
2.222996321434766651e-02 4.889153082107158843e+04
2.442052915136719640e-02 5.186788099649229116e+04
2.682695595500901239e-02 4.059410039516090183e+04
2.947051480134291537e-02 4.323972942891632556e+04
3.237457295239669353e-02 6.062093381738908647e+04
3.556480030685772731e-02 4.001040405545351678e+04
3.906939630451649464e-02 4.669993753915990965e+04
4.291933919013282694e-02 4.339425226582879259e+04
4.714865984004791566e-02 3.833278272307284351e+04
5.179474257198286163e-02 3.677670193917774304e+04
5.689865559697841746e-02 3.887226770648603269e+04
6.250551403444545850e-02 3.126556055655512682e+04
6.866487869913283359e-02 3.082223304942612594e+04
7.543119418501802176e-02 3.042037737245348762e+04
8.286427011848424007e-02 2.895109211731222240e+04
9.102980983473445142e-02 2.739504644282305526e+04
9.999999115058272325e-02 2.407179911748368613e+04
1.098541043672585787e-01 2.078647052275425813e+04
1.206792531427361148e-01 1.949077381093516669e+04
1.325711244288214907e-01 1.809640505964995100e+04
1.456348342787200378e-01 1.692576542907296243e+04
1.599858570014452974e-01 1.539320172164665746e+04
1.757510458761641914e-01 1.387349962153573142e+04
1.930697544488981787e-01 1.260200693873214550e+04
2.120950683230800604e-01 1.162160126534519259e+04
2.329951583321586417e-01 1.056773440184491665e+04
2.559547670553742882e-01 9.837662827174728591e+03
2.811768418164965477e-01 9.111191564708811711e+03
3.088843286001189403e-01 8.474891425018207883e+03
3.393221427425128778e-01 7.964704922042272301e+03
3.727593338166072523e-01 7.387918219683942880e+03
4.094914638472018087e-01 6.959581903741223869e+03
4.498432198782237879e-01 6.551088104186548662e+03
4.941712839853393824e-01 6.197437037993413469e+03
5.428674861028858212e-01 5.897902177792378097e+03
5.963622675339625978e-01 5.613008295155954329e+03
6.551284857587630350e-01 5.340753952124413445e+03
7.196855941730535555e-01 5.085425103312109059e+03
7.906042337028588163e-01 4.839011993516747680e+03
8.685112768820903995e-01 4.605256924241253728e+03
9.540953689793428838e-01 4.384593266730737014e+03
1.048113015153642191e+00 0.000000000000000000e+00
