1.048113066601954503e-02 1.212272584988867398e+06
1.151395323963562076e-02 0.000000000000000000e+00
1.264855132798976302e-02 1.279771381878034212e+06
1.389495400641860279e-02 9.323128020063553704e+05
1.526417862678452857e-02 8.583804475852696924e+05
1.676832820337198493e-02 0.000000000000000000e+00
1.842069839530119726e-02 6.096459516929594101e+05
2.023589503111089191e-02 8.218599422534025507e+05
2.222996321434766651e-02 3.907507926361278514e+05
2.442052915136719640e-02 5.053578795774638420e+05
2.682695595500901239e-02 4.329069064810268464e+05
2.947051480134291537e-02 2.942638797592776245e+05
3.237457295239669353e-02 2.549013953069316631e+05
3.556480030685772731e-02 2.726020352192391292e+05
3.906939630451649464e-02 1.806375791933104047e+05
4.291933919013282694e-02 1.824822116891330807e+05
4.714865984004791566e-02 1.817245136438501650e+05
5.179474257198286163e-02 1.604547518438864499e+05
5.689865559697841746e-02 1.708343303621504456e+05
6.250551403444545850e-02 1.354318728352408507e+05
6.866487869913283359e-02 1.113508834153783682e+05
7.543119418501802176e-02 8.916094213079973997e+04
8.286427011848424007e-02 7.242803059509306331e+04
9.102980983473445142e-02 6.532203791413752333e+04
9.999999115058272325e-02 6.080835871907914407e+04
1.098541043672585787e-01 5.496797983503269643e+04
1.206792531427361148e-01 4.734580166098142217e+04
1.325711244288214907e-01 3.986769264461743296e+04
1.456348342787200378e-01 3.697228269946856017e+04
1.599858570014452974e-01 3.221134042967913047e+04
1.757510458761641914e-01 2.903744917321649700e+04
1.930697544488981787e-01 2.644114723824585235e+04
2.120950683230800604e-01 2.398406379822582676e+04
2.329951583321586417e-01 2.162151876771115349e+04
2.559547670553742882e-01 1.980912372192804105e+04
2.811768418164965477e-01 1.805962652322803478e+04
3.088843286001189403e-01 1.661415842951467494e+04
3.393221427425128778e-01 1.526343174682478639e+04
3.727593338166072523e-01 1.415335882430773563e+04
4.094914638472018087e-01 1.299497779552626889e+04
4.498432198782237879e-01 1.211917059770984815e+04
4.941712839853393824e-01 1.119863063416453224e+04
5.428674861028858212e-01 1.046225232431644690e+04
5.963622675339625978e-01 9.669881911532986123e+03
6.551284857587630350e-01 8.973800359762770313e+03
7.196855941730535555e-01 8.338702631610129174e+03
7.906042337028588163e-01 7.717825259908531734e+03
8.685112768820903995e-01 7.107823216995670009e+03
9.540953689793428838e-01 6.504655550058945664e+03
1.048113015153642191e+00 0.000000000000000000e+00
