1.048113066601954503e-02 4.358830022672453197e+04
1.151395323963562076e-02 0.000000000000000000e+00
1.264855132798976302e-02 3.827897414942041360e+04
1.389495400641860279e-02 4.704144164896493749e+04
1.526417862678452857e-02 3.687893072879986721e+04
1.676832820337198493e-02 0.000000000000000000e+00
1.842069839530119726e-02 5.697567910378769739e+04
2.023589503111089191e-02 6.469591341772487795e+04
2.222996321434766651e-02 4.602999182569389814e+04
2.442052915136719640e-02 5.251748682923844171e+04
2.682695595500901239e-02 6.261350504308447125e+04
2.947051480134291537e-02 5.339837311111098097e+04
3.237457295239669353e-02 5.304453920400967036e+04
3.556480030685772731e-02 5.086000717825539323e+04
3.906939630451649464e-02 4.343658046431752882e+04
4.291933919013282694e-02 4.240121461856729002e+04
4.714865984004791566e-02 3.733322415133626055e+04
5.179474257198286163e-02 3.272001596659998177e+04
5.689865559697841746e-02 3.098806322029067815e+04
6.250551403444545850e-02 2.936914072855571430e+04
6.866487869913283359e-02 2.748900765761372895e+04
7.543119418501802176e-02 2.693330336357685519e+04
8.286427011848424007e-02 2.562944654398454804e+04
9.102980983473445142e-02 2.200140747574380293e+04
9.999999115058272325e-02 1.914821504043797540e+04
1.098541043672585787e-01 1.653483260802947552e+04
1.206792531427361148e-01 1.505254201450023902e+04
1.325711244288214907e-01 1.384870958089846317e+04
1.456348342787200378e-01 1.234392283701427550e+04
1.599858570014452974e-01 1.131804642644801243e+04
1.757510458761641914e-01 9.962565961941640126e+03
1.930697544488981787e-01 8.984606628752915640e+03
2.120950683230800604e-01 8.125833439726826327e+03
2.329951583321586417e-01 7.377248050982707355e+03
2.559547670553742882e-01 6.641080090478861166e+03
2.811768418164965477e-01 6.128458636035378731e+03
3.088843286001189403e-01 5.568713986078471862e+03
3.393221427425128778e-01 5.173924195779241927e+03
3.727593338166072523e-01 4.762147027812364286e+03
4.094914638472018087e-01 4.403653585024469066e+03
4.498432198782237879e-01 4.110315960527789684e+03
4.941712839853393824e-01 3.840692756786269911e+03
5.428674861028858212e-01 3.603248949650762370e+03
5.963622675339625978e-01 3.380137810842222279e+03
6.551284857587630350e-01 3.177057836513613893e+03
7.196855941730535555e-01 2.980584075612320248e+03
7.906042337028588163e-01 2.805069993611081372e+03
8.685112768820903995e-01 2.621863229528139072e+03
9.540953689793428838e-01 2.454851358542114212e+03
1.048113015153642191e+00 0.000000000000000000e+00
