1.048113066601954503e-02 5.015922567658392945e+05
1.151395323963562076e-02 0.000000000000000000e+00
1.264855132798976302e-02 9.753128944604611024e+05
1.389495400641860279e-02 1.112529981948622735e+06
1.526417862678452857e-02 1.241545128097228240e+06
1.676832820337198493e-02 0.000000000000000000e+00
1.842069839530119726e-02 5.388320548773044720e+05
2.023589503111089191e-02 6.500561430304078385e+05
2.222996321434766651e-02 5.833293893539810088e+05
2.442052915136719640e-02 5.406035333307334222e+05
2.682695595500901239e-02 4.402468346194506157e+05
2.947051480134291537e-02 3.277177705612329300e+05
3.237457295239669353e-02 3.359165872570843203e+05
3.556480030685772731e-02 2.217682765934062190e+05
3.906939630451649464e-02 2.463194632997931913e+05
4.291933919013282694e-02 2.175583916892140696e+05
4.714865984004791566e-02 2.112666202058546478e+05
5.179474257198286163e-02 1.835717416393948370e+05
5.689865559697841746e-02 1.780552288890174823e+05
6.250551403444545850e-02 1.630753037541897502e+05
6.866487869913283359e-02 1.279839843371765164e+05
7.543119418501802176e-02 1.054336319984242728e+05
8.286427011848424007e-02 8.366928341202030424e+04
9.102980983473445142e-02 7.586116939621214988e+04
9.999999115058272325e-02 7.372251460624895117e+04
1.098541043672585787e-01 6.586388630279262725e+04
1.206792531427361148e-01 5.582265225864666718e+04
1.325711244288214907e-01 4.898654493406699476e+04
1.456348342787200378e-01 4.326666502571332967e+04
1.599858570014452974e-01 3.893546141767113295e+04
1.757510458761641914e-01 3.508487252364751475e+04
1.930697544488981787e-01 3.184320752596931561e+04
2.120950683230800604e-01 2.852100277514502159e+04
2.329951583321586417e-01 2.554845665836385888e+04
2.559547670553742882e-01 2.333499864729799447e+04
2.811768418164965477e-01 2.161080123936211021e+04
3.088843286001189403e-01 1.962922243220903329e+04
3.393221427425128778e-01 1.813495783944150025e+04
3.727593338166072523e-01 1.686088282810045712e+04
4.094914638472018087e-01 1.566288128660799703e+04
4.498432198782237879e-01 1.454882434892538004e+04
4.941712839853393824e-01 1.353035046248944491e+04
5.428674861028858212e-01 1.267888249950111094e+04
5.963622675339625978e-01 1.179928791281483791e+04
6.551284857587630350e-01 1.106911683704754978e+04
7.196855941730535555e-01 1.034650511507141164e+04
7.906042337028588163e-01 9.656025686110580864e+03
8.685112768820903995e-01 8.955804646139647957e+03
9.540953689793428838e-01 8.274083717031822744e+03
1.048113015153642191e+00 0.000000000000000000e+00
