1.048113066601954503e-02 5.924714395734699792e+04
1.151395323963562076e-02 0.000000000000000000e+00
1.264855132798976302e-02 1.883303044457261421e+04
1.389495400641860279e-02 3.446354419337221771e+04
1.526417862678452857e-02 3.581159490439399087e+04
1.676832820337198493e-02 0.000000000000000000e+00
1.842069839530119726e-02 2.248913870328745543e+04
2.023589503111089191e-02 3.105794949273802195e+04
2.222996321434766651e-02 3.044764594707432843e+04
2.442052915136719640e-02 4.427432438552749227e+04
2.682695595500901239e-02 3.206429304379910536e+04
2.947051480134291537e-02 3.902140913254404586e+04
3.237457295239669353e-02 3.909612862084984954e+04
3.556480030685772731e-02 3.866021057181567448e+04
3.906939630451649464e-02 3.449312122581532458e+04
4.291933919013282694e-02 3.025371589926641172e+04
4.714865984004791566e-02 3.106271761046109168e+04
5.179474257198286163e-02 2.762726454141421709e+04
5.689865559697841746e-02 2.707392077759637323e+04
6.250551403444545850e-02 2.543077402678711223e+04
6.866487869913283359e-02 2.599555096949373547e+04
7.543119418501802176e-02 2.235531833267944239e+04
8.286427011848424007e-02 2.327898468314756974e+04
9.102980983473445142e-02 2.096969218993471804e+04
9.999999115058272325e-02 1.881814474027704637e+04
1.098541043672585787e-01 1.539065704594154158e+04
1.206792531427361148e-01 1.450433704033766298e+04
1.325711244288214907e-01 1.338708165272458973e+04
1.456348342787200378e-01 1.258805184848872887e+04
1.599858570014452974e-01 1.114633350802817586e+04
1.757510458761641914e-01 9.936316894758907438e+03
1.930697544488981787e-01 8.976959785921488219e+03
2.120950683230800604e-01 8.237266611248754998e+03
2.329951583321586417e-01 7.430207031736215868e+03
2.559547670553742882e-01 6.728373059424044186e+03
2.811768418164965477e-01 6.113211607493723022e+03
3.088843286001189403e-01 5.579294037420263521e+03
3.393221427425128778e-01 5.099032496087547770e+03
3.727593338166072523e-01 4.653604337462235890e+03
4.094914638472018087e-01 4.306935521315587721e+03
4.498432198782237879e-01 3.995815237006901953e+03
4.941712839853393824e-01 3.705821542999338817e+03
5.428674861028858212e-01 3.452388119633254973e+03
5.963622675339625978e-01 3.252463220982007897e+03
6.551284857587630350e-01 3.048515143700088629e+03
7.196855941730535555e-01 2.872660633534547287e+03
7.906042337028588163e-01 2.706712122015122986e+03
8.685112768820903995e-01 2.575036902375258251e+03
9.540953689793428838e-01 2.439823042038387030e+03
1.048113015153642191e+00 0.000000000000000000e+00
