1.048113066601954503e-02 1.124854165521435789e+05
1.151395323963562076e-02 0.000000000000000000e+00
1.264855132798976302e-02 7.867546313728560926e+04
1.389495400641860279e-02 6.315653329264335480e+04
1.526417862678452857e-02 9.779497461425192887e+04
1.676832820337198493e-02 0.000000000000000000e+00
1.842069839530119726e-02 7.276118222882506961e+04
2.023589503111089191e-02 8.691683614046980802e+04
2.222996321434766651e-02 4.994128155801475805e+04
2.442052915136719640e-02 8.693391074463519908e+04
2.682695595500901239e-02 7.597196866656141356e+04
2.947051480134291537e-02 6.728916837715708243e+04
3.237457295239669353e-02 5.937174208560290572e+04
3.556480030685772731e-02 5.093532995329673577e+04
3.906939630451649464e-02 6.580986203953501536e+04
4.291933919013282694e-02 4.909056688920024317e+04
4.714865984004791566e-02 5.114420560222264612e+04
5.179474257198286163e-02 4.476407070061750710e+04
5.689865559697841746e-02 4.343652798308110505e+04
6.250551403444545850e-02 3.910865840447453229e+04
6.866487869913283359e-02 3.770361656076212239e+04
7.543119418501802176e-02 3.417314268828008790e+04
8.286427011848424007e-02 2.872102853761957522e+04
9.102980983473445142e-02 2.527603376208784539e+04
9.999999115058272325e-02 2.312047724138595368e+04
1.098541043672585787e-01 2.131907465185847104e+04
1.206792531427361148e-01 2.000172162616121204e+04
1.325711244288214907e-01 1.673118204672305728e+04
1.456348342787200378e-01 1.527270080037160369e+04
1.599858570014452974e-01 1.350452993664459791e+04
1.757510458761641914e-01 1.226640219580733537e+04
1.930697544488981787e-01 1.105621410561757330e+04
2.120950683230800604e-01 9.896957808088507591e+03
2.329951583321586417e-01 8.892070148780963791e+03
2.559547670553742882e-01 8.131753770924068704e+03
2.811768418164965477e-01 7.367307731616902856e+03
3.088843286001189403e-01 6.718530250362642619e+03
3.393221427425128778e-01 6.191369671905900759e+03
3.727593338166072523e-01 5.704334841870143464e+03
4.094914638472018087e-01 5.285229977848142880e+03
4.498432198782237879e-01 4.908073647029766107e+03
4.941712839853393824e-01 4.560415964436135255e+03
5.428674861028858212e-01 4.257369726288490710e+03
5.963622675339625978e-01 3.993563740689551651e+03
6.551284857587630350e-01 3.755350759239623585e+03
7.196855941730535555e-01 3.532134521408691398e+03
7.906042337028588163e-01 3.331170252344833443e+03
8.685112768820903995e-01 3.144521787057254187e+03
9.540953689793428838e-01 2.977391531910509912e+03
1.048113015153642191e+00 0.000000000000000000e+00
