1.048113066601954503e-02 4.793373424070449983e+04
1.151395323963562076e-02 0.000000000000000000e+00
1.264855132798976302e-02 4.764144484754118457e+04
1.389495400641860279e-02 1.284822735216172732e+05
1.526417862678452857e-02 9.538714774593204493e+04
1.676832820337198493e-02 0.000000000000000000e+00
1.842069839530119726e-02 3.959085157583858381e+04
2.023589503111089191e-02 7.808101715252849681e+04
2.222996321434766651e-02 6.896226474015462736e+04
2.442052915136719640e-02 7.573803720592567697e+04
2.682695595500901239e-02 8.071217555549825192e+04
2.947051480134291537e-02 8.323770338882699434e+04
3.237457295239669353e-02 6.693142702609130356e+04
3.556480030685772731e-02 8.165822060003851948e+04
3.906939630451649464e-02 6.618265141207487613e+04
4.291933919013282694e-02 5.532692669855107670e+04
4.714865984004791566e-02 5.335312610613406287e+04
5.179474257198286163e-02 5.604215518733643694e+04
5.689865559697841746e-02 4.880538511556020239e+04
6.250551403444545850e-02 4.825784319785377011e+04
6.866487869913283359e-02 4.333439183842045168e+04
7.543119418501802176e-02 4.155506352799737942e+04
8.286427011848424007e-02 3.852669836453606695e+04
9.102980983473445142e-02 3.493438833510650875e+04
9.999999115058272325e-02 3.104109023040859392e+04
1.098541043672585787e-01 2.633249431811878821e+04
1.206792531427361148e-01 2.470550385541771902e+04
1.325711244288214907e-01 2.317730970911719487e+04
1.456348342787200378e-01 2.109584800516995165e+04
1.599858570014452974e-01 1.861511495318479137e+04
1.757510458761641914e-01 1.690448812754290702e+04
1.930697544488981787e-01 1.534903076937179139e+04
2.120950683230800604e-01 1.434393984470093346e+04
2.329951583321586417e-01 1.306139719436624000e+04
2.559547670553742882e-01 1.209453356553832782e+04
2.811768418164965477e-01 1.108235238130802099e+04
3.088843286001189403e-01 1.029668469722399823e+04
3.393221427425128778e-01 9.578176730096471147e+03
3.727593338166072523e-01 8.951745394548695913e+03
4.094914638472018087e-01 8.427834045455283558e+03
4.498432198782237879e-01 7.929095219661269766e+03
4.941712839853393824e-01 7.495958078743850820e+03
5.428674861028858212e-01 7.072670714908423179e+03
5.963622675339625978e-01 6.695208647621944692e+03
6.551284857587630350e-01 6.332738145884694859e+03
7.196855941730535555e-01 5.999394656421908621e+03
7.906042337028588163e-01 5.674572908488503344e+03
8.685112768820903995e-01 5.373146591537481072e+03
9.540953689793428838e-01 5.071460705364311252e+03
1.048113015153642191e+00 0.000000000000000000e+00
