1.048113066601954503e-02 1.480229831434942316e+06
1.151395323963562076e-02 0.000000000000000000e+00
1.264855132798976302e-02 1.776564627150941174e+06
1.389495400641860279e-02 1.490179844115673797e+06
1.526417862678452857e-02 8.151898313442947110e+05
1.676832820337198493e-02 0.000000000000000000e+00
1.842069839530119726e-02 9.472373868945454014e+05
2.023589503111089191e-02 1.063394088827842614e+06
2.222996321434766651e-02 8.434867565654071514e+05
2.442052915136719640e-02 4.679994695368704270e+05
2.682695595500901239e-02 5.729448333653265145e+05
2.947051480134291537e-02 5.188328479348983965e+05
3.237457295239669353e-02 3.361299630403223564e+05
3.556480030685772731e-02 3.088569573827345157e+05
3.906939630451649464e-02 2.022001390291178832e+05
4.291933919013282694e-02 2.186540693928106339e+05
4.714865984004791566e-02 1.798367430977451149e+05
5.179474257198286163e-02 1.758962420482381422e+05
5.689865559697841746e-02 1.828382836328596750e+05
6.250551403444545850e-02 1.667359648572886945e+05
6.866487869913283359e-02 1.533069284843175556e+05
7.543119418501802176e-02 1.265236595755925227e+05
8.286427011848424007e-02 1.031703112067931797e+05
9.102980983473445142e-02 8.297799487068018061e+04
9.999999115058272325e-02 7.101640328103421780e+04
1.098541043672585787e-01 6.979614849221265467e+04
1.206792531427361148e-01 6.193649749584573146e+04
1.325711244288214907e-01 5.387156419977691257e+04
1.456348342787200378e-01 4.788434216750742053e+04
1.599858570014452974e-01 4.330557723199047177e+04
1.757510458761641914e-01 3.916833852126864076e+04
1.930697544488981787e-01 3.485654612316073326e+04
2.120950683230800604e-01 3.187811412785502398e+04
2.329951583321586417e-01 2.884354710961858655e+04
2.559547670553742882e-01 2.628976128993018938e+04
2.811768418164965477e-01 2.435721831751112768e+04
3.088843286001189403e-01 2.243081265151656407e+04
3.393221427425128778e-01 2.076565686224554156e+04
3.727593338166072523e-01 1.923906008973487042e+04
4.094914638472018087e-01 1.776257874794327654e+04
4.498432198782237879e-01 1.666604702985231779e+04
4.941712839853393824e-01 1.546883786466514357e+04
5.428674861028858212e-01 1.448533942441633917e+04
5.963622675339625978e-01 1.349075346170791454e+04
6.551284857587630350e-01 1.255507962829277858e+04
7.196855941730535555e-01 1.168062028195342282e+04
7.906042337028588163e-01 1.076356296919816486e+04
8.685112768820903995e-01 9.921391636648972053e+03
9.540953689793428838e-01 9.111012353442250969e+03
1.048113015153642191e+00 0.000000000000000000e+00
