1.048113066601954503e-02 2.591770598043535210e+04
1.151395323963562076e-02 0.000000000000000000e+00
1.264855132798976302e-02 6.339861594711523503e+04
1.389495400641860279e-02 5.108512288506927143e+04
1.526417862678452857e-02 4.678199667095251061e+04
1.676832820337198493e-02 0.000000000000000000e+00
1.842069839530119726e-02 4.842266442943637958e+04
2.023589503111089191e-02 6.584528264987657894e+04
2.222996321434766651e-02 4.123753500661936414e+04
2.442052915136719640e-02 6.667627024392287422e+04
2.682695595500901239e-02 7.090660633350208809e+04
2.947051480134291537e-02 7.514224999285244849e+04
3.237457295239669353e-02 5.820355483232122788e+04
3.556480030685772731e-02 5.282322041628608713e+04
3.906939630451649464e-02 5.383170076951730880e+04
4.291933919013282694e-02 5.279472024095969391e+04
4.714865984004791566e-02 4.808850057717273012e+04
5.179474257198286163e-02 4.798125786060433165e+04
5.689865559697841746e-02 4.321650144050265953e+04
6.250551403444545850e-02 4.389955601717114769e+04
6.866487869913283359e-02 3.953521865602208709e+04
7.543119418501802176e-02 3.766547614615251223e+04
8.286427011848424007e-02 3.334915915818729991e+04
9.102980983473445142e-02 3.026645180759257346e+04
9.999999115058272325e-02 2.639450464125429426e+04
1.098541043672585787e-01 2.482573343668006055e+04
1.206792531427361148e-01 2.251489125082644750e+04
1.325711244288214907e-01 2.065412296073904872e+04
1.456348342787200378e-01 1.877721404484453160e+04
1.599858570014452974e-01 1.670440887942233530e+04
1.757510458761641914e-01 1.514114762659710323e+04
1.930697544488981787e-01 1.388746900034755163e+04
2.120950683230800604e-01 1.264403081534434386e+04
2.329951583321586417e-01 1.156171097919126078e+04
2.559547670553742882e-01 1.056874015771759878e+04
2.811768418164965477e-01 9.713815660582151395e+03
3.088843286001189403e-01 8.959466985728766304e+03
3.393221427425128778e-01 8.257830642234350307e+03
3.727593338166072523e-01 7.631370241000396163e+03
4.094914638472018087e-01 7.139801255493583994e+03
4.498432198782237879e-01 6.691120743355345439e+03
4.941712839853393824e-01 6.266410855873367836e+03
5.428674861028858212e-01 5.906522725220902430e+03
5.963622675339625978e-01 5.588600609168939627e+03
6.551284857587630350e-01 5.305313751992648577e+03
7.196855941730535555e-01 5.020284753925186124e+03
7.906042337028588163e-01 4.788600114520122588e+03
8.685112768820903995e-01 4.536026604453367327e+03
9.540953689793428838e-01 4.312806981460644238e+03
1.048113015153642191e+00 0.000000000000000000e+00
