1.048113066601954503e-02 3.394716551892864663e+04
1.151395323963562076e-02 0.000000000000000000e+00
1.264855132798976302e-02 3.553679286770248291e+04
1.389495400641860279e-02 7.008593146272249578e+04
1.526417862678452857e-02 6.100755889308623591e+04
1.676832820337198493e-02 0.000000000000000000e+00
1.842069839530119726e-02 5.118975872523913858e+04
2.023589503111089191e-02 6.164416670186798729e+04
2.222996321434766651e-02 7.039739296897515305e+04
2.442052915136719640e-02 5.575047789359139279e+04
2.682695595500901239e-02 5.661663495501769648e+04
2.947051480134291537e-02 5.893149075573777372e+04
3.237457295239669353e-02 5.764365083584212698e+04
3.556480030685772731e-02 5.472669078707748849e+04
3.906939630451649464e-02 6.226072880714189523e+04
4.291933919013282694e-02 5.018790959251952154e+04
4.714865984004791566e-02 4.987457149191376811e+04
5.179474257198286163e-02 5.424405483473210916e+04
5.689865559697841746e-02 4.525236087312406744e+04
6.250551403444545850e-02 3.901864180884770758e+04
6.866487869913283359e-02 4.274850445322356245e+04
7.543119418501802176e-02 3.486454041495679849e+04
8.286427011848424007e-02 3.511690548567294172e+04
9.102980983473445142e-02 3.156986440251140448e+04
9.999999115058272325e-02 2.987690605340054753e+04
1.098541043672585787e-01 2.637673018225248234e+04
1.206792531427361148e-01 2.370356467983001494e+04
1.325711244288214907e-01 2.193900084952819816e+04
1.456348342787200378e-01 2.020350563586725184e+04
1.599858570014452974e-01 1.816438809977822893e+04
1.757510458761641914e-01 1.632060811630532407e+04
1.930697544488981787e-01 1.443028477939972254e+04
2.120950683230800604e-01 1.343189671476567673e+04
2.329951583321586417e-01 1.216731267719898824e+04
2.559547670553742882e-01 1.113204055710873581e+04
2.811768418164965477e-01 1.027753861520540522e+04
3.088843286001189403e-01 9.402388901226966482e+03
3.393221427425128778e-01 8.713266603580934316e+03
3.727593338166072523e-01 8.090450866099895393e+03
4.094914638472018087e-01 7.545220743542845412e+03
4.498432198782237879e-01 7.054264680242611576e+03
4.941712839853393824e-01 6.633737345134903080e+03
5.428674861028858212e-01 6.253762615610930879e+03
5.963622675339625978e-01 5.908837923462506296e+03
6.551284857587630350e-01 5.588613073449059812e+03
7.196855941730535555e-01 5.298330472721114347e+03
7.906042337028588163e-01 5.023920155067666201e+03
8.685112768820903995e-01 4.779461495925368581e+03
9.540953689793428838e-01 4.548866605850313135e+03
1.048113015153642191e+00 0.000000000000000000e+00
