1.048113066601954503e-02 1.744188377109618523e+04
1.151395323963562076e-02 0.000000000000000000e+00
1.264855132798976302e-02 1.828269286730825115e+04
1.389495400641860279e-02 3.605942632124660304e+04
1.526417862678452857e-02 3.142923226336385414e+04
1.676832820337198493e-02 0.000000000000000000e+00
1.842069839530119726e-02 2.632763741341206696e+04
2.023589503111089191e-02 3.170432189529571042e+04
2.222996321434766651e-02 3.624622731525479321e+04
2.442052915136719640e-02 2.865883743871867773e+04
2.682695595500901239e-02 2.913591392625200388e+04
2.947051480134291537e-02 3.025390648484648409e+04
3.237457295239669353e-02 2.958466647919943352e+04
3.556480030685772731e-02 2.813586087546597992e+04
3.906939630451649464e-02 3.198453162846390114e+04
4.291933919013282694e-02 2.569865731625000262e+04
4.714865984004791566e-02 2.557618571674956547e+04
5.179474257198286163e-02 2.779001326934674580e+04
5.689865559697841746e-02 2.315585698196784506e+04
6.250551403444545850e-02 1.994261662416547188e+04
6.866487869913283359e-02 2.177952365706373894e+04
7.543119418501802176e-02 1.774248494706370184e+04
8.286427011848424007e-02 1.783928963288491286e+04
9.102980983473445142e-02 1.599802784778957175e+04
9.999999115058272325e-02 1.509681151779209176e+04
1.098541043672585787e-01 1.328680204204605252e+04
1.206792531427361148e-01 1.190716039221763822e+04
1.325711244288214907e-01 1.098014759690848223e+04
1.456348342787200378e-01 1.006517054816216842e+04
1.599858570014452974e-01 9.006025253136031097e+03
1.757510458761641914e-01 8.053300896270209705e+03
1.930697544488981787e-01 7.079744004441723519e+03
2.120950683230800604e-01 6.550493272626355065e+03
2.329951583321586417e-01 5.898773706662834229e+03
2.559547670553742882e-01 5.362413919060270018e+03
2.811768418164965477e-01 4.918053602484051225e+03
3.088843286001189403e-01 4.468140345764424637e+03
3.393221427425128778e-01 4.110164830386113863e+03
3.727593338166072523e-01 3.790012863652075794e+03
4.094914638472018087e-01 3.507844557578579952e+03
4.498432198782237879e-01 3.256160123295202538e+03
4.941712839853393824e-01 3.039016035916135479e+03
5.428674861028858212e-01 2.843916302961018573e+03
5.963622675339625978e-01 2.667329907692535926e+03
6.551284857587630350e-01 2.504241980241241436e+03
7.196855941730535555e-01 2.356755602934069429e+03
7.906042337028588163e-01 2.218391254159920663e+03
8.685112768820903995e-01 2.094620166658535709e+03
9.540953689793428838e-01 1.978434746822277248e+03
1.048113015153642191e+00 0.000000000000000000e+00
