1.048113066601954503e-02 2.855290642404166283e+04
1.151395323963562076e-02 0.000000000000000000e+00
1.264855132798976302e-02 7.357837539804212611e+03
1.389495400641860279e-02 3.482392584688909119e+04
1.526417862678452857e-02 3.244887067897530505e+04
1.676832820337198493e-02 0.000000000000000000e+00
1.842069839530119726e-02 2.420137571715159720e+04
2.023589503111089191e-02 2.159564157928964778e+04
2.222996321434766651e-02 4.667852607687262207e+04
2.442052915136719640e-02 4.773838398719371617e+04
2.682695595500901239e-02 3.644170114459925389e+04
2.947051480134291537e-02 3.911439867804897949e+04
3.237457295239669353e-02 2.849780819342564428e+04
3.556480030685772731e-02 3.983962369818023581e+04
3.906939630451649464e-02 3.908301239501035889e+04
4.291933919013282694e-02 3.532976618999193306e+04
4.714865984004791566e-02 3.807900495459988451e+04
5.179474257198286163e-02 3.507917069791533868e+04
5.689865559697841746e-02 3.314830767705707694e+04
6.250551403444545850e-02 3.220929788949276553e+04
6.866487869913283359e-02 3.162013839143025689e+04
7.543119418501802176e-02 3.224963311578274079e+04
8.286427011848424007e-02 3.022925335529816221e+04
9.102980983473445142e-02 2.745740512488719833e+04
9.999999115058272325e-02 2.450989862556121079e+04
1.098541043672585787e-01 2.373497524583225459e+04
1.206792531427361148e-01 2.148406315640122193e+04
1.325711244288214907e-01 2.084983702560011443e+04
1.456348342787200378e-01 1.913196914528225534e+04
1.599858570014452974e-01 1.741965447287245479e+04
1.757510458761641914e-01 1.583366546720967744e+04
1.930697544488981787e-01 1.500938397674892258e+04
2.120950683230800604e-01 1.379349708707521131e+04
2.329951583321586417e-01 1.260262515946494750e+04
2.559547670553742882e-01 1.180891385959009858e+04
2.811768418164965477e-01 1.090533968952342730e+04
3.088843286001189403e-01 1.019172295389796273e+04
3.393221427425128778e-01 9.565432637335732579e+03
3.727593338166072523e-01 8.983607937311160640e+03
4.094914638472018087e-01 8.434712507416492372e+03
4.498432198782237879e-01 8.024578987531638631e+03
4.941712839853393824e-01 7.629052912876650225e+03
5.428674861028858212e-01 7.255426992108419654e+03
5.963622675339625978e-01 6.932770732628781843e+03
6.551284857587630350e-01 6.650247485252342813e+03
7.196855941730535555e-01 6.369759128349529419e+03
7.906042337028588163e-01 6.139699158947416436e+03
8.685112768820903995e-01 5.898749506469410335e+03
9.540953689793428838e-01 5.675901848803672692e+03
1.048113015153642191e+00 0.000000000000000000e+00
