1.048113066601954503e-02 6.593133456850824587e+04
1.151395323963562076e-02 0.000000000000000000e+00
1.264855132798976302e-02 6.560160126704246795e+04
1.389495400641860279e-02 1.769444468626377056e+05
1.526417862678452857e-02 1.314165553662923048e+05
1.676832820337198493e-02 0.000000000000000000e+00
1.842069839530119726e-02 5.453893881068149494e+04
2.023589503111089191e-02 1.075326943827633804e+05
2.222996321434766651e-02 9.493023046147818968e+04
2.442052915136719640e-02 1.043728066807966243e+05
2.682695595500901239e-02 1.113002507337455609e+05
2.947051480134291537e-02 1.147716532098088792e+05
3.237457295239669353e-02 9.222935707006536541e+04
3.556480030685772731e-02 1.126666415999548917e+05
3.906939630451649464e-02 9.141420032011787407e+04
4.291933919013282694e-02 7.648295996469396050e+04
4.714865984004791566e-02 7.370700203853810672e+04
5.179474257198286163e-02 7.756227741392125608e+04
5.689865559697841746e-02 6.750319641549048538e+04
6.250551403444545850e-02 6.682358281240038923e+04
6.866487869913283359e-02 6.010475642620414146e+04
7.543119418501802176e-02 5.769055787166065420e+04
8.286427011848424007e-02 5.354396632077806862e+04
9.102980983473445142e-02 4.862267866014574247e+04
9.999999115058272325e-02 4.325446836074732710e+04
1.098541043672585787e-01 3.680519846749823046e+04
1.206792531427361148e-01 3.458871927361872076e+04
1.325711244288214907e-01 3.250869384839047052e+04
1.456348342787200378e-01 2.966284584631012694e+04
1.599858570014452974e-01 2.625594810203009547e+04
1.757510458761641914e-01 2.391268077066114347e+04
1.930697544488981787e-01 2.177227479617559584e+04
2.120950683230800604e-01 2.041160507660370786e+04
2.329951583321586417e-01 1.864565564104843361e+04
2.559547670553742882e-01 1.731913814608590837e+04
2.811768418164965477e-01 1.592282987831536775e+04
3.088843286001189403e-01 1.484434506743099337e+04
3.393221427425128778e-01 1.385438162187299895e+04
3.727593338166072523e-01 1.299142281570863634e+04
4.094914638472018087e-01 1.227130979684599879e+04
4.498432198782237879e-01 1.158409408703059671e+04
4.941712839853393824e-01 1.098672362668107962e+04
5.428674861028858212e-01 1.040050115900046148e+04
5.963622675339625978e-01 9.877786180728908221e+03
6.551284857587630350e-01 9.373517807268206525e+03
7.196855941730535555e-01 8.909189006699349193e+03
7.906042337028588163e-01 8.454813491318996967e+03
8.685112768820903995e-01 8.033366252117497424e+03
9.540953689793428838e-01 7.608506190433291522e+03
1.048113015153642191e+00 0.000000000000000000e+00
