1.048113066601954503e-02 1.104043767583975205e+04
1.151395323963562076e-02 0.000000000000000000e+00
1.264855132798976302e-02 2.452067892711568493e+04
1.389495400641860279e-02 1.046984848837891150e+04
1.526417862678452857e-02 1.405478412743145418e+04
1.676832820337198493e-02 0.000000000000000000e+00
1.842069839530119726e-02 1.102841199196400339e+04
2.023589503111089191e-02 1.480567181595264992e+04
2.222996321434766651e-02 1.333318828890044642e+04
2.442052915136719640e-02 2.086012133184354752e+04
2.682695595500901239e-02 2.064968706915383154e+04
2.947051480134291537e-02 1.945970723774815997e+04
3.237457295239669353e-02 1.661210538953999639e+04
3.556480030685772731e-02 1.733877579166301803e+04
3.906939630451649464e-02 1.667826347363247260e+04
4.291933919013282694e-02 1.522361287958588582e+04
4.714865984004791566e-02 1.418124753569005043e+04
5.179474257198286163e-02 1.575489935429297111e+04
5.689865559697841746e-02 1.393993396119189674e+04
6.250551403444545850e-02 1.490729923419420811e+04
6.866487869913283359e-02 1.341449951970964139e+04
7.543119418501802176e-02 1.335650242002182313e+04
8.286427011848424007e-02 1.169892404293931213e+04
9.102980983473445142e-02 1.092275563489253182e+04
9.999999115058272325e-02 1.031597240043100101e+04
1.098541043672585787e-01 9.309187938196255345e+03
1.206792531427361148e-01 8.388487308377600129e+03
1.325711244288214907e-01 7.921997278373620247e+03
1.456348342787200378e-01 7.363508230655810621e+03
1.599858570014452974e-01 6.584708759822894535e+03
1.757510458761641914e-01 5.896797111087138546e+03
1.930697544488981787e-01 5.337181977444964105e+03
2.120950683230800604e-01 4.990823939898287790e+03
2.329951583321586417e-01 4.447135369835219535e+03
2.559547670553742882e-01 4.075856795408296421e+03
2.811768418164965477e-01 3.744121687558331814e+03
3.088843286001189403e-01 3.405363313348769225e+03
3.393221427425128778e-01 3.155115600914280549e+03
3.727593338166072523e-01 2.908230093031396336e+03
4.094914638472018087e-01 2.700239123306196234e+03
4.498432198782237879e-01 2.516648853936460910e+03
4.941712839853393824e-01 2.346107200969420774e+03
5.428674861028858212e-01 2.201187171675837362e+03
5.963622675339625978e-01 2.068223004794473582e+03
6.551284857587630350e-01 1.945980662240659967e+03
7.196855941730535555e-01 1.833711460014215390e+03
7.906042337028588163e-01 1.731346542621906792e+03
8.685112768820903995e-01 1.638326820836381103e+03
9.540953689793428838e-01 1.546944868875948032e+03
1.048113015153642191e+00 0.000000000000000000e+00
