1.048113066601954503e-02 1.835870987653192133e+05
1.151395323963562076e-02 0.000000000000000000e+00
1.264855132798976302e-02 2.163372958255157864e+05
1.389495400641860279e-02 1.781834166704202944e+05
1.526417862678452857e-02 2.351918562446072465e+05
1.676832820337198493e-02 0.000000000000000000e+00
1.842069839530119726e-02 1.815281190779526660e+05
2.023589503111089191e-02 2.185180171614360588e+05
2.222996321434766651e-02 1.953680671005084005e+05
2.442052915136719640e-02 1.956290903245754016e+05
2.682695595500901239e-02 1.586315294988901005e+05
2.947051480134291537e-02 1.538354092855732306e+05
3.237457295239669353e-02 1.170389984655038279e+05
3.556480030685772731e-02 1.059209864366819966e+05
3.906939630451649464e-02 1.014249067895255284e+05
4.291933919013282694e-02 1.013285950803702290e+05
4.714865984004791566e-02 8.783930537750823714e+04
5.179474257198286163e-02 8.437847047450843093e+04
5.689865559697841746e-02 8.528637186158457189e+04
6.250551403444545850e-02 7.437753631455924187e+04
6.866487869913283359e-02 6.730543493690752075e+04
7.543119418501802176e-02 5.613699715344828292e+04
8.286427011848424007e-02 4.776586721293947630e+04
9.102980983473445142e-02 4.441380837849441014e+04
9.999999115058272325e-02 3.948229033116036589e+04
1.098541043672585787e-01 3.598041293789415067e+04
1.206792531427361148e-01 3.241787365245488763e+04
1.325711244288214907e-01 2.759202014331654209e+04
1.456348342787200378e-01 2.477581601218089054e+04
1.599858570014452974e-01 2.277500562070576416e+04
1.757510458761641914e-01 2.033702969912670960e+04
1.930697544488981787e-01 1.806336786263139948e+04
2.120950683230800604e-01 1.657222083031330112e+04
2.329951583321586417e-01 1.480504802042745359e+04
2.559547670553742882e-01 1.360281200784276371e+04
2.811768418164965477e-01 1.244483229445683719e+04
3.088843286001189403e-01 1.132775821070208804e+04
3.393221427425128778e-01 1.048751129327897434e+04
3.727593338166072523e-01 9.695016279085481074e+03
4.094914638472018087e-01 9.038695630959577102e+03
4.498432198782237879e-01 8.423404662274180737e+03
4.941712839853393824e-01 7.904226654290261649e+03
5.428674861028858212e-01 7.400669008943988956e+03
5.963622675339625978e-01 6.987506005391068356e+03
6.551284857587630350e-01 6.560615720114212309e+03
7.196855941730535555e-01 6.203252830295735293e+03
7.906042337028588163e-01 5.850860356331180810e+03
8.685112768820903995e-01 5.535145397278005476e+03
9.540953689793428838e-01 5.229471021473304063e+03
1.048113015153642191e+00 0.000000000000000000e+00
