1.048113066601954503e-02 3.710201518507809960e+05
1.151395323963562076e-02 0.000000000000000000e+00
1.264855132798976302e-02 3.250827135805264115e+05
1.389495400641860279e-02 2.295742783663574373e+05
1.526417862678452857e-02 1.582425577793002012e+05
1.676832820337198493e-02 0.000000000000000000e+00
1.842069839530119726e-02 2.629533200989251491e+05
2.023589503111089191e-02 1.460862005444031383e+05
2.222996321434766651e-02 1.688244567976944672e+05
2.442052915136719640e-02 1.285959042306043993e+05
2.682695595500901239e-02 1.368013640571182477e+05
2.947051480134291537e-02 1.130579059213888977e+05
3.237457295239669353e-02 9.946509476486829226e+04
3.556480030685772731e-02 7.946916325216242694e+04
3.906939630451649464e-02 8.318167909875464102e+04
4.291933919013282694e-02 6.286179081398487324e+04
4.714865984004791566e-02 6.848712288112592069e+04
5.179474257198286163e-02 6.354604555144107144e+04
5.689865559697841746e-02 5.808603445577069942e+04
6.250551403444545850e-02 5.419080290709169640e+04
6.866487869913283359e-02 4.418519493222991150e+04
7.543119418501802176e-02 3.565167947313981858e+04
8.286427011848424007e-02 3.162913412196255376e+04
9.102980983473445142e-02 2.736174249811560730e+04
9.999999115058272325e-02 2.711990004487062834e+04
1.098541043672585787e-01 2.367139359004821017e+04
1.206792531427361148e-01 2.028011963715821912e+04
1.325711244288214907e-01 1.764385931459221683e+04
1.456348342787200378e-01 1.576574672625756102e+04
1.599858570014452974e-01 1.449304638985332349e+04
1.757510458761641914e-01 1.280558891042578762e+04
1.930697544488981787e-01 1.145951765169594910e+04
2.120950683230800604e-01 1.037335881719465942e+04
2.329951583321586417e-01 9.305778161037336758e+03
2.559547670553742882e-01 8.502553571955817461e+03
2.811768418164965477e-01 7.757229271222825446e+03
3.088843286001189403e-01 7.105107562774835060e+03
3.393221427425128778e-01 6.555210427525632440e+03
3.727593338166072523e-01 6.010961213943667644e+03
4.094914638472018087e-01 5.616672506522747426e+03
4.498432198782237879e-01 5.235437510231689885e+03
4.941712839853393824e-01 4.875376181671424092e+03
5.428674861028858212e-01 4.552788145516519762e+03
5.963622675339625978e-01 4.267004930082103783e+03
6.551284857587630350e-01 3.990353186656665002e+03
7.196855941730535555e-01 3.735086617455302076e+03
7.906042337028588163e-01 3.487020554137170620e+03
8.685112768820903995e-01 3.248561974280209142e+03
9.540953689793428838e-01 3.030567449419002514e+03
1.048113015153642191e+00 0.000000000000000000e+00
