1.048113066601954503e-02 6.315559795311780181e+04
1.151395323963562076e-02 0.000000000000000000e+00
1.264855132798976302e-02 7.814491727198308217e+04
1.389495400641860279e-02 7.410404149308803608e+04
1.526417862678452857e-02 6.832378953269365593e+04
1.676832820337198493e-02 0.000000000000000000e+00
1.842069839530119726e-02 9.648023642455699155e+04
2.023589503111089191e-02 1.223708791980337701e+05
2.222996321434766651e-02 7.906533408513225731e+04
2.442052915136719640e-02 6.144543309126410168e+04
2.682695595500901239e-02 6.618728572316712234e+04
2.947051480134291537e-02 5.688243930887901661e+04
3.237457295239669353e-02 6.552059915799988084e+04
3.556480030685772731e-02 6.075706311246810219e+04
3.906939630451649464e-02 5.196363486097316490e+04
4.291933919013282694e-02 5.312214810470963857e+04
4.714865984004791566e-02 4.382914873788860132e+04
5.179474257198286163e-02 4.385806835903294268e+04
5.689865559697841746e-02 3.936578385877693654e+04
6.250551403444545850e-02 3.932987131263100309e+04
6.866487869913283359e-02 3.261065423827991617e+04
7.543119418501802176e-02 3.043773815430330433e+04
8.286427011848424007e-02 2.653321799538831692e+04
9.102980983473445142e-02 2.263513348880807462e+04
9.999999115058272325e-02 1.997204070297951330e+04
1.098541043672585787e-01 1.701398827588906352e+04
1.206792531427361148e-01 1.542432343775700065e+04
1.325711244288214907e-01 1.435039581698684378e+04
1.456348342787200378e-01 1.234853343669981041e+04
1.599858570014452974e-01 1.066459536808256598e+04
1.757510458761641914e-01 9.482652899459724722e+03
1.930697544488981787e-01 8.407898349679062449e+03
2.120950683230800604e-01 7.403911820238658038e+03
2.329951583321586417e-01 6.601047568060525009e+03
2.559547670553742882e-01 5.905157233874321719e+03
2.811768418164965477e-01 5.274761161654714670e+03
3.088843286001189403e-01 4.750403264812042835e+03
3.393221427425128778e-01 4.287869047278604739e+03
3.727593338166072523e-01 3.857996358758011866e+03
4.094914638472018087e-01 3.501500119012142022e+03
4.498432198782237879e-01 3.209255441148817226e+03
4.941712839853393824e-01 2.929748100312809129e+03
5.428674861028858212e-01 2.706361979293797049e+03
5.963622675339625978e-01 2.486848980620726707e+03
6.551284857587630350e-01 2.308155353020367784e+03
7.196855941730535555e-01 2.131929923182958646e+03
7.906042337028588163e-01 1.993457459766798593e+03
8.685112768820903995e-01 1.853018470921790595e+03
9.540953689793428838e-01 1.732414954363567404e+03
1.048113015153642191e+00 0.000000000000000000e+00
