1.048113066601954503e-02 2.032260847663681488e+05
1.151395323963562076e-02 0.000000000000000000e+00
1.264855132798976302e-02 1.389343855322502786e+05
1.389495400641860279e-02 2.157786801765420823e+05
1.526417862678452857e-02 2.978375111178599764e+05
1.676832820337198493e-02 0.000000000000000000e+00
1.842069839530119726e-02 2.173998583706200006e+05
2.023589503111089191e-02 1.182199239222119504e+05
2.222996321434766651e-02 1.632398044682403270e+05
2.442052915136719640e-02 1.213738089127440762e+05
2.682695595500901239e-02 9.993495334066936630e+04
2.947051480134291537e-02 1.028326608144752681e+05
3.237457295239669353e-02 7.154587950146856019e+04
3.556480030685772731e-02 8.475037904830570915e+04
3.906939630451649464e-02 6.127290377175050526e+04
4.291933919013282694e-02 5.586411049825722148e+04
4.714865984004791566e-02 4.868021667831443483e+04
5.179474257198286163e-02 4.674550791006418149e+04
5.689865559697841746e-02 5.137656379106386885e+04
6.250551403444545850e-02 4.596150754587039410e+04
6.866487869913283359e-02 3.789324025780355441e+04
7.543119418501802176e-02 2.828636182926425317e+04
8.286427011848424007e-02 2.193729713919140704e+04
9.102980983473445142e-02 1.871541508640045868e+04
9.999999115058272325e-02 1.746648370023040479e+04
1.098541043672585787e-01 1.715850522331477623e+04
1.206792531427361148e-01 1.477374961958899621e+04
1.325711244288214907e-01 1.153566885852783889e+04
1.456348342787200378e-01 9.765214260032393213e+03
1.599858570014452974e-01 8.939700756166170322e+03
1.757510458761641914e-01 7.701059014769542046e+03
1.930697544488981787e-01 6.635077124353527324e+03
2.120950683230800604e-01 5.822748450497015256e+03
2.329951583321586417e-01 5.154732819553493755e+03
2.559547670553742882e-01 4.517274793269713882e+03
2.811768418164965477e-01 3.975831980391832985e+03
3.088843286001189403e-01 3.512559856242256501e+03
3.393221427425128778e-01 3.166017168863948427e+03
3.727593338166072523e-01 2.810385728391163411e+03
4.094914638472018087e-01 2.527436724367372790e+03
4.498432198782237879e-01 2.282540574994633971e+03
4.941712839853393824e-01 2.064782576409948433e+03
5.428674861028858212e-01 1.878922855406331337e+03
5.963622675339625978e-01 1.722919384234446852e+03
6.551284857587630350e-01 1.575528176835974591e+03
7.196855941730535555e-01 1.446678120987088050e+03
7.906042337028588163e-01 1.336630865822155101e+03
8.685112768820903995e-01 1.234631287968104289e+03
9.540953689793428838e-01 1.145416589813105929e+03
1.048113015153642191e+00 0.000000000000000000e+00
