1.048113066601954503e-02 4.557012213034566958e+05
1.151395323963562076e-02 0.000000000000000000e+00
1.264855132798976302e-02 8.862689635153752752e+05
1.389495400641860279e-02 1.010860566358034150e+06
1.526417862678452857e-02 1.128181857366092969e+06
1.676832820337198493e-02 0.000000000000000000e+00
1.842069839530119726e-02 4.895431328765706276e+05
2.023589503111089191e-02 5.906096433735882165e+05
2.222996321434766651e-02 5.299361521751214750e+05
2.442052915136719640e-02 4.911300800336137181e+05
2.682695595500901239e-02 3.998700890222090529e+05
2.947051480134291537e-02 2.974602894037922961e+05
3.237457295239669353e-02 3.050624825255576288e+05
3.556480030685772731e-02 2.013559436520563904e+05
3.906939630451649464e-02 2.235796692891910498e+05
4.291933919013282694e-02 1.972880629854695289e+05
4.714865984004791566e-02 1.916693602694826841e+05
5.179474257198286163e-02 1.665319402539836301e+05
5.689865559697841746e-02 1.614733718778612092e+05
6.250551403444545850e-02 1.477890647715606901e+05
6.866487869913283359e-02 1.158992040985321510e+05
7.543119418501802176e-02 9.542455934169489774e+04
8.286427011848424007e-02 7.567889342998445500e+04
9.102980983473445142e-02 6.858675369461505034e+04
9.999999115058272325e-02 6.663794098383294477e+04
1.098541043672585787e-01 5.951223001856086194e+04
1.206792531427361148e-01 5.039917443539730448e+04
1.325711244288214907e-01 4.419030111322023004e+04
1.456348342787200378e-01 3.900371100002490857e+04
1.599858570014452974e-01 3.507695065799810982e+04
1.757510458761641914e-01 3.158640147661409719e+04
1.930697544488981787e-01 2.864967169433616073e+04
2.120950683230800604e-01 2.564237300677773601e+04
2.329951583321586417e-01 2.295389549176368018e+04
2.559547670553742882e-01 2.095075224260318646e+04
2.811768418164965477e-01 1.938782084740468781e+04
3.088843286001189403e-01 1.759828808740637032e+04
3.393221427425128778e-01 1.624653447955878619e+04
3.727593338166072523e-01 1.509533562995284410e+04
4.094914638472018087e-01 1.401250133690617986e+04
4.498432198782237879e-01 1.300736710233570557e+04
4.941712839853393824e-01 1.208888312975060035e+04
5.428674861028858212e-01 1.132049303366638196e+04
5.963622675339625978e-01 1.052820202672587766e+04
6.551284857587630350e-01 9.870036864797730232e+03
7.196855941730535555e-01 9.219381482947334007e+03
7.906042337028588163e-01 8.598289812852544856e+03
8.685112768820903995e-01 7.969349992323072911e+03
9.540953689793428838e-01 7.357574533351884384e+03
1.048113015153642191e+00 0.000000000000000000e+00
