1.048113066601954503e-02 2.298032375717190735e+05
1.151395323963562076e-02 0.000000000000000000e+00
1.264855132798976302e-02 1.790468915319552179e+05
1.389495400641860279e-02 2.238856536230172787e+05
1.526417862678452857e-02 1.753834262296644738e+05
1.676832820337198493e-02 0.000000000000000000e+00
1.842069839530119726e-02 1.681025939034974144e+05
2.023589503111089191e-02 1.296938547709957347e+05
2.222996321434766651e-02 1.729428723056788149e+05
2.442052915136719640e-02 1.400684051872013370e+05
2.682695595500901239e-02 1.180603027919787128e+05
2.947051480134291537e-02 1.133094878039990435e+05
3.237457295239669353e-02 1.202628937459567096e+05
3.556480030685772731e-02 8.793893929033618770e+04
3.906939630451649464e-02 6.461739176211408630e+04
4.291933919013282694e-02 6.262731185013572394e+04
4.714865984004791566e-02 5.472096161768883030e+04
5.179474257198286163e-02 5.269283884531661170e+04
5.689865559697841746e-02 4.222932370612546219e+04
6.250551403444545850e-02 4.674910853713870165e+04
6.866487869913283359e-02 4.149708939348882996e+04
7.543119418501802176e-02 3.933632452462438960e+04
8.286427011848424007e-02 3.241027752431519184e+04
9.102980983473445142e-02 2.812326462678653479e+04
9.999999115058272325e-02 2.283326853459298582e+04
1.098541043672585787e-01 1.915011808832065435e+04
1.206792531427361148e-01 1.794467640215161009e+04
1.325711244288214907e-01 1.632430865967028149e+04
1.456348342787200378e-01 1.454995936795491798e+04
1.599858570014452974e-01 1.245798671230786567e+04
1.757510458761641914e-01 1.106099604788659417e+04
1.930697544488981787e-01 9.904926390231006735e+03
2.120950683230800604e-01 9.028203983547835378e+03
2.329951583321586417e-01 8.049361026503770518e+03
2.559547670553742882e-01 7.304441557851236212e+03
2.811768418164965477e-01 6.593796192796742616e+03
3.088843286001189403e-01 5.992305772791482013e+03
3.393221427425128778e-01 5.482863537613687186e+03
3.727593338166072523e-01 4.998309510064148526e+03
4.094914638472018087e-01 4.641923162210055125e+03
4.498432198782237879e-01 4.279315554294264075e+03
4.941712839853393824e-01 3.966289662657909957e+03
5.428674861028858212e-01 3.686965678503288927e+03
5.963622675339625978e-01 3.414406110185470880e+03
6.551284857587630350e-01 3.195583367504126272e+03
7.196855941730535555e-01 2.964284891618836809e+03
7.906042337028588163e-01 2.753398224292108353e+03
8.685112768820903995e-01 2.553652266832901660e+03
9.540953689793428838e-01 2.363362880016712552e+03
1.048113015153642191e+00 0.000000000000000000e+00
