1.048113066601954503e-02 1.354208858384829946e+05
1.151395323963562076e-02 0.000000000000000000e+00
1.264855132798976302e-02 5.991363657646483043e+05
1.389495400641860279e-02 2.963563407489381498e+05
1.526417862678452857e-02 4.481302084615217755e+05
1.676832820337198493e-02 0.000000000000000000e+00
1.842069839530119726e-02 2.478147643479328544e+05
2.023589503111089191e-02 2.859896689859248581e+05
2.222996321434766651e-02 2.605331042371721123e+05
2.442052915136719640e-02 2.285828149344966514e+05
2.682695595500901239e-02 1.975190532196181593e+05
2.947051480134291537e-02 2.143247001804971369e+05
3.237457295239669353e-02 2.179610026894338662e+05
3.556480030685772731e-02 1.460612200223839609e+05
3.906939630451649464e-02 1.212874043277056480e+05
4.291933919013282694e-02 1.166493910916972382e+05
4.714865984004791566e-02 1.059624726078748063e+05
5.179474257198286163e-02 9.642737331299899961e+04
5.689865559697841746e-02 9.826622977962186269e+04
6.250551403444545850e-02 9.998966103683355323e+04
6.866487869913283359e-02 8.652163848439085996e+04
7.543119418501802176e-02 6.870549292247841367e+04
8.286427011848424007e-02 5.585990006036685372e+04
9.102980983473445142e-02 4.663154936421106686e+04
9.999999115058272325e-02 4.338061576476200571e+04
1.098541043672585787e-01 4.205147785829413624e+04
1.206792531427361148e-01 3.926312682702547318e+04
1.325711244288214907e-01 3.347245543291614013e+04
1.456348342787200378e-01 2.861989894673057643e+04
1.599858570014452974e-01 2.564488364628713316e+04
1.757510458761641914e-01 2.402570259205713955e+04
1.930697544488981787e-01 2.142228008894230879e+04
2.120950683230800604e-01 1.898406696946186639e+04
2.329951583321586417e-01 1.736312959211679481e+04
2.559547670553742882e-01 1.599242749748005190e+04
2.811768418164965477e-01 1.451640635028189899e+04
3.088843286001189403e-01 1.333272560060381511e+04
3.393221427425128778e-01 1.229158977889798916e+04
3.727593338166072523e-01 1.140347873704819358e+04
4.094914638472018087e-01 1.060843714865807851e+04
4.498432198782237879e-01 9.921109105673385784e+03
4.941712839853393824e-01 9.315925710014591459e+03
5.428674861028858212e-01 8.726257092331012245e+03
5.963622675339625978e-01 8.206259704825928566e+03
6.551284857587630350e-01 7.728380083950083645e+03
7.196855941730535555e-01 7.321563994097025898e+03
7.906042337028588163e-01 6.919055555807965902e+03
8.685112768820903995e-01 6.553693076884123911e+03
9.540953689793428838e-01 6.197832066601188671e+03
1.048113015153642191e+00 0.000000000000000000e+00
