1.048113066601954503e-02 5.475368469405402429e+05
1.151395323963562076e-02 0.000000000000000000e+00
1.264855132798976302e-02 3.193448832092590746e+05
1.389495400641860279e-02 5.875180073145905044e+05
1.526417862678452857e-02 4.146282540616689948e+05
1.676832820337198493e-02 0.000000000000000000e+00
1.842069839530119726e-02 3.910171471850671805e+05
2.023589503111089191e-02 4.608174256221521646e+05
2.222996321434766651e-02 3.980905788279424887e+05
2.442052915136719640e-02 4.484951675087246113e+05
2.682695595500901239e-02 2.838220860990722431e+05
2.947051480134291537e-02 2.735292686808204744e+05
3.237457295239669353e-02 2.037412208013626514e+05
3.556480030685772731e-02 1.379695919059307489e+05
3.906939630451649464e-02 1.200476045137130131e+05
4.291933919013282694e-02 1.012480294792918721e+05
4.714865984004791566e-02 8.717387623872430413e+04
5.179474257198286163e-02 9.955056325539806858e+04
5.689865559697841746e-02 8.896434330651535129e+04
6.250551403444545850e-02 7.810840279884832853e+04
6.866487869913283359e-02 6.991131965907721315e+04
7.543119418501802176e-02 5.775673392475207220e+04
8.286427011848424007e-02 4.559476293201449153e+04
9.102980983473445142e-02 3.515044488657893089e+04
9.999999115058272325e-02 3.160449404200521531e+04
1.098541043672585787e-01 2.882997899572804090e+04
1.206792531427361148e-01 2.618135681951475635e+04
1.325711244288214907e-01 2.169784670094019384e+04
1.456348342787200378e-01 1.815814762499265271e+04
1.599858570014452974e-01 1.546518101807515268e+04
1.757510458761641914e-01 1.377448635202423247e+04
1.930697544488981787e-01 1.208779457387575894e+04
2.120950683230800604e-01 1.036740569041787785e+04
2.329951583321586417e-01 9.108387302026210818e+03
2.559547670553742882e-01 8.044612900757898387e+03
2.811768418164965477e-01 7.090069540337357466e+03
3.088843286001189403e-01 6.240998781556616450e+03
3.393221427425128778e-01 5.575484408623017771e+03
3.727593338166072523e-01 4.968589165186720493e+03
4.094914638472018087e-01 4.454273132827700465e+03
4.498432198782237879e-01 4.002089521961674109e+03
4.941712839853393824e-01 3.629947723389592284e+03
5.428674861028858212e-01 3.297945491985257377e+03
5.963622675339625978e-01 3.002553444516789568e+03
6.551284857587630350e-01 2.738202686925732451e+03
7.196855941730535555e-01 2.513199863631763947e+03
7.906042337028588163e-01 2.314857955007497367e+03
8.685112768820903995e-01 2.138104383394233082e+03
9.540953689793428838e-01 1.971005020621049425e+03
1.048113015153642191e+00 0.000000000000000000e+00
