1.048113066601954503e-02 1.094798500519354129e+05
1.151395323963562076e-02 0.000000000000000000e+00
1.264855132798976302e-02 1.286532219265569001e+05
1.389495400641860279e-02 1.521057529290431994e+05
1.526417862678452857e-02 2.819436965607611346e+05
1.676832820337198493e-02 0.000000000000000000e+00
1.842069839530119726e-02 1.045167917398890568e+05
2.023589503111089191e-02 1.464733613430420519e+05
2.222996321434766651e-02 1.700647393840146251e+05
2.442052915136719640e-02 1.552153968030445685e+05
2.682695595500901239e-02 1.138722418519661587e+05
2.947051480134291537e-02 1.357415179885240796e+05
3.237457295239669353e-02 8.437519156701120664e+04
3.556480030685772731e-02 8.552007169839460403e+04
3.906939630451649464e-02 5.835386158425606118e+04
4.291933919013282694e-02 7.843239802783940104e+04
4.714865984004791566e-02 7.480865450634706940e+04
5.179474257198286163e-02 6.866751126424031099e+04
5.689865559697841746e-02 6.155623157514868217e+04
6.250551403444545850e-02 5.426953593079689017e+04
6.866487869913283359e-02 4.453830708258258528e+04
7.543119418501802176e-02 3.700522753713617567e+04
8.286427011848424007e-02 3.067031396863271220e+04
9.102980983473445142e-02 2.834681886967667378e+04
9.999999115058272325e-02 2.575683570880851039e+04
1.098541043672585787e-01 2.230868639681454442e+04
1.206792531427361148e-01 1.881665956417867346e+04
1.325711244288214907e-01 1.653702296204571394e+04
1.456348342787200378e-01 1.475682047379610049e+04
1.599858570014452974e-01 1.297650528943842983e+04
1.757510458761641914e-01 1.119124544256997251e+04
1.930697544488981787e-01 9.953960928373824572e+03
2.120950683230800604e-01 8.829861110797704896e+03
2.329951583321586417e-01 7.877579776863049119e+03
2.559547670553742882e-01 6.964568721411798833e+03
2.811768418164965477e-01 6.242132364372794655e+03
3.088843286001189403e-01 5.652471513573680568e+03
3.393221427425128778e-01 5.128508498405526552e+03
3.727593338166072523e-01 4.610787867710296268e+03
4.094914638472018087e-01 4.212418042784651334e+03
4.498432198782237879e-01 3.870306215616858935e+03
4.941712839853393824e-01 3.577849546352086691e+03
5.428674861028858212e-01 3.285363247189328831e+03
5.963622675339625978e-01 3.059012745877872476e+03
6.551284857587630350e-01 2.830954701457534611e+03
7.196855941730535555e-01 2.631689046266625155e+03
7.906042337028588163e-01 2.447358844892684374e+03
8.685112768820903995e-01 2.286502097759776007e+03
9.540953689793428838e-01 2.136221669893735452e+03
1.048113015153642191e+00 0.000000000000000000e+00
