1.048113066601954503e-02 8.408384132650234096e+04
1.151395323963562076e-02 0.000000000000000000e+00
1.264855132798976302e-02 1.567718054025836173e+05
1.389495400641860279e-02 9.886891782819187210e+04
1.526417862678452857e-02 1.255083178164838755e+05
1.676832820337198493e-02 0.000000000000000000e+00
1.842069839530119726e-02 1.129731333016639983e+05
2.023589503111089191e-02 1.056796627647180139e+05
2.222996321434766651e-02 1.083520591489805811e+05
2.442052915136719640e-02 8.523534776925040933e+04
2.682695595500901239e-02 9.085679012509572203e+04
2.947051480134291537e-02 9.444743878683519142e+04
3.237457295239669353e-02 7.152101168756296101e+04
3.556480030685772731e-02 7.719076195503601048e+04
3.906939630451649464e-02 6.583723794162248669e+04
4.291933919013282694e-02 6.423070625292709155e+04
4.714865984004791566e-02 6.175765111343963508e+04
5.179474257198286163e-02 5.202774548996514932e+04
5.689865559697841746e-02 4.915681569815090916e+04
6.250551403444545850e-02 4.313405981467355014e+04
6.866487869913283359e-02 4.029780246160041133e+04
7.543119418501802176e-02 3.643746335596110293e+04
8.286427011848424007e-02 3.141072692805163751e+04
9.102980983473445142e-02 2.680465311191596993e+04
9.999999115058272325e-02 2.294126292506582467e+04
1.098541043672585787e-01 2.090740063007490608e+04
1.206792531427361148e-01 1.831446466730978864e+04
1.325711244288214907e-01 1.723602086702785891e+04
1.456348342787200378e-01 1.516546867534238845e+04
1.599858570014452974e-01 1.310785409307361806e+04
1.757510458761641914e-01 1.195323842953119492e+04
1.930697544488981787e-01 1.072312845026129435e+04
2.120950683230800604e-01 9.586359030632354916e+03
2.329951583321586417e-01 8.673070268865152684e+03
2.559547670553742882e-01 7.995797640906093875e+03
2.811768418164965477e-01 7.244295190519113021e+03
3.088843286001189403e-01 6.605563161049030896e+03
3.393221427425128778e-01 6.095685941118894334e+03
3.727593338166072523e-01 5.636546072355326942e+03
4.094914638472018087e-01 5.236127089020465064e+03
4.498432198782237879e-01 4.854331651653611516e+03
4.941712839853393824e-01 4.518259263317479054e+03
5.428674861028858212e-01 4.215601542662525389e+03
5.963622675339625978e-01 3.946939666933296394e+03
6.551284857587630350e-01 3.686422709294382912e+03
7.196855941730535555e-01 3.437660808760114378e+03
7.906042337028588163e-01 3.210893906214774233e+03
8.685112768820903995e-01 2.987991402535006273e+03
9.540953689793428838e-01 2.778288057611847307e+03
1.048113015153642191e+00 0.000000000000000000e+00
