1.048113066601954503e-02 6.717926806721436151e+04
1.151395323963562076e-02 0.000000000000000000e+00
1.264855132798976302e-02 1.102867079172820668e+05
1.389495400641860279e-02 3.907423721139275585e+04
1.526417862678452857e-02 6.011915661913199438e+04
1.676832820337198493e-02 0.000000000000000000e+00
1.842069839530119726e-02 5.843645638596051140e+04
2.023589503111089191e-02 6.812266024082868535e+04
2.222996321434766651e-02 5.516362456995803950e+04
2.442052915136719640e-02 7.053174246674276947e+04
2.682695595500901239e-02 7.647073540826210228e+04
2.947051480134291537e-02 5.945458426448924729e+04
3.237457295239669353e-02 5.767600860444057616e+04
3.556480030685772731e-02 5.846061935823892418e+04
3.906939630451649464e-02 5.826466598300159967e+04
4.291933919013282694e-02 5.699497830788660212e+04
4.714865984004791566e-02 5.480958059499697993e+04
5.179474257198286163e-02 4.675099092977272085e+04
5.689865559697841746e-02 4.458738665563229733e+04
6.250551403444545850e-02 4.520326768693585473e+04
6.866487869913283359e-02 4.284596566796823026e+04
7.543119418501802176e-02 3.927793302729223069e+04
8.286427011848424007e-02 3.455102271905541420e+04
9.102980983473445142e-02 3.310125156981319742e+04
9.999999115058272325e-02 2.984861066493914404e+04
1.098541043672585787e-01 2.583448264268241473e+04
1.206792531427361148e-01 2.375829759574699710e+04
1.325711244288214907e-01 2.233155599335980514e+04
1.456348342787200378e-01 2.036204261358310032e+04
1.599858570014452974e-01 1.817886752986155261e+04
1.757510458761641914e-01 1.669488144397384531e+04
1.930697544488981787e-01 1.513484067444795073e+04
2.120950683230800604e-01 1.397521513265626345e+04
2.329951583321586417e-01 1.277682048174291049e+04
2.559547670553742882e-01 1.187168159161381118e+04
2.811768418164965477e-01 1.086870131200555443e+04
3.088843286001189403e-01 1.017113118510131972e+04
3.393221427425128778e-01 9.482948083365357888e+03
3.727593338166072523e-01 8.857384844697748122e+03
4.094914638472018087e-01 8.348237190403568093e+03
4.498432198782237879e-01 7.840710541000689773e+03
4.941712839853393824e-01 7.443379053024540553e+03
5.428674861028858212e-01 7.051003346433562911e+03
5.963622675339625978e-01 6.696376584748353707e+03
6.551284857587630350e-01 6.368258062620234341e+03
7.196855941730535555e-01 6.042896631853022882e+03
7.906042337028588163e-01 5.760614145050446496e+03
8.685112768820903995e-01 5.467729924407045473e+03
9.540953689793428838e-01 5.192636781367247750e+03
1.048113015153642191e+00 0.000000000000000000e+00
