1.048113066601954503e-02 3.131914095846088458e+04
1.151395323963562076e-02 0.000000000000000000e+00
1.264855132798976302e-02 8.068660931759897721e+03
1.389495400641860279e-02 3.819490177748091810e+04
1.526417862678452857e-02 3.559078961559258460e+04
1.676832820337198493e-02 0.000000000000000000e+00
1.842069839530119726e-02 2.654663283255089118e+04
2.023589503111089191e-02 2.368751413566783594e+04
2.222996321434766651e-02 5.120242119599372381e+04
2.442052915136719640e-02 5.236111719360762800e+04
2.682695595500901239e-02 3.997381970083914348e+04
2.947051480134291537e-02 4.290887639645468153e+04
3.237457295239669353e-02 3.126295555380713631e+04
3.556480030685772731e-02 4.370395875669872476e+04
3.906939630451649464e-02 4.287898083521344961e+04
4.291933919013282694e-02 3.876142805321603373e+04
4.714865984004791566e-02 4.177234702660189942e+04
5.179474257198286163e-02 3.849057368254401081e+04
5.689865559697841746e-02 3.638146890372743655e+04
6.250551403444545850e-02 3.535287771809776314e+04
6.866487869913283359e-02 3.471399560111569008e+04
7.543119418501802176e-02 3.541020766985632508e+04
8.286427011848424007e-02 3.319889607609571249e+04
9.102980983473445142e-02 3.016127572966372099e+04
9.999999115058272325e-02 2.692986878879917640e+04
1.098541043672585787e-01 2.608963665883118665e+04
1.206792531427361148e-01 2.362213862999395496e+04
1.325711244288214907e-01 2.293403183003740560e+04
1.456348342787200378e-01 2.105572888612631505e+04
1.599858570014452974e-01 1.918177448957182060e+04
1.757510458761641914e-01 1.744470948454597237e+04
1.930697544488981787e-01 1.654676019513482970e+04
2.120950683230800604e-01 1.521666281684002206e+04
2.329951583321586417e-01 1.391301549974011141e+04
2.559547670553742882e-01 1.304722957247430713e+04
2.811768418164965477e-01 1.205855186769456486e+04
3.088843286001189403e-01 1.127856375041590763e+04
3.393221427425128778e-01 1.059437297134885011e+04
3.727593338166072523e-01 9.958612393784893356e+03
4.094914638472018087e-01 9.358141961212029855e+03
4.498432198782237879e-01 8.911026422111397551e+03
4.941712839853393824e-01 8.478819631765452868e+03
5.428674861028858212e-01 8.070620557367827132e+03
5.963622675339625978e-01 7.718274974930176541e+03
6.551284857587630350e-01 7.410010853482528546e+03
7.196855941730535555e-01 7.103526089534085258e+03
7.906042337028588163e-01 6.852887275174369279e+03
8.685112768820903995e-01 6.589574852615372947e+03
9.540953689793428838e-01 6.346101910464376488e+03
1.048113015153642191e+00 0.000000000000000000e+00
