1.048113066601954503e-02 2.938865166054992005e+04
1.151395323963562076e-02 0.000000000000000000e+00
1.264855132798976302e-02 4.091441026653597510e+04
1.389495400641860279e-02 3.162958830136926554e+04
1.526417862678452857e-02 6.724709452870178211e+03
1.676832820337198493e-02 0.000000000000000000e+00
1.842069839530119726e-02 2.252736769661465223e+04
2.023589503111089191e-02 3.212748151482944741e+04
2.222996321434766651e-02 3.482317194750256022e+04
2.442052915136719640e-02 2.536622695771520375e+04
2.682695595500901239e-02 2.704919959871454557e+04
2.947051480134291537e-02 3.381801345927458169e+04
3.237457295239669353e-02 3.303661795814255311e+04
3.556480030685772731e-02 3.078227168292231363e+04
3.906939630451649464e-02 3.065712169147732857e+04
4.291933919013282694e-02 2.985525635208305175e+04
4.714865984004791566e-02 2.685578645859810786e+04
5.179474257198286163e-02 2.847763099893809704e+04
5.689865559697841746e-02 2.470487591516636530e+04
6.250551403444545850e-02 2.424628850340347708e+04
6.866487869913283359e-02 2.243560906471670751e+04
7.543119418501802176e-02 2.107336027358430874e+04
8.286427011848424007e-02 1.926760436722212762e+04
9.102980983473445142e-02 1.747494173350176061e+04
9.999999115058272325e-02 1.597594242468367884e+04
1.098541043672585787e-01 1.469633472436588272e+04
1.206792531427361148e-01 1.378874061421614897e+04
1.325711244288214907e-01 1.264707261404811106e+04
1.456348342787200378e-01 1.128652604029698705e+04
1.599858570014452974e-01 9.971542273095063138e+03
1.757510458761641914e-01 9.156026883167123742e+03
1.930697544488981787e-01 8.239244052820231445e+03
2.120950683230800604e-01 7.373761780413849920e+03
2.329951583321586417e-01 6.616038567009512917e+03
2.559547670553742882e-01 6.058694197514393636e+03
2.811768418164965477e-01 5.511549704051680237e+03
3.088843286001189403e-01 4.989163198987164833e+03
3.393221427425128778e-01 4.536413502192222040e+03
3.727593338166072523e-01 4.146360997333357773e+03
4.094914638472018087e-01 3.810461741911849458e+03
4.498432198782237879e-01 3.528504266078777619e+03
4.941712839853393824e-01 3.274190119397691888e+03
5.428674861028858212e-01 3.041445907148632614e+03
5.963622675339625978e-01 2.846005585704840087e+03
6.551284857587630350e-01 2.658322735029189516e+03
7.196855941730535555e-01 2.500355101031599133e+03
7.906042337028588163e-01 2.360641217032420172e+03
8.685112768820903995e-01 2.229817316848166683e+03
9.540953689793428838e-01 2.109434673465973901e+03
1.048113015153642191e+00 0.000000000000000000e+00
