1.048113066601954503e-02 8.531182709230904584e+04
1.151395323963562076e-02 0.000000000000000000e+00
1.264855132798976302e-02 7.014605457707437745e+04
1.389495400641860279e-02 1.002959167741617712e+05
1.526417862678452857e-02 1.333433968538924819e+05
1.676832820337198493e-02 0.000000000000000000e+00
1.842069839530119726e-02 8.775986917142313905e+04
2.023589503111089191e-02 1.240763998379971890e+05
2.222996321434766651e-02 1.136165976496190560e+05
2.442052915136719640e-02 1.032667116099195264e+05
2.682695595500901239e-02 1.078577074767854065e+05
2.947051480134291537e-02 1.193477742634814349e+05
3.237457295239669353e-02 1.006405441756638465e+05
3.556480030685772731e-02 9.892462151773757068e+04
3.906939630451649464e-02 9.361957988712799852e+04
4.291933919013282694e-02 7.389223125557912863e+04
4.714865984004791566e-02 5.575110052539204480e+04
5.179474257198286163e-02 6.056406333005556371e+04
5.689865559697841746e-02 6.024465545359964744e+04
6.250551403444545850e-02 5.663584823900358606e+04
6.866487869913283359e-02 5.121525440421454550e+04
7.543119418501802176e-02 5.004451602185149386e+04
8.286427011848424007e-02 4.659448022548692825e+04
9.102980983473445142e-02 4.153443086204485007e+04
9.999999115058272325e-02 3.456252680578180298e+04
1.098541043672585787e-01 3.038977167285786345e+04
1.206792531427361148e-01 2.747752185995549735e+04
1.325711244288214907e-01 2.536516935219685547e+04
1.456348342787200378e-01 2.387931987631734955e+04
1.599858570014452974e-01 2.129668073943471245e+04
1.757510458761641914e-01 1.893005496737478461e+04
1.930697544488981787e-01 1.711989121582915686e+04
2.120950683230800604e-01 1.577639034663832717e+04
2.329951583321586417e-01 1.435230952215229627e+04
2.559547670553742882e-01 1.320661782336761826e+04
2.811768418164965477e-01 1.212695562184944538e+04
3.088843286001189403e-01 1.123286237795013949e+04
3.393221427425128778e-01 1.046604305538381777e+04
3.727593338166072523e-01 9.746653776910436136e+03
4.094914638472018087e-01 9.166779051363499093e+03
4.498432198782237879e-01 8.595620964135065151e+03
4.941712839853393824e-01 8.131795926683160360e+03
5.428674861028858212e-01 7.666427275758279393e+03
5.963622675339625978e-01 7.249978270978363071e+03
6.551284857587630350e-01 6.855506575539715413e+03
7.196855941730535555e-01 6.504771690454197596e+03
7.906042337028588163e-01 6.162344335050273003e+03
8.685112768820903995e-01 5.852100088213156596e+03
9.540953689793428838e-01 5.530335179910738589e+03
1.048113015153642191e+00 0.000000000000000000e+00
