1.048113066601954503e-02 1.599156308551314578e+05
1.151395323963562076e-02 0.000000000000000000e+00
1.264855132798976302e-02 1.465526846025062550e+05
1.389495400641860279e-02 1.530899239996395190e+05
1.526417862678452857e-02 2.979476142175110872e+05
1.676832820337198493e-02 0.000000000000000000e+00
1.842069839530119726e-02 1.982973299846957088e+05
2.023589503111089191e-02 1.751866941479597008e+05
2.222996321434766651e-02 2.260116234179530875e+05
2.442052915136719640e-02 3.074575149779021740e+05
2.682695595500901239e-02 2.052354700237668585e+05
2.947051480134291537e-02 1.767148507422961993e+05
3.237457295239669353e-02 1.400866843546824239e+05
3.556480030685772731e-02 1.395093858525626711e+05
3.906939630451649464e-02 1.435304754486294987e+05
4.291933919013282694e-02 1.444880018811527116e+05
4.714865984004791566e-02 1.170968913497587782e+05
5.179474257198286163e-02 1.074956681963337760e+05
5.689865559697841746e-02 9.670862312112942163e+04
6.250551403444545850e-02 9.794077918224432506e+04
6.866487869913283359e-02 8.467906888688966865e+04
7.543119418501802176e-02 8.470717546246630081e+04
8.286427011848424007e-02 7.029430266671830032e+04
9.102980983473445142e-02 6.147283971406708588e+04
9.999999115058272325e-02 5.499752343806016142e+04
1.098541043672585787e-01 4.870227751355328655e+04
1.206792531427361148e-01 4.462103765060703881e+04
1.325711244288214907e-01 4.004332313353715290e+04
1.456348342787200378e-01 3.625142785259456286e+04
1.599858570014452974e-01 3.306035433810619725e+04
1.757510458761641914e-01 2.980556513607189117e+04
1.930697544488981787e-01 2.731106377906501075e+04
2.120950683230800604e-01 2.489429348945878155e+04
2.329951583321586417e-01 2.246502635241048847e+04
2.559547670553742882e-01 2.106141398814121931e+04
2.811768418164965477e-01 1.923797399580346973e+04
3.088843286001189403e-01 1.784243186295558917e+04
3.393221427425128778e-01 1.672927617090145941e+04
3.727593338166072523e-01 1.555343621558921586e+04
4.094914638472018087e-01 1.464078069672982747e+04
4.498432198782237879e-01 1.387821316957901581e+04
4.941712839853393824e-01 1.306335998368352375e+04
5.428674861028858212e-01 1.235126207999310282e+04
5.963622675339625978e-01 1.171028213406123905e+04
6.551284857587630350e-01 1.104938719881074940e+04
7.196855941730535555e-01 1.047402702593804861e+04
7.906042337028588163e-01 9.919252900951280026e+03
8.685112768820903995e-01 9.323513792080913845e+03
9.540953689793428838e-01 8.784843039463756213e+03
1.048113015153642191e+00 0.000000000000000000e+00
