1.048113066601954503e-02 1.196323223690105369e+05
1.151395323963562076e-02 0.000000000000000000e+00
1.264855132798976302e-02 2.067060171017023968e+05
1.389495400641860279e-02 1.362407126643771189e+05
1.526417862678452857e-02 1.684027447282597132e+05
1.676832820337198493e-02 0.000000000000000000e+00
1.842069839530119726e-02 1.582681754256468266e+05
2.023589503111089191e-02 1.026010335866024398e+05
2.222996321434766651e-02 1.058531571141542227e+05
2.442052915136719640e-02 1.540209916205615154e+05
2.682695595500901239e-02 9.524251812513339974e+04
2.947051480134291537e-02 9.827396923558000708e+04
3.237457295239669353e-02 1.098461778124338161e+05
3.556480030685772731e-02 9.019013994414090121e+04
3.906939630451649464e-02 6.952461299544393842e+04
4.291933919013282694e-02 7.613222046946450428e+04
4.714865984004791566e-02 6.389242211532209330e+04
5.179474257198286163e-02 6.623830055995604198e+04
5.689865559697841746e-02 5.376907843867332122e+04
6.250551403444545850e-02 5.396585003572095593e+04
6.866487869913283359e-02 5.135101741228574974e+04
7.543119418501802176e-02 4.623680444150070980e+04
8.286427011848424007e-02 4.089883719664259115e+04
9.102980983473445142e-02 3.598284904824109253e+04
9.999999115058272325e-02 2.912849777305974567e+04
1.098541043672585787e-01 2.687450864512638145e+04
1.206792531427361148e-01 2.391066089204807577e+04
1.325711244288214907e-01 2.272615513565873698e+04
1.456348342787200378e-01 2.024882373405082399e+04
1.599858570014452974e-01 1.792227361451648903e+04
1.757510458761641914e-01 1.604992115747147909e+04
1.930697544488981787e-01 1.491573379588547323e+04
2.120950683230800604e-01 1.354850756953801465e+04
2.329951583321586417e-01 1.226825780502288035e+04
2.559547670553742882e-01 1.127364748455530207e+04
2.811768418164965477e-01 1.031734517922450505e+04
3.088843286001189403e-01 9.490018307147762243e+03
3.393221427425128778e-01 8.828324618946307965e+03
3.727593338166072523e-01 8.174006390482029019e+03
4.094914638472018087e-01 7.646259816117806622e+03
4.498432198782237879e-01 7.177737535663633025e+03
4.941712839853393824e-01 6.724863740280395177e+03
5.428674861028858212e-01 6.356965458783100075e+03
5.963622675339625978e-01 5.969585759225324182e+03
6.551284857587630350e-01 5.647630928277258135e+03
7.196855941730535555e-01 5.323378634120907009e+03
7.906042337028588163e-01 4.994036546648247167e+03
8.685112768820903995e-01 4.690375555090897251e+03
9.540953689793428838e-01 4.397571923287786376e+03
1.048113015153642191e+00 0.000000000000000000e+00
