1.048113066601954503e-02 4.645996492055647832e+04
1.151395323963562076e-02 0.000000000000000000e+00
1.264855132798976302e-02 3.554283340641629911e+04
1.389495400641860279e-02 8.918292533829824242e+04
1.526417862678452857e-02 4.540756724829311133e+04
1.676832820337198493e-02 0.000000000000000000e+00
1.842069839530119726e-02 3.782641483745763253e+04
2.023589503111089191e-02 6.374589275157747034e+04
2.222996321434766651e-02 4.810689996924577281e+04
2.442052915136719640e-02 4.757640388579111459e+04
2.682695595500901239e-02 4.754446109520296886e+04
2.947051480134291537e-02 6.030074263225175673e+04
3.237457295239669353e-02 4.606069055090503389e+04
3.556480030685772731e-02 4.527503082252065360e+04
3.906939630451649464e-02 3.746103095863586350e+04
4.291933919013282694e-02 4.769667070316019817e+04
4.714865984004791566e-02 3.829081693906411238e+04
5.179474257198286163e-02 3.232707321175309335e+04
5.689865559697841746e-02 3.119167781924623705e+04
6.250551403444545850e-02 3.018913209420980274e+04
6.866487869913283359e-02 2.934531957691409480e+04
7.543119418501802176e-02 2.728878513507580647e+04
8.286427011848424007e-02 2.556305782677941897e+04
9.102980983473445142e-02 2.182318505962075506e+04
9.999999115058272325e-02 1.947836003411641286e+04
1.098541043672585787e-01 1.679088374395105711e+04
1.206792531427361148e-01 1.575757687047596846e+04
1.325711244288214907e-01 1.435792692042944691e+04
1.456348342787200378e-01 1.305802696961249603e+04
1.599858570014452974e-01 1.187619616544618839e+04
1.757510458761641914e-01 1.048063617489846001e+04
1.930697544488981787e-01 9.344634177382118651e+03
2.120950683230800604e-01 8.581242657108754429e+03
2.329951583321586417e-01 7.749158799983673816e+03
2.559547670553742882e-01 7.137773181962371382e+03
2.811768418164965477e-01 6.498403358745399601e+03
3.088843286001189403e-01 5.966747940142658990e+03
3.393221427425128778e-01 5.478950500513004954e+03
3.727593338166072523e-01 5.042165074716906020e+03
4.094914638472018087e-01 4.709690656998269333e+03
4.498432198782237879e-01 4.380257460557659215e+03
4.941712839853393824e-01 4.086488642618321137e+03
5.428674861028858212e-01 3.826514417244769902e+03
5.963622675339625978e-01 3.602847549912401973e+03
6.551284857587630350e-01 3.396973170946839673e+03
7.196855941730535555e-01 3.199824666716438514e+03
7.906042337028588163e-01 3.018163888525418770e+03
8.685112768820903995e-01 2.849300161657604804e+03
9.540953689793428838e-01 2.682315482286024690e+03
1.048113015153642191e+00 0.000000000000000000e+00
