1.048113066601954503e-02 5.912678630002049613e+04
1.151395323963562076e-02 0.000000000000000000e+00
1.264855132798976302e-02 3.476508509536288329e+04
1.389495400641860279e-02 6.303940296083853173e+04
1.526417862678452857e-02 5.673105454236789956e+04
1.676832820337198493e-02 0.000000000000000000e+00
1.842069839530119726e-02 6.945653213912743377e+04
2.023589503111089191e-02 6.851597226447240973e+04
2.222996321434766651e-02 4.158580278734903550e+04
2.442052915136719640e-02 6.850350172146467958e+04
2.682695595500901239e-02 8.680210765444001299e+04
2.947051480134291537e-02 5.033548197643432650e+04
3.237457295239669353e-02 5.227038680900397594e+04
3.556480030685772731e-02 5.502135135755127703e+04
3.906939630451649464e-02 4.289091610188160848e+04
4.291933919013282694e-02 4.445995879722546670e+04
4.714865984004791566e-02 5.133249060360703152e+04
5.179474257198286163e-02 4.327895482724061003e+04
5.689865559697841746e-02 3.207072225953792076e+04
6.250551403444545850e-02 3.401030963963628164e+04
6.866487869913283359e-02 3.298181050139233412e+04
7.543119418501802176e-02 2.989023722230410203e+04
8.286427011848424007e-02 2.656069344188961986e+04
9.102980983473445142e-02 2.512788870356170082e+04
9.999999115058272325e-02 2.140776403361035045e+04
1.098541043672585787e-01 1.911190588893702807e+04
1.206792531427361148e-01 1.656381800302704505e+04
1.325711244288214907e-01 1.513428193215211650e+04
1.456348342787200378e-01 1.373199906848992032e+04
1.599858570014452974e-01 1.245351469830315182e+04
1.757510458761641914e-01 1.059913515320403712e+04
1.930697544488981787e-01 9.576181927990177428e+03
2.120950683230800604e-01 8.544919462461424700e+03
2.329951583321586417e-01 7.617475954775369246e+03
2.559547670553742882e-01 6.834195990424279444e+03
2.811768418164965477e-01 6.116749534898624916e+03
3.088843286001189403e-01 5.497750529297801222e+03
3.393221427425128778e-01 4.962571974171270995e+03
3.727593338166072523e-01 4.498261662730083117e+03
4.094914638472018087e-01 4.093631793169179673e+03
4.498432198782237879e-01 3.727779787055254019e+03
4.941712839853393824e-01 3.417952574532630933e+03
5.428674861028858212e-01 3.143278340496603050e+03
5.963622675339625978e-01 2.903314667768085201e+03
6.551284857587630350e-01 2.692695119648300533e+03
7.196855941730535555e-01 2.503960330955674635e+03
7.906042337028588163e-01 2.330314680278784181e+03
8.685112768820903995e-01 2.177691832366015205e+03
9.540953689793428838e-01 2.041482299880662822e+03
1.048113015153642191e+00 0.000000000000000000e+00
