1.048113066601954503e-02 8.888322199652092240e+04
1.151395323963562076e-02 0.000000000000000000e+00
1.264855132798976302e-02 2.497783928811162696e+04
1.389495400641860279e-02 1.213871304953589279e+05
1.526417862678452857e-02 1.082608430915031058e+05
1.676832820337198493e-02 0.000000000000000000e+00
1.842069839530119726e-02 9.251478863948721846e+04
2.023589503111089191e-02 1.595909542014764738e+05
2.222996321434766651e-02 1.530590056327928905e+05
2.442052915136719640e-02 1.141883773090542090e+05
2.682695595500901239e-02 1.064527500195358589e+05
2.947051480134291537e-02 1.034925532962689904e+05
3.237457295239669353e-02 8.706580179091432365e+04
3.556480030685772731e-02 7.196230105001994525e+04
3.906939630451649464e-02 8.814383267743837496e+04
4.291933919013282694e-02 7.896940222731632821e+04
4.714865984004791566e-02 6.547526853102059977e+04
5.179474257198286163e-02 7.140883084346874966e+04
5.689865559697841746e-02 5.372007594962171424e+04
6.250551403444545850e-02 6.023494395325772348e+04
6.866487869913283359e-02 5.701497420500424050e+04
7.543119418501802176e-02 5.279821612718206597e+04
8.286427011848424007e-02 4.580607970159253455e+04
9.102980983473445142e-02 3.802442724087255192e+04
9.999999115058272325e-02 3.626853162733186036e+04
1.098541043672585787e-01 3.202569627966303233e+04
1.206792531427361148e-01 3.008335270252401824e+04
1.325711244288214907e-01 2.754424951057750877e+04
1.456348342787200378e-01 2.521830807002082292e+04
1.599858570014452974e-01 2.197952723477284599e+04
1.757510458761641914e-01 2.033349523668529582e+04
1.930697544488981787e-01 1.856139389705628855e+04
2.120950683230800604e-01 1.732089379599488166e+04
2.329951583321586417e-01 1.583989232375599386e+04
2.559547670553742882e-01 1.451923273072281518e+04
2.811768418164965477e-01 1.344567852776475411e+04
3.088843286001189403e-01 1.250693855836818875e+04
3.393221427425128778e-01 1.173105860341534935e+04
3.727593338166072523e-01 1.095169293382694013e+04
4.094914638472018087e-01 1.031188623594535966e+04
4.498432198782237879e-01 9.751050645804549276e+03
4.941712839853393824e-01 9.217231722879716472e+03
5.428674861028858212e-01 8.765388439623062368e+03
5.963622675339625978e-01 8.341673427403824462e+03
6.551284857587630350e-01 7.937140581979740091e+03
7.196855941730535555e-01 7.562536264285861762e+03
7.906042337028588163e-01 7.197717768052285464e+03
8.685112768820903995e-01 6.856543612613318146e+03
9.540953689793428838e-01 6.534501458121088945e+03
1.048113015153642191e+00 0.000000000000000000e+00
