1.048113066601954503e-02 4.534220949750531872e+04
1.151395323963562076e-02 0.000000000000000000e+00
1.264855132798976302e-02 4.422572052729409916e+04
1.389495400641860279e-02 2.195673448695655679e+04
1.526417862678452857e-02 3.673393817994244455e+04
1.676832820337198493e-02 0.000000000000000000e+00
1.842069839530119726e-02 5.629316161661846854e+04
2.023589503111089191e-02 3.494198493158683414e+04
2.222996321434766651e-02 5.605475262054672203e+04
2.442052915136719640e-02 4.996650760266758880e+04
2.682695595500901239e-02 4.145929442537626892e+04
2.947051480134291537e-02 3.840200488865362422e+04
3.237457295239669353e-02 3.710290102814974671e+04
3.556480030685772731e-02 3.007141114454116178e+04
3.906939630451649464e-02 3.223599003195718615e+04
4.291933919013282694e-02 3.177121960684612714e+04
4.714865984004791566e-02 2.472025338930370344e+04
5.179474257198286163e-02 2.794119198254975709e+04
5.689865559697841746e-02 2.390242896644437860e+04
6.250551403444545850e-02 2.425213189846424939e+04
6.866487869913283359e-02 2.266073584848666360e+04
7.543119418501802176e-02 2.114887812895974275e+04
8.286427011848424007e-02 1.891947692363908573e+04
9.102980983473445142e-02 1.741951500062649939e+04
9.999999115058272325e-02 1.533519689136257693e+04
1.098541043672585787e-01 1.400764215517568664e+04
1.206792531427361148e-01 1.209635815961435583e+04
1.325711244288214907e-01 1.134687695195073320e+04
1.456348342787200378e-01 1.020860134501510220e+04
1.599858570014452974e-01 9.159504955824299032e+03
1.757510458761641914e-01 7.974739125515456180e+03
1.930697544488981787e-01 7.217739546297488232e+03
2.120950683230800604e-01 6.495522434697156314e+03
2.329951583321586417e-01 5.833984499424606838e+03
2.559547670553742882e-01 5.247781512786499661e+03
2.811768418164965477e-01 4.692010424415644593e+03
3.088843286001189403e-01 4.257259405553662873e+03
3.393221427425128778e-01 3.905712415045441958e+03
3.727593338166072523e-01 3.546427186771892138e+03
4.094914638472018087e-01 3.232972234139314423e+03
4.498432198782237879e-01 2.984534061337725689e+03
4.941712839853393824e-01 2.747159157936453539e+03
5.428674861028858212e-01 2.540991479630664344e+03
5.963622675339625978e-01 2.368176398902453911e+03
6.551284857587630350e-01 2.198918158494227100e+03
7.196855941730535555e-01 2.061479196420443259e+03
7.906042337028588163e-01 1.929751518801846487e+03
8.685112768820903995e-01 1.815072055488475371e+03
9.540953689793428838e-01 1.707613076911711914e+03
1.048113015153642191e+00 0.000000000000000000e+00
