1.048113066601954503e-02 6.034505629742809106e+04
1.151395323963562076e-02 0.000000000000000000e+00
1.264855132798976302e-02 1.001769911875201797e+05
1.389495400641860279e-02 9.109156590681248053e+04
1.526417862678452857e-02 4.892934454895064118e+04
1.676832820337198493e-02 0.000000000000000000e+00
1.842069839530119726e-02 5.113355847933818586e+04
2.023589503111089191e-02 7.070108762892684899e+04
2.222996321434766651e-02 6.199824949470227875e+04
2.442052915136719640e-02 7.819839041223119420e+04
2.682695595500901239e-02 7.383154271599593631e+04
2.947051480134291537e-02 5.219093277001903334e+04
3.237457295239669353e-02 5.915432833015943470e+04
3.556480030685772731e-02 6.617035499359629466e+04
3.906939630451649464e-02 4.935885341589704331e+04
4.291933919013282694e-02 5.047862106742401375e+04
4.714865984004791566e-02 4.515749126269675617e+04
5.179474257198286163e-02 3.428812619697905757e+04
5.689865559697841746e-02 3.510351349292127998e+04
6.250551403444545850e-02 3.549881132115333457e+04
6.866487869913283359e-02 3.153571696362805233e+04
7.543119418501802176e-02 2.857778191038718069e+04
8.286427011848424007e-02 2.743485973580241262e+04
9.102980983473445142e-02 2.325908743846602374e+04
9.999999115058272325e-02 2.102084674288881797e+04
1.098541043672585787e-01 1.769793245758434932e+04
1.206792531427361148e-01 1.614077213187844245e+04
1.325711244288214907e-01 1.449613146527486242e+04
1.456348342787200378e-01 1.375079206620129662e+04
1.599858570014452974e-01 1.207701039405241318e+04
1.757510458761641914e-01 1.070660483075060256e+04
1.930697544488981787e-01 9.596239879505727004e+03
2.120950683230800604e-01 8.668261128963731608e+03
2.329951583321586417e-01 7.819356100842003798e+03
2.559547670553742882e-01 7.041994055379544079e+03
2.811768418164965477e-01 6.333173869615411604e+03
3.088843286001189403e-01 5.789846319644259893e+03
3.393221427425128778e-01 5.297149215420346081e+03
3.727593338166072523e-01 4.834804472080765663e+03
4.094914638472018087e-01 4.477556470191333574e+03
4.498432198782237879e-01 4.149372495849655934e+03
4.941712839853393824e-01 3.845836278635291364e+03
5.428674861028858212e-01 3.574185966655299126e+03
5.963622675339625978e-01 3.346268013384846199e+03
6.551284857587630350e-01 3.125608372964896716e+03
7.196855941730535555e-01 2.929470553328715596e+03
7.906042337028588163e-01 2.755946023263127245e+03
8.685112768820903995e-01 2.588472125284566573e+03
9.540953689793428838e-01 2.430665455803341047e+03
1.048113015153642191e+00 0.000000000000000000e+00
