1.048113066601954503e-02 3.642499032355629024e+05
1.151395323963562076e-02 0.000000000000000000e+00
1.264855132798976302e-02 1.847393635427049885e+05
1.389495400641860279e-02 1.785977808338727918e+05
1.526417862678452857e-02 2.856892302954426268e+05
1.676832820337198493e-02 0.000000000000000000e+00
1.842069839530119726e-02 2.516227317683365836e+05
2.023589503111089191e-02 1.964371344233948039e+05
2.222996321434766651e-02 1.267255877228772151e+05
2.442052915136719640e-02 1.680192125161597505e+05
2.682695595500901239e-02 1.407940099884455558e+05
2.947051480134291537e-02 1.113121330549780687e+05
3.237457295239669353e-02 9.607873437049477070e+04
3.556480030685772731e-02 8.638850377838608983e+04
3.906939630451649464e-02 8.356993990037389449e+04
4.291933919013282694e-02 8.270368869701036601e+04
4.714865984004791566e-02 6.835423109914184897e+04
5.179474257198286163e-02 6.531187728446783876e+04
5.689865559697841746e-02 6.298555051061753329e+04
6.250551403444545850e-02 6.175908249964541028e+04
6.866487869913283359e-02 4.961129728189012530e+04
7.543119418501802176e-02 3.794277801709056803e+04
8.286427011848424007e-02 3.141998587681648496e+04
9.102980983473445142e-02 2.837215788644427812e+04
9.999999115058272325e-02 2.858129856345925145e+04
1.098541043672585787e-01 2.599293165580471396e+04
1.206792531427361148e-01 2.139611562625634906e+04
1.325711244288214907e-01 1.813436123678711374e+04
1.456348342787200378e-01 1.687301389979711530e+04
1.599858570014452974e-01 1.568832006641548651e+04
1.757510458761641914e-01 1.376887957465187719e+04
1.930697544488981787e-01 1.240342624854428323e+04
2.120950683230800604e-01 1.106105533971517798e+04
2.329951583321586417e-01 1.002536177788521491e+04
2.559547670553742882e-01 9.062619108096658238e+03
2.811768418164965477e-01 8.279847197206550845e+03
3.088843286001189403e-01 7.621234636585792941e+03
3.393221427425128778e-01 6.982751061065730028e+03
3.727593338166072523e-01 6.466182858464925630e+03
4.094914638472018087e-01 6.033116205161461039e+03
4.498432198782237879e-01 5.591562166361582968e+03
4.941712839853393824e-01 5.226687448512915580e+03
5.428674861028858212e-01 4.895831404752763774e+03
5.963622675339625978e-01 4.590712054465113397e+03
6.551284857587630350e-01 4.323363672143434087e+03
7.196855941730535555e-01 4.060964405555413123e+03
7.906042337028588163e-01 3.809869923368784839e+03
8.685112768820903995e-01 3.577012633498115974e+03
9.540953689793428838e-01 3.363102797796083905e+03
1.048113015153642191e+00 0.000000000000000000e+00
