1.048113066601954503e-02 2.045329436286066193e+05
1.151395323963562076e-02 0.000000000000000000e+00
1.264855132798976302e-02 1.837905412772887503e+05
1.389495400641860279e-02 2.347694087793482759e+05
1.526417862678452857e-02 2.147056649634616333e+05
1.676832820337198493e-02 0.000000000000000000e+00
1.842069839530119726e-02 1.793769625675115676e+05
2.023589503111089191e-02 1.964343621899631689e+05
2.222996321434766651e-02 2.137270773206061858e+05
2.442052915136719640e-02 1.916014584258050018e+05
2.682695595500901239e-02 1.828710663482869277e+05
2.947051480134291537e-02 1.409831774277532531e+05
3.237457295239669353e-02 1.371527877795834211e+05
3.556480030685772731e-02 1.250183156789898203e+05
3.906939630451649464e-02 1.123561168095795292e+05
4.291933919013282694e-02 1.050247423727792630e+05
4.714865984004791566e-02 9.370052479493914871e+04
5.179474257198286163e-02 8.935901034333341522e+04
5.689865559697841746e-02 7.501900400063917914e+04
6.250551403444545850e-02 7.326499705306105898e+04
6.866487869913283359e-02 6.510982747395448678e+04
7.543119418501802176e-02 6.249516246514706290e+04
8.286427011848424007e-02 5.122024337903717242e+04
9.102980983473445142e-02 4.428155172579886857e+04
9.999999115058272325e-02 3.895906744905278902e+04
1.098541043672585787e-01 3.438112357171319309e+04
1.206792531427361148e-01 3.269902320157437498e+04
1.325711244288214907e-01 2.934785058203759399e+04
1.456348342787200378e-01 2.575696735625351357e+04
1.599858570014452974e-01 2.285091027983821914e+04
1.757510458761641914e-01 2.066005109721138797e+04
1.930697544488981787e-01 1.910826454497106170e+04
2.120950683230800604e-01 1.721432638512627091e+04
2.329951583321586417e-01 1.559686547991103180e+04
2.559547670553742882e-01 1.416089106337816156e+04
2.811768418164965477e-01 1.301912561598663888e+04
3.088843286001189403e-01 1.200317610236644578e+04
3.393221427425128778e-01 1.113653339971708738e+04
3.727593338166072523e-01 1.033140809004169205e+04
4.094914638472018087e-01 9.661086651700616130e+03
4.498432198782237879e-01 9.022992349921996720e+03
4.941712839853393824e-01 8.454890247937288223e+03
5.428674861028858212e-01 7.948703480496444172e+03
5.963622675339625978e-01 7.484113782806587551e+03
6.551284857587630350e-01 7.023513642719744894e+03
7.196855941730535555e-01 6.619163254142511505e+03
7.906042337028588163e-01 6.225176037337074376e+03
8.685112768820903995e-01 5.829469503748630814e+03
9.540953689793428838e-01 5.454702146248012468e+03
1.048113015153642191e+00 0.000000000000000000e+00
