1.048113066601954503e-02 1.142702585345171392e+06
1.151395323963562076e-02 0.000000000000000000e+00
1.264855132798976302e-02 3.782481143323815195e+05
1.389495400641860279e-02 6.447035797852911055e+05
1.526417862678452857e-02 9.684869891583002172e+05
1.676832820337198493e-02 0.000000000000000000e+00
1.842069839530119726e-02 9.415330465505081229e+05
2.023589503111089191e-02 7.147080251807891764e+05
2.222996321434766651e-02 4.049922548596176202e+05
2.442052915136719640e-02 4.822527435349858133e+05
2.682695595500901239e-02 4.432032294238065952e+05
2.947051480134291537e-02 4.133659808641262352e+05
3.237457295239669353e-02 2.736465145438578329e+05
3.556480030685772731e-02 2.491409070818067994e+05
3.906939630451649464e-02 2.373344708235739672e+05
4.291933919013282694e-02 1.782983505931553373e+05
4.714865984004791566e-02 1.565049162401297654e+05
5.179474257198286163e-02 1.483698532696394250e+05
5.689865559697841746e-02 1.492022267578787287e+05
6.250551403444545850e-02 1.571780347213307396e+05
6.866487869913283359e-02 1.308866758918132691e+05
7.543119418501802176e-02 1.108268720761250443e+05
8.286427011848424007e-02 9.213383397376452922e+04
9.102980983473445142e-02 7.565997872782399645e+04
9.999999115058272325e-02 6.445540334997256286e+04
1.098541043672585787e-01 5.818930108310954529e+04
1.206792531427361148e-01 5.358521196759562008e+04
1.325711244288214907e-01 4.875387424347056367e+04
1.456348342787200378e-01 4.231982179838478623e+04
1.599858570014452974e-01 3.794357726330920559e+04
1.757510458761641914e-01 3.379877966070270486e+04
1.930697544488981787e-01 3.067235729797636668e+04
2.120950683230800604e-01 2.793393390481807728e+04
2.329951583321586417e-01 2.465108539609736908e+04
2.559547670553742882e-01 2.273325801667346968e+04
2.811768418164965477e-01 2.075988979477217072e+04
3.088843286001189403e-01 1.910539971263009647e+04
3.393221427425128778e-01 1.766737215511279646e+04
3.727593338166072523e-01 1.634763231406402338e+04
4.094914638472018087e-01 1.516490727131386666e+04
4.498432198782237879e-01 1.418481260889119585e+04
4.941712839853393824e-01 1.331781903245267313e+04
5.428674861028858212e-01 1.242669477980986085e+04
5.963622675339625978e-01 1.157898663095235679e+04
6.551284857587630350e-01 1.082795861009843793e+04
7.196855941730535555e-01 1.018884435464020135e+04
7.906042337028588163e-01 9.550233595766505459e+03
8.685112768820903995e-01 8.895840774209898882e+03
9.540953689793428838e-01 8.262063030427043486e+03
1.048113015153642191e+00 0.000000000000000000e+00
