1.048113066601954503e-02 6.639162893258500844e+04
1.151395323963562076e-02 0.000000000000000000e+00
1.264855132798976302e-02 1.068704863894562441e+05
1.389495400641860279e-02 8.382042459650580713e+04
1.526417862678452857e-02 7.988045389389240881e+04
1.676832820337198493e-02 0.000000000000000000e+00
1.842069839530119726e-02 7.757427888031021575e+04
2.023589503111089191e-02 8.694468826888663170e+04
2.222996321434766651e-02 6.766879163429602340e+04
2.442052915136719640e-02 5.430126573041935626e+04
2.682695595500901239e-02 5.537751952634905319e+04
2.947051480134291537e-02 7.127671643177294754e+04
3.237457295239669353e-02 5.985028143831016496e+04
3.556480030685772731e-02 3.950264862929467927e+04
3.906939630451649464e-02 4.299994327680776769e+04
4.291933919013282694e-02 3.701015112690476963e+04
4.714865984004791566e-02 3.572350850422607618e+04
5.179474257198286163e-02 3.091413228377997439e+04
5.689865559697841746e-02 3.168383811857671026e+04
6.250551403444545850e-02 2.889145331354140217e+04
6.866487869913283359e-02 2.621376449553916973e+04
7.543119418501802176e-02 2.685015919581172420e+04
8.286427011848424007e-02 2.251002298985221569e+04
9.102980983473445142e-02 1.959189838947621320e+04
9.999999115058272325e-02 1.565869027017418921e+04
1.098541043672585787e-01 1.378757291756143240e+04
1.206792531427361148e-01 1.244340626903082011e+04
1.325711244288214907e-01 1.219572162787796697e+04
1.456348342787200378e-01 1.079692900111884410e+04
1.599858570014452974e-01 9.102917738970680148e+03
1.757510458761641914e-01 8.184792419643001267e+03
1.930697544488981787e-01 7.501974425576167050e+03
2.120950683230800604e-01 6.887819893037158181e+03
2.329951583321586417e-01 6.042021467859223776e+03
2.559547670553742882e-01 5.518387053225957061e+03
2.811768418164965477e-01 4.993746032584611385e+03
3.088843286001189403e-01 4.533410089478071313e+03
3.393221427425128778e-01 4.171414625530226658e+03
3.727593338166072523e-01 3.829560707013087722e+03
4.094914638472018087e-01 3.526512900763111247e+03
4.498432198782237879e-01 3.279843077398807509e+03
4.941712839853393824e-01 3.054523626924442851e+03
5.428674861028858212e-01 2.842036886005489578e+03
5.963622675339625978e-01 2.659986849941049059e+03
6.551284857587630350e-01 2.488796869922233782e+03
7.196855941730535555e-01 2.330285607234323379e+03
7.906042337028588163e-01 2.186589561270708600e+03
8.685112768820903995e-01 2.048456157800290384e+03
9.540953689793428838e-01 1.925488099683050223e+03
1.048113015153642191e+00 0.000000000000000000e+00
