1.048113066601954503e-02 1.505309246242443041e+05
1.151395323963562076e-02 0.000000000000000000e+00
1.264855132798976302e-02 1.874839188013070379e+05
1.389495400641860279e-02 2.462942791124748765e+05
1.526417862678452857e-02 2.121023007781865017e+05
1.676832820337198493e-02 0.000000000000000000e+00
1.842069839530119726e-02 2.165234715334655484e+05
2.023589503111089191e-02 1.548776070437626040e+05
2.222996321434766651e-02 1.652006148316466133e+05
2.442052915136719640e-02 1.073486962882499502e+05
2.682695595500901239e-02 1.255944898427123408e+05
2.947051480134291537e-02 1.358353533012227272e+05
3.237457295239669353e-02 9.424201178310706746e+04
3.556480030685772731e-02 6.460459613818773505e+04
3.906939630451649464e-02 6.760556310178694548e+04
4.291933919013282694e-02 6.395692650627908006e+04
4.714865984004791566e-02 5.402474350338589284e+04
5.179474257198286163e-02 4.678890527523180936e+04
5.689865559697841746e-02 4.871600864976489538e+04
6.250551403444545850e-02 4.416097851991611969e+04
6.866487869913283359e-02 4.108865078317622829e+04
7.543119418501802176e-02 3.218316788427854044e+04
8.286427011848424007e-02 2.585669353699076601e+04
9.102980983473445142e-02 2.142937429335821071e+04
9.999999115058272325e-02 1.901892739690015514e+04
1.098541043672585787e-01 1.655005364087386988e+04
1.206792531427361148e-01 1.556909611248400688e+04
1.325711244288214907e-01 1.378561251995155544e+04
1.456348342787200378e-01 1.149844235028369076e+04
1.599858570014452974e-01 9.951568631640398962e+03
1.757510458761641914e-01 8.963239735544602809e+03
1.930697544488981787e-01 7.988111417267299657e+03
2.120950683230800604e-01 6.994028301186542194e+03
2.329951583321586417e-01 6.245653914772741700e+03
2.559547670553742882e-01 5.630785565193484217e+03
2.811768418164965477e-01 4.988988255265527187e+03
3.088843286001189403e-01 4.476768774346285682e+03
3.393221427425128778e-01 4.077231967595246715e+03
3.727593338166072523e-01 3.717171358391730337e+03
4.094914638472018087e-01 3.389629849416241086e+03
4.498432198782237879e-01 3.103526973561754858e+03
4.941712839853393824e-01 2.841745426057209897e+03
5.428674861028858212e-01 2.620070960805322557e+03
5.963622675339625978e-01 2.426708793431134836e+03
6.551284857587630350e-01 2.247584532736196707e+03
7.196855941730535555e-01 2.089398956717047440e+03
7.906042337028588163e-01 1.936550402557855477e+03
8.685112768820903995e-01 1.796813465879101841e+03
9.540953689793428838e-01 1.665192152972777194e+03
1.048113015153642191e+00 0.000000000000000000e+00
