1.048113066601954503e-02 7.414418303612389718e+04
1.151395323963562076e-02 0.000000000000000000e+00
1.264855132798976302e-02 6.585964844673810876e+04
1.389495400641860279e-02 7.530063362975911878e+04
1.526417862678452857e-02 8.133925971696653869e+04
1.676832820337198493e-02 0.000000000000000000e+00
1.842069839530119726e-02 6.549283869858572143e+04
2.023589503111089191e-02 6.778684883908095071e+04
2.222996321434766651e-02 8.801597820447187405e+04
2.442052915136719640e-02 5.100101827604302525e+04
2.682695595500901239e-02 5.498639146924221859e+04
2.947051480134291537e-02 6.522958340776350815e+04
3.237457295239669353e-02 5.174558040084016102e+04
3.556480030685772731e-02 4.859157596123019903e+04
3.906939630451649464e-02 4.746482618007282144e+04
4.291933919013282694e-02 4.248287336811218120e+04
4.714865984004791566e-02 3.854646386550770694e+04
5.179474257198286163e-02 3.863502420671729487e+04
5.689865559697841746e-02 3.468960523919679690e+04
6.250551403444545850e-02 3.517060723821213469e+04
6.866487869913283359e-02 3.462542511973655201e+04
7.543119418501802176e-02 3.070894828107479407e+04
8.286427011848424007e-02 2.806124540017781692e+04
9.102980983473445142e-02 2.369249142066500644e+04
9.999999115058272325e-02 1.983238800560979871e+04
1.098541043672585787e-01 1.860503297094425579e+04
1.206792531427361148e-01 1.747145370128454670e+04
1.325711244288214907e-01 1.531416489533035201e+04
1.456348342787200378e-01 1.395006171242587152e+04
1.599858570014452974e-01 1.190849066314719676e+04
1.757510458761641914e-01 1.086539848966581485e+04
1.930697544488981787e-01 9.989040324709680135e+03
2.120950683230800604e-01 8.843862590482845917e+03
2.329951583321586417e-01 7.917075778814243677e+03
2.559547670553742882e-01 7.244058516184032669e+03
2.811768418164965477e-01 6.516225292332957906e+03
3.088843286001189403e-01 5.919162783586725709e+03
3.393221427425128778e-01 5.436266227706146310e+03
3.727593338166072523e-01 4.963595447265808616e+03
4.094914638472018087e-01 4.584200954167143209e+03
4.498432198782237879e-01 4.231136420584734879e+03
4.941712839853393824e-01 3.912816110225019202e+03
5.428674861028858212e-01 3.648717316544361438e+03
5.963622675339625978e-01 3.415645506097788711e+03
6.551284857587630350e-01 3.198715691124188652e+03
7.196855941730535555e-01 3.005608194838978761e+03
7.906042337028588163e-01 2.836341744977828057e+03
8.685112768820903995e-01 2.682600813566255056e+03
9.540953689793428838e-01 2.546136703431609931e+03
1.048113015153642191e+00 0.000000000000000000e+00
