1.048113066601954503e-02 1.779412061171769630e+06
1.151395323963562076e-02 0.000000000000000000e+00
1.264855132798976302e-02 6.504286646624191198e+05
1.389495400641860279e-02 6.114908949638691265e+05
1.526417862678452857e-02 5.395610604532040888e+05
1.676832820337198493e-02 0.000000000000000000e+00
1.842069839530119726e-02 5.159598543834955199e+05
2.023589503111089191e-02 4.249661991483616875e+05
2.222996321434766651e-02 4.505002044636261417e+05
2.442052915136719640e-02 1.693912713614238019e+05
2.682695595500901239e-02 1.659252475261705986e+05
2.947051480134291537e-02 1.914644344141088950e+05
3.237457295239669353e-02 1.519336382550127746e+05
3.556480030685772731e-02 1.398504985692172195e+05
3.906939630451649464e-02 9.706533345216333691e+04
4.291933919013282694e-02 8.117431392469418643e+04
4.714865984004791566e-02 6.984245054065501608e+04
5.179474257198286163e-02 7.225653517722510151e+04
5.689865559697841746e-02 6.719792504954119795e+04
6.250551403444545850e-02 5.999631322078208177e+04
6.866487869913283359e-02 6.372974535194194323e+04
7.543119418501802176e-02 5.487108466086193221e+04
8.286427011848424007e-02 4.266255378304221085e+04
9.102980983473445142e-02 3.574891438620621193e+04
9.999999115058272325e-02 2.876973831892985618e+04
1.098541043672585787e-01 2.592758239927915565e+04
1.206792531427361148e-01 2.353898747840052238e+04
1.325711244288214907e-01 2.211050820549528726e+04
1.456348342787200378e-01 1.903168752544384552e+04
1.599858570014452974e-01 1.669312084103299640e+04
1.757510458761641914e-01 1.483325591787940357e+04
1.930697544488981787e-01 1.308584692054212792e+04
2.120950683230800604e-01 1.195296586949100674e+04
2.329951583321586417e-01 1.079221870024091550e+04
2.559547670553742882e-01 9.911882215697953143e+03
2.811768418164965477e-01 8.889751489930296884e+03
3.088843286001189403e-01 8.044921684040069522e+03
3.393221427425128778e-01 7.351422295254166784e+03
3.727593338166072523e-01 6.750561496479574998e+03
4.094914638472018087e-01 6.213278835834522397e+03
4.498432198782237879e-01 5.759732548339039568e+03
4.941712839853393824e-01 5.320966626320901923e+03
5.428674861028858212e-01 4.911018616934493366e+03
5.963622675339625978e-01 4.546320888636823838e+03
6.551284857587630350e-01 4.171015166713758845e+03
7.196855941730535555e-01 3.828211681188265629e+03
7.906042337028588163e-01 3.511937465753331708e+03
8.685112768820903995e-01 3.197473886106376085e+03
9.540953689793428838e-01 2.891315819677854506e+03
1.048113015153642191e+00 0.000000000000000000e+00
