1.048113066601954503e-02 3.252688634508434916e+04
1.151395323963562076e-02 0.000000000000000000e+00
1.264855132798976302e-02 4.528592955674014956e+04
1.389495400641860279e-02 3.500735635668769828e+04
1.526417862678452857e-02 7.443402640418566079e+03
1.676832820337198493e-02 0.000000000000000000e+00
1.842069839530119726e-02 2.493578397699534980e+04
2.023589503111089191e-02 3.555965546740964783e+04
2.222996321434766651e-02 3.854593977814853133e+04
2.442052915136719640e-02 2.807486542394960270e+04
2.682695595500901239e-02 2.994403201779779192e+04
2.947051480134291537e-02 3.743148422015749384e+04
3.237457295239669353e-02 3.657530466482584598e+04
3.556480030685772731e-02 3.407676227784283401e+04
3.906939630451649464e-02 3.393965242219909851e+04
4.291933919013282694e-02 3.305527549372549402e+04
4.714865984004791566e-02 2.973718505529331742e+04
5.179474257198286163e-02 3.152912779916797444e+04
5.689865559697841746e-02 2.735877132588978566e+04
6.250551403444545850e-02 2.685618564113379398e+04
6.866487869913283359e-02 2.485518379791764528e+04
7.543119418501802176e-02 2.335047268093856110e+04
8.286427011848424007e-02 2.135521786981255718e+04
9.102980983473445142e-02 1.937296391893563487e+04
9.999999115058272325e-02 1.771649637570517370e+04
1.098541043672585787e-01 1.630227862800379808e+04
1.206792531427361148e-01 1.530171359472196491e+04
1.325711244288214907e-01 1.403986856468846236e+04
1.456348342787200378e-01 1.253692185959543531e+04
1.599858570014452974e-01 1.108171765996783870e+04
1.757510458761641914e-01 1.018078540623826484e+04
1.930697544488981787e-01 9.167828499395065592e+03
2.120950683230800604e-01 8.210011349342999893e+03
2.329951583321586417e-01 7.371929854967613210e+03
2.559547670553742882e-01 6.755984133683426990e+03
2.811768418164965477e-01 6.151018713812782153e+03
3.088843286001189403e-01 5.572889712466055244e+03
3.393221427425128778e-01 5.071870322736162052e+03
3.727593338166072523e-01 4.639846797443335163e+03
4.094914638472018087e-01 4.268242280563770692e+03
4.498432198782237879e-01 3.956072389700546410e+03
4.941712839853393824e-01 3.674583639581131138e+03
5.428674861028858212e-01 3.416751849030509220e+03
5.963622675339625978e-01 3.200371022521690520e+03
6.551284857587630350e-01 2.992173831357642484e+03
7.196855941730535555e-01 2.817195910404328970e+03
7.906042337028588163e-01 2.662361263332381895e+03
8.685112768820903995e-01 2.517367362188158950e+03
9.540953689793428838e-01 2.383889279101095781e+03
1.048113015153642191e+00 0.000000000000000000e+00
