1.048113066601954503e-02 6.452321170563473424e+04
1.151395323963562076e-02 0.000000000000000000e+00
1.264855132798976302e-02 1.813944192464763182e+04
1.389495400641860279e-02 8.815359277831632062e+04
1.526417862678452857e-02 7.856453574532375205e+04
1.676832820337198493e-02 0.000000000000000000e+00
1.842069839530119726e-02 6.702582692932584905e+04
2.023589503111089191e-02 1.157383887344167888e+05
2.222996321434766651e-02 1.111046663055994577e+05
2.442052915136719640e-02 8.279457822717046656e+04
2.682695595500901239e-02 7.720503859217769059e+04
2.947051480134291537e-02 7.510532267414672242e+04
3.237457295239669353e-02 6.308254895697983011e+04
3.556480030685772731e-02 5.216369088380158064e+04
3.906939630451649464e-02 6.388079962795595929e+04
4.291933919013282694e-02 5.715294790965129505e+04
4.714865984004791566e-02 4.737847901693484164e+04
5.179474257198286163e-02 5.167210932576826599e+04
5.689865559697841746e-02 3.881959745147571084e+04
6.250551403444545850e-02 4.348381573990108882e+04
6.866487869913283359e-02 4.115767812399702234e+04
7.543119418501802176e-02 3.807257283087071846e+04
8.286427011848424007e-02 3.298304351117942133e+04
9.102980983473445142e-02 2.734981655313959345e+04
9.999999115058272325e-02 2.605022078103536114e+04
1.098541043672585787e-01 2.295278464246266594e+04
1.206792531427361148e-01 2.152857088114548969e+04
1.325711244288214907e-01 1.967129962394881295e+04
1.456348342787200378e-01 1.797162511835072291e+04
1.599858570014452974e-01 1.561434871470628423e+04
1.757510458761641914e-01 1.440860913074959899e+04
1.930697544488981787e-01 1.311776809631557808e+04
2.120950683230800604e-01 1.220536960066120992e+04
2.329951583321586417e-01 1.112449102535820566e+04
2.559547670553742882e-01 1.016646747833324844e+04
2.811768418164965477e-01 9.384003071273918977e+03
3.088843286001189403e-01 8.698968566368179381e+03
3.393221427425128778e-01 8.132603837468135680e+03
3.727593338166072523e-01 7.567304607951758044e+03
4.094914638472018087e-01 7.101525945093098017e+03
4.498432198782237879e-01 6.692794105850811320e+03
4.941712839853393824e-01 6.305427204732493919e+03
5.428674861028858212e-01 5.976653896331810756e+03
5.963622675339625978e-01 5.669312054879228526e+03
6.551284857587630350e-01 5.376519849653357596e+03
7.196855941730535555e-01 5.106260930994169030e+03
7.906042337028588163e-01 4.844089741777420386e+03
8.685112768820903995e-01 4.599071635848928054e+03
9.540953689793428838e-01 4.367931194700079686e+03
1.048113015153642191e+00 0.000000000000000000e+00
