1.048113066601954503e-02 1.034106829829370981e+05
1.151395323963562076e-02 0.000000000000000000e+00
1.264855132798976302e-02 6.902868143524786865e+04
1.389495400641860279e-02 8.234606335709715495e+04
1.526417862678452857e-02 8.283700231555565551e+04
1.676832820337198493e-02 0.000000000000000000e+00
1.842069839530119726e-02 4.316178501102152222e+04
2.023589503111089191e-02 6.154569824619453721e+04
2.222996321434766651e-02 5.607028285841901379e+04
2.442052915136719640e-02 9.105227293264254695e+04
2.682695595500901239e-02 6.830443913879491447e+04
2.947051480134291537e-02 5.758547150970947405e+04
3.237457295239669353e-02 6.275986271715650219e+04
3.556480030685772731e-02 6.295290740233984980e+04
3.906939630451649464e-02 5.035238296207025996e+04
4.291933919013282694e-02 4.866765361623533681e+04
4.714865984004791566e-02 4.486102848520873522e+04
5.179474257198286163e-02 4.096886399220231397e+04
5.689865559697841746e-02 3.877097714352900948e+04
6.250551403444545850e-02 3.657893569121373002e+04
6.866487869913283359e-02 3.465972043329991720e+04
7.543119418501802176e-02 3.122420280870367424e+04
8.286427011848424007e-02 2.766999096586310043e+04
9.102980983473445142e-02 2.374158091932573370e+04
9.999999115058272325e-02 2.052043524185345450e+04
1.098541043672585787e-01 1.850347490683581418e+04
1.206792531427361148e-01 1.684635640630231865e+04
1.325711244288214907e-01 1.547264139937866275e+04
1.456348342787200378e-01 1.410406001063990152e+04
1.599858570014452974e-01 1.206032321342083742e+04
1.757510458761641914e-01 1.082551380427114964e+04
1.930697544488981787e-01 9.872905203463575162e+03
2.120950683230800604e-01 8.894958874943513365e+03
2.329951583321586417e-01 8.064441897806489578e+03
2.559547670553742882e-01 7.305650370406077855e+03
2.811768418164965477e-01 6.631658175204376676e+03
3.088843286001189403e-01 6.068489673244821461e+03
3.393221427425128778e-01 5.529945406504959465e+03
3.727593338166072523e-01 5.140436852804975388e+03
4.094914638472018087e-01 4.763529700699496971e+03
4.498432198782237879e-01 4.410696459005521319e+03
4.941712839853393824e-01 4.101018054569974993e+03
5.428674861028858212e-01 3.827754577457774758e+03
5.963622675339625978e-01 3.590759392959407705e+03
6.551284857587630350e-01 3.364188344762065753e+03
7.196855941730535555e-01 3.152705894237439225e+03
7.906042337028588163e-01 2.967706468237406625e+03
8.685112768820903995e-01 2.794431596346057177e+03
9.540953689793428838e-01 2.628789563381628795e+03
1.048113015153642191e+00 0.000000000000000000e+00
