1.048113066601954503e-02 1.930548128874483155e+04
1.151395323963562076e-02 0.000000000000000000e+00
1.264855132798976302e-02 1.181407743949533869e+04
1.389495400641860279e-02 2.534191107197022211e+04
1.526417862678452857e-02 4.269255449452083121e+04
1.676832820337198493e-02 0.000000000000000000e+00
1.842069839530119726e-02 2.494828684444840837e+04
2.023589503111089191e-02 2.627925033925090611e+04
2.222996321434766651e-02 2.692640383010257938e+04
2.442052915136719640e-02 3.055239069292733257e+04
2.682695595500901239e-02 2.801489889242346544e+04
2.947051480134291537e-02 3.357361297745407501e+04
3.237457295239669353e-02 2.482258120539039737e+04
3.556480030685772731e-02 2.578807451729673267e+04
3.906939630451649464e-02 2.301585870824246012e+04
4.291933919013282694e-02 1.808339714304315567e+04
4.714865984004791566e-02 2.094066775105267152e+04
5.179474257198286163e-02 1.984806700561617617e+04
5.689865559697841746e-02 1.751929624794296979e+04
6.250551403444545850e-02 1.653384015542757697e+04
6.866487869913283359e-02 1.533604715480172854e+04
7.543119418501802176e-02 1.425759693910814894e+04
8.286427011848424007e-02 1.234975428160081174e+04
9.102980983473445142e-02 1.094261838045147670e+04
9.999999115058272325e-02 9.356212588441108892e+03
1.098541043672585787e-01 8.478334358487158170e+03
1.206792531427361148e-01 7.800792641335590815e+03
1.325711244288214907e-01 7.274993408741558596e+03
1.456348342787200378e-01 6.446806392788677840e+03
1.599858570014452974e-01 5.394691101367287956e+03
1.757510458761641914e-01 4.844702281911108003e+03
1.930697544488981787e-01 4.432150729952931215e+03
2.120950683230800604e-01 3.911889059966624700e+03
2.329951583321586417e-01 3.409146360739594456e+03
2.559547670553742882e-01 3.077473115808438706e+03
2.811768418164965477e-01 2.750722432583280352e+03
3.088843286001189403e-01 2.470222342516264234e+03
3.393221427425128778e-01 2.224562914386045577e+03
3.727593338166072523e-01 2.016214664262764018e+03
4.094914638472018087e-01 1.823175906508109165e+03
4.498432198782237879e-01 1.662601819725822907e+03
4.941712839853393824e-01 1.521164360190460457e+03
5.428674861028858212e-01 1.397478240298839410e+03
5.963622675339625978e-01 1.289659368128574897e+03
6.551284857587630350e-01 1.192982405145214216e+03
7.196855941730535555e-01 1.107437033421185788e+03
7.906042337028588163e-01 1.030085520128839789e+03
8.685112768820903995e-01 9.602590804263472819e+02
9.540953689793428838e-01 8.972965557129796252e+02
1.048113015153642191e+00 0.000000000000000000e+00
