1.048113066601954503e-02 2.537532064640345925e+04
1.151395323963562076e-02 0.000000000000000000e+00
1.264855132798976302e-02 3.539082375928472902e+04
1.389495400641860279e-02 5.008078822479255905e+04
1.526417862678452857e-02 6.327899976073878497e+04
1.676832820337198493e-02 0.000000000000000000e+00
1.842069839530119726e-02 3.566860294130218244e+04
2.023589503111089191e-02 5.410319323125192022e+04
2.222996321434766651e-02 7.447691359772800934e+04
2.442052915136719640e-02 4.781337943008147704e+04
2.682695595500901239e-02 4.482197787338127819e+04
2.947051480134291537e-02 4.257395648797022295e+04
3.237457295239669353e-02 3.898850044622717542e+04
3.556480030685772731e-02 3.709444004752288311e+04
3.906939630451649464e-02 3.622222976998523518e+04
4.291933919013282694e-02 3.130820146488341561e+04
4.714865984004791566e-02 2.664403806898448602e+04
5.179474257198286163e-02 2.654946821247888147e+04
5.689865559697841746e-02 2.800118047941512123e+04
6.250551403444545850e-02 2.526666211912060317e+04
6.866487869913283359e-02 2.407415516241953082e+04
7.543119418501802176e-02 2.134405880045917002e+04
8.286427011848424007e-02 1.966184885647021656e+04
9.102980983473445142e-02 1.647914194285154372e+04
9.999999115058272325e-02 1.467771727881810148e+04
1.098541043672585787e-01 1.286694339500207570e+04
1.206792531427361148e-01 1.149647021991928341e+04
1.325711244288214907e-01 1.093107922223166679e+04
1.456348342787200378e-01 9.752015867317853917e+03
1.599858570014452974e-01 8.331753200874056347e+03
1.757510458761641914e-01 7.292098481847417133e+03
1.930697544488981787e-01 6.651508004770333173e+03
2.120950683230800604e-01 5.945269877459074451e+03
2.329951583321586417e-01 5.200938427583558223e+03
2.559547670553742882e-01 4.704908444601191150e+03
2.811768418164965477e-01 4.225019225870219088e+03
3.088843286001189403e-01 3.790504656317667468e+03
3.393221427425128778e-01 3.417607614698948964e+03
3.727593338166072523e-01 3.095547725012241699e+03
4.094914638472018087e-01 2.822549335075283125e+03
4.498432198782237879e-01 2.587123021079052705e+03
4.941712839853393824e-01 2.375977950233547745e+03
5.428674861028858212e-01 2.191363511807456234e+03
5.963622675339625978e-01 2.019993573021345583e+03
6.551284857587630350e-01 1.876895543193533967e+03
7.196855941730535555e-01 1.749230062053463143e+03
7.906042337028588163e-01 1.633160210847185681e+03
8.685112768820903995e-01 1.530871082298903275e+03
9.540953689793428838e-01 1.438110247380293913e+03
1.048113015153642191e+00 0.000000000000000000e+00
