1.048113066601954503e-02 3.307593407190598373e+04
1.151395323963562076e-02 0.000000000000000000e+00
1.264855132798976302e-02 4.780827868547743128e+04
1.389495400641860279e-02 6.670958355482504703e+04
1.526417862678452857e-02 3.555385945244421600e+04
1.676832820337198493e-02 0.000000000000000000e+00
1.842069839530119726e-02 3.699606939938358119e+04
2.023589503111089191e-02 5.575744305250776233e+04
2.222996321434766651e-02 3.164661622611096391e+04
2.442052915136719640e-02 3.637854848339794262e+04
2.682695595500901239e-02 4.810467022079743765e+04
2.947051480134291537e-02 4.874549206219028565e+04
3.237457295239669353e-02 4.746273581500087312e+04
3.556480030685772731e-02 4.409818086394706916e+04
3.906939630451649464e-02 4.212761365599524288e+04
4.291933919013282694e-02 3.490388383798851282e+04
4.714865984004791566e-02 3.563861270709530072e+04
5.179474257198286163e-02 3.288859920569561655e+04
5.689865559697841746e-02 2.738807679629876657e+04
6.250551403444545850e-02 2.973504182082305488e+04
6.866487869913283359e-02 2.752108336304920886e+04
7.543119418501802176e-02 2.506679834781031968e+04
8.286427011848424007e-02 2.264987117923327605e+04
9.102980983473445142e-02 2.183383826592090190e+04
9.999999115058272325e-02 2.027332478770747912e+04
1.098541043672585787e-01 1.705847473498466570e+04
1.206792531427361148e-01 1.541372128648394573e+04
1.325711244288214907e-01 1.428478715342330725e+04
1.456348342787200378e-01 1.300101062617430398e+04
1.599858570014452974e-01 1.143525806064410972e+04
1.757510458761641914e-01 1.001495922037608761e+04
1.930697544488981787e-01 9.265957704965934681e+03
2.120950683230800604e-01 8.267660829815660691e+03
2.329951583321586417e-01 7.454358513865286113e+03
2.559547670553742882e-01 6.648003103937347987e+03
2.811768418164965477e-01 6.082144103293388980e+03
3.088843286001189403e-01 5.540967396312737037e+03
3.393221427425128778e-01 5.017696041444761249e+03
3.727593338166072523e-01 4.597239186378686099e+03
4.094914638472018087e-01 4.193290785944335767e+03
4.498432198782237879e-01 3.904606834485969557e+03
4.941712839853393824e-01 3.606759119422951699e+03
5.428674861028858212e-01 3.355014149937412185e+03
5.963622675339625978e-01 3.121626906067597247e+03
6.551284857587630350e-01 2.916838771673973497e+03
7.196855941730535555e-01 2.738769475153258554e+03
7.906042337028588163e-01 2.573007084092962486e+03
8.685112768820903995e-01 2.424425794104091437e+03
9.540953689793428838e-01 2.294355196872034412e+03
1.048113015153642191e+00 0.000000000000000000e+00
