1.048113066601954503e-02 6.800487442343335133e+05
1.151395323963562076e-02 0.000000000000000000e+00
1.264855132798976302e-02 3.465891525716460310e+05
1.389495400641860279e-02 3.334478002252918086e+05
1.526417862678452857e-02 5.326837114631114528e+05
1.676832820337198493e-02 0.000000000000000000e+00
1.842069839530119726e-02 4.704706621991598513e+05
2.023589503111089191e-02 3.680148593997587450e+05
2.222996321434766651e-02 2.378075913200554787e+05
2.442052915136719640e-02 3.140379656059329864e+05
2.682695595500901239e-02 2.634853280120298732e+05
2.947051480134291537e-02 2.083935596317042073e+05
3.237457295239669353e-02 1.799720359663929557e+05
3.556480030685772731e-02 1.623037819154832105e+05
3.906939630451649464e-02 1.569249888571547635e+05
4.291933919013282694e-02 1.551093445523954288e+05
4.714865984004791566e-02 1.286784943057685159e+05
5.179474257198286163e-02 1.231162105959847249e+05
5.689865559697841746e-02 1.190968418920108088e+05
6.250551403444545850e-02 1.169963999019354233e+05
6.866487869913283359e-02 9.403034112022968475e+04
7.543119418501802176e-02 7.222260397284597275e+04
8.286427011848424007e-02 5.995680558978737099e+04
9.102980983473445142e-02 5.427512832273623644e+04
9.999999115058272325e-02 5.475235864857151319e+04
1.098541043672585787e-01 4.999010780885412532e+04
1.206792531427361148e-01 4.136357643458992243e+04
1.325711244288214907e-01 3.523232518711710873e+04
1.456348342787200378e-01 3.291693776275977143e+04
1.599858570014452974e-01 3.073376865967853519e+04
1.757510458761641914e-01 2.712405312704291282e+04
1.930697544488981787e-01 2.455910512746451423e+04
2.120950683230800604e-01 2.201516304884490091e+04
2.329951583321586417e-01 2.006770254614540681e+04
2.559547670553742882e-01 1.824591172208120770e+04
2.811768418164965477e-01 1.676353503988749435e+04
3.088843286001189403e-01 1.551456041171223114e+04
3.393221427425128778e-01 1.429748256735907489e+04
3.727593338166072523e-01 1.331330078337626765e+04
4.094914638472018087e-01 1.249374185183577720e+04
4.498432198782237879e-01 1.164125708888191002e+04
4.941712839853393824e-01 1.094410773667870126e+04
5.428674861028858212e-01 1.030730879770845604e+04
5.963622675339625978e-01 9.717048807159946591e+03
6.551284857587630350e-01 9.201293204234278164e+03
7.196855941730535555e-01 8.689465313375720143e+03
7.906042337028588163e-01 8.196028668767829004e+03
8.685112768820903995e-01 7.737832933416976630e+03
9.540953689793428838e-01 7.316040917002468632e+03
1.048113015153642191e+00 0.000000000000000000e+00
