1.048113066601954503e-02 4.912977188395045960e+04
1.151395323963562076e-02 0.000000000000000000e+00
1.264855132798976302e-02 2.193772796013309198e+04
1.389495400641860279e-02 7.701140620270567888e+04
1.526417862678452857e-02 5.466034210262294800e+04
1.676832820337198493e-02 0.000000000000000000e+00
1.842069839530119726e-02 8.628281088981014909e+04
2.023589503111089191e-02 9.007862545035914809e+04
2.222996321434766651e-02 4.673348929450098512e+04
2.442052915136719640e-02 7.782677767354765092e+04
2.682695595500901239e-02 7.314512811400680221e+04
2.947051480134291537e-02 5.627616962109250017e+04
3.237457295239669353e-02 6.325470754243453848e+04
3.556480030685772731e-02 5.205760869032438495e+04
3.906939630451649464e-02 4.373522465017692593e+04
4.291933919013282694e-02 4.531403944592619519e+04
4.714865984004791566e-02 4.369644072994514136e+04
5.179474257198286163e-02 4.505421458669078856e+04
5.689865559697841746e-02 4.781537715278370888e+04
6.250551403444545850e-02 4.483965816595132492e+04
6.866487869913283359e-02 3.884823608346478431e+04
7.543119418501802176e-02 3.645764130643373937e+04
8.286427011848424007e-02 3.379409837335800694e+04
9.102980983473445142e-02 2.934147258050005621e+04
9.999999115058272325e-02 2.670705632721200891e+04
1.098541043672585787e-01 2.425645347724706153e+04
1.206792531427361148e-01 2.144538400431039918e+04
1.325711244288214907e-01 1.992601365417899797e+04
1.456348342787200378e-01 1.848455935091614083e+04
1.599858570014452974e-01 1.636532858173236673e+04
1.757510458761641914e-01 1.448818541742371781e+04
1.930697544488981787e-01 1.347109429559763703e+04
2.120950683230800604e-01 1.213230895767135007e+04
2.329951583321586417e-01 1.095445426114893780e+04
2.559547670553742882e-01 9.941709934670863731e+03
2.811768418164965477e-01 9.114675710456587694e+03
3.088843286001189403e-01 8.290937520170122298e+03
3.393221427425128778e-01 7.666861741689765040e+03
3.727593338166072523e-01 7.024687436888864795e+03
4.094914638472018087e-01 6.492697459680181964e+03
4.498432198782237879e-01 6.068561852829727286e+03
4.941712839853393824e-01 5.678617451909641204e+03
5.428674861028858212e-01 5.301988325734129830e+03
5.963622675339625978e-01 4.972264613674084103e+03
6.551284857587630350e-01 4.692011005080618816e+03
7.196855941730535555e-01 4.443831198064293858e+03
7.906042337028588163e-01 4.206572896638988823e+03
8.685112768820903995e-01 3.990109149287217861e+03
9.540953689793428838e-01 3.796545426256755491e+03
1.048113015153642191e+00 0.000000000000000000e+00
