1.048113066601954503e-02 2.834203634722082279e+04
1.151395323963562076e-02 0.000000000000000000e+00
1.264855132798976302e-02 2.540142815859417169e+04
1.389495400641860279e-02 3.677192659740842646e+04
1.526417862678452857e-02 2.301958793265062923e+04
1.676832820337198493e-02 0.000000000000000000e+00
1.842069839530119726e-02 2.993565371638409488e+04
2.023589503111089191e-02 3.477713882368376653e+04
2.222996321434766651e-02 2.391179767909984366e+04
2.442052915136719640e-02 2.321252969841812956e+04
2.682695595500901239e-02 2.862873608451160908e+04
2.947051480134291537e-02 3.820961917977747362e+04
3.237457295239669353e-02 2.972335169430206952e+04
3.556480030685772731e-02 2.722873296200431287e+04
3.906939630451649464e-02 3.058998267536937419e+04
4.291933919013282694e-02 2.914200044517213246e+04
4.714865984004791566e-02 2.632022983001292232e+04
5.179474257198286163e-02 2.435163550318273337e+04
5.689865559697841746e-02 2.457407566700040479e+04
6.250551403444545850e-02 2.394747855573460038e+04
6.866487869913283359e-02 2.281214036472908629e+04
7.543119418501802176e-02 2.247583386148136924e+04
8.286427011848424007e-02 2.071125510465872867e+04
9.102980983473445142e-02 1.846286340083422328e+04
9.999999115058272325e-02 1.662869571548570457e+04
1.098541043672585787e-01 1.508803837911353730e+04
1.206792531427361148e-01 1.452828806791183888e+04
1.325711244288214907e-01 1.340902401062668287e+04
1.456348342787200378e-01 1.230999899974101208e+04
1.599858570014452974e-01 1.095603171121778360e+04
1.757510458761641914e-01 9.926224308012408073e+03
1.930697544488981787e-01 9.197606747792602619e+03
2.120950683230800604e-01 8.441826347637434083e+03
2.329951583321586417e-01 7.597533360271484526e+03
2.559547670553742882e-01 7.060698279383849695e+03
2.811768418164965477e-01 6.481354014103544614e+03
3.088843286001189403e-01 6.052683630679764974e+03
3.393221427425128778e-01 5.597644125263175738e+03
3.727593338166072523e-01 5.203761678157688038e+03
4.094914638472018087e-01 4.875370675234196824e+03
4.498432198782237879e-01 4.589482160986478448e+03
4.941712839853393824e-01 4.305025606542475543e+03
5.428674861028858212e-01 4.081071366710978509e+03
5.963622675339625978e-01 3.872341266438817911e+03
6.551284857587630350e-01 3.672985876125200775e+03
7.196855941730535555e-01 3.486690021130002606e+03
7.906042337028588163e-01 3.311604299037938290e+03
8.685112768820903995e-01 3.143943148847946759e+03
9.540953689793428838e-01 2.988605085342308485e+03
1.048113015153642191e+00 0.000000000000000000e+00
