1.048113066601954503e-02 1.678076413763866876e+05
1.151395323963562076e-02 0.000000000000000000e+00
1.264855132798976302e-02 2.899598762432403746e+05
1.389495400641860279e-02 1.910486918037045107e+05
1.526417862678452857e-02 2.358973009319638368e+05
1.676832820337198493e-02 0.000000000000000000e+00
1.842069839530119726e-02 2.216661294773149129e+05
2.023589503111089191e-02 1.437481558538659010e+05
2.222996321434766651e-02 1.483986622836412280e+05
2.442052915136719640e-02 2.162108760792958201e+05
2.682695595500901239e-02 1.335996453491438297e+05
2.947051480134291537e-02 1.380054309919134830e+05
3.237457295239669353e-02 1.543103285336354456e+05
3.556480030685772731e-02 1.266667248508800985e+05
3.906939630451649464e-02 9.779085084108677984e+04
4.291933919013282694e-02 1.071668317085775052e+05
4.714865984004791566e-02 8.980186330846785859e+04
5.179474257198286163e-02 9.320891289040895936e+04
5.689865559697841746e-02 7.582336651044596510e+04
6.250551403444545850e-02 7.614460580772148387e+04
6.866487869913283359e-02 7.251160605004649551e+04
7.543119418501802176e-02 6.548792976406874368e+04
8.286427011848424007e-02 5.800942611372115789e+04
9.102980983473445142e-02 5.106819456999220711e+04
9.999999115058272325e-02 4.147879629428881162e+04
1.098541043672585787e-01 3.835818857264013059e+04
1.206792531427361148e-01 3.419644337889812596e+04
1.325711244288214907e-01 3.260425192648794473e+04
1.456348342787200378e-01 2.909352596061845543e+04
1.599858570014452974e-01 2.586216055101971870e+04
1.757510458761641914e-01 2.322595987684037027e+04
1.930697544488981787e-01 2.165344601912063445e+04
2.120950683230800604e-01 1.973757179241322956e+04
2.329951583321586417e-01 1.793430225907279964e+04
2.559547670553742882e-01 1.653572355553774105e+04
2.811768418164965477e-01 1.518543819807416003e+04
3.088843286001189403e-01 1.401889865185731833e+04
3.393221427425128778e-01 1.308748548033322004e+04
3.727593338166072523e-01 1.216025589385675994e+04
4.094914638472018087e-01 1.141644691879548736e+04
4.498432198782237879e-01 1.075403712509815523e+04
4.941712839853393824e-01 1.011235244019783931e+04
5.428674861028858212e-01 9.592526475342376216e+03
5.963622675339625978e-01 9.040303912561681500e+03
6.551284857587630350e-01 8.583767202402666953e+03
7.196855941730535555e-01 8.120031240049621374e+03
7.906042337028588163e-01 7.645646620289441671e+03
8.685112768820903995e-01 7.207232989329801057e+03
9.540953689793428838e-01 6.783359238261326027e+03
1.048113015153642191e+00 0.000000000000000000e+00
