1.048113066601954503e-02 7.011595974723077961e+04
1.151395323963562076e-02 0.000000000000000000e+00
1.264855132798976302e-02 5.363269755992719729e+04
1.389495400641860279e-02 7.514970332850402337e+04
1.526417862678452857e-02 1.142753694132153178e+05
1.676832820337198493e-02 0.000000000000000000e+00
1.842069839530119726e-02 1.343706685284260893e+05
2.023589503111089191e-02 1.017806748236508574e+05
2.222996321434766651e-02 1.188654486036796879e+05
2.442052915136719640e-02 6.131844622563931625e+04
2.682695595500901239e-02 7.086408209388305841e+04
2.947051480134291537e-02 8.069900261499817134e+04
3.237457295239669353e-02 6.896168402311980026e+04
3.556480030685772731e-02 7.053551416548523412e+04
3.906939630451649464e-02 6.988263800275931135e+04
4.291933919013282694e-02 5.856393948329096020e+04
4.714865984004791566e-02 5.185500311244455224e+04
5.179474257198286163e-02 4.934967546237980423e+04
5.689865559697841746e-02 4.695734077131985396e+04
6.250551403444545850e-02 4.445766196846384264e+04
6.866487869913283359e-02 4.360673300635237683e+04
7.543119418501802176e-02 3.977978378306220111e+04
8.286427011848424007e-02 3.259210489131349459e+04
9.102980983473445142e-02 2.833361138214863604e+04
9.999999115058272325e-02 2.473076680452689470e+04
1.098541043672585787e-01 2.293039182484172852e+04
1.206792531427361148e-01 2.130639601043573202e+04
1.325711244288214907e-01 1.912971931741204025e+04
1.456348342787200378e-01 1.630168792065196249e+04
1.599858570014452974e-01 1.463232460085402272e+04
1.757510458761641914e-01 1.315676487495962283e+04
1.930697544488981787e-01 1.164764986076488276e+04
2.120950683230800604e-01 1.033171465931928469e+04
2.329951583321586417e-01 9.235406535809510387e+03
2.559547670553742882e-01 8.370246793360265656e+03
2.811768418164965477e-01 7.573726268372478444e+03
3.088843286001189403e-01 6.782274075553377770e+03
3.393221427425128778e-01 6.168061666168262491e+03
3.727593338166072523e-01 5.610258204752906749e+03
4.094914638472018087e-01 5.126961002480356910e+03
4.498432198782237879e-01 4.723986485609568263e+03
4.941712839853393824e-01 4.349039399257816513e+03
5.428674861028858212e-01 4.021132731648920981e+03
5.963622675339625978e-01 3.742721011089493004e+03
6.551284857587630350e-01 3.485012752197060763e+03
7.196855941730535555e-01 3.261422662413490343e+03
7.906042337028588163e-01 3.056384594324828868e+03
8.685112768820903995e-01 2.872126124924625856e+03
9.540953689793428838e-01 2.706018277911560290e+03
1.048113015153642191e+00 0.000000000000000000e+00
