1.048113066601954503e-02 6.923593753152000136e+04
1.151395323963562076e-02 0.000000000000000000e+00
1.264855132798976302e-02 6.012984565958582971e+04
1.389495400641860279e-02 7.617988466014915321e+04
1.526417862678452857e-02 7.256580516428154078e+04
1.676832820337198493e-02 0.000000000000000000e+00
1.842069839530119726e-02 6.225640257497815765e+04
2.023589503111089191e-02 1.116966179228221299e+05
2.222996321434766651e-02 6.354807740739116707e+04
2.442052915136719640e-02 6.248943233914487064e+04
2.682695595500901239e-02 6.093679200948205835e+04
2.947051480134291537e-02 7.411418689411492960e+04
3.237457295239669353e-02 6.928586420780135086e+04
3.556480030685772731e-02 5.944145524974822183e+04
3.906939630451649464e-02 5.447981720680544095e+04
4.291933919013282694e-02 5.086444371296350437e+04
4.714865984004791566e-02 5.059068424305079679e+04
5.179474257198286163e-02 5.023407821120110748e+04
5.689865559697841746e-02 4.536654551780841575e+04
6.250551403444545850e-02 4.111862393610621075e+04
6.866487869913283359e-02 4.114560681552637107e+04
7.543119418501802176e-02 3.712937748017611011e+04
8.286427011848424007e-02 3.525571288159208780e+04
9.102980983473445142e-02 3.156700763229237782e+04
9.999999115058272325e-02 2.851860543306815453e+04
1.098541043672585787e-01 2.454977263935855444e+04
1.206792531427361148e-01 2.223321964860391745e+04
1.325711244288214907e-01 2.058369653701515199e+04
1.456348342787200378e-01 1.872195679775291137e+04
1.599858570014452974e-01 1.682583515789250669e+04
1.757510458761641914e-01 1.513201634029614615e+04
1.930697544488981787e-01 1.361810984756721518e+04
2.120950683230800604e-01 1.224258908415385486e+04
2.329951583321586417e-01 1.112958497053547217e+04
2.559547670553742882e-01 1.017810605761252373e+04
2.811768418164965477e-01 9.253870492924448627e+03
3.088843286001189403e-01 8.565661791090322367e+03
3.393221427425128778e-01 7.913029341315957936e+03
3.727593338166072523e-01 7.235721767981385710e+03
4.094914638472018087e-01 6.734902722308328521e+03
4.498432198782237879e-01 6.261926885580252929e+03
4.941712839853393824e-01 5.886169881290306876e+03
5.428674861028858212e-01 5.494335818612218645e+03
5.963622675339625978e-01 5.157749273023331625e+03
6.551284857587630350e-01 4.880344880526426095e+03
7.196855941730535555e-01 4.613229639508805121e+03
7.906042337028588163e-01 4.372179616164536128e+03
8.685112768820903995e-01 4.136572688545770689e+03
9.540953689793428838e-01 3.918645383606841278e+03
1.048113015153642191e+00 0.000000000000000000e+00
