1.048113066601954503e-02 6.093372274931352149e+04
1.151395323963562076e-02 0.000000000000000000e+00
1.264855132798976302e-02 6.247641402800432115e+04
1.389495400641860279e-02 6.804063081528319162e+04
1.526417862678452857e-02 1.048861976985227811e+05
1.676832820337198493e-02 0.000000000000000000e+00
1.842069839530119726e-02 1.208578132426833181e+05
2.023589503111089191e-02 1.229104433090984530e+05
2.222996321434766651e-02 1.120296749955115083e+05
2.442052915136719640e-02 7.998726708949261229e+04
2.682695595500901239e-02 1.160109079190366174e+05
2.947051480134291537e-02 8.430687039721870678e+04
3.237457295239669353e-02 8.742931941866103443e+04
3.556480030685772731e-02 7.234236809597181855e+04
3.906939630451649464e-02 5.688868536062552448e+04
4.291933919013282694e-02 6.289739447181678406e+04
4.714865984004791566e-02 5.948332373078713863e+04
5.179474257198286163e-02 5.940405038137856900e+04
5.689865559697841746e-02 5.581583233672058122e+04
6.250551403444545850e-02 5.097232847375444544e+04
6.866487869913283359e-02 4.412644199389100686e+04
7.543119418501802176e-02 4.123838810569034104e+04
8.286427011848424007e-02 3.917874754605090129e+04
9.102980983473445142e-02 3.530488289343324141e+04
9.999999115058272325e-02 3.076955231219907000e+04
1.098541043672585787e-01 2.638005607804582542e+04
1.206792531427361148e-01 2.381587048070973833e+04
1.325711244288214907e-01 2.184780640867099646e+04
1.456348342787200378e-01 1.983549420954438756e+04
1.599858570014452974e-01 1.781098498068665504e+04
1.757510458761641914e-01 1.579620934948621471e+04
1.930697544488981787e-01 1.447721430642183986e+04
2.120950683230800604e-01 1.313508019582957786e+04
2.329951583321586417e-01 1.193148453197695926e+04
2.559547670553742882e-01 1.093849209515636903e+04
2.811768418164965477e-01 9.994221141741389147e+03
3.088843286001189403e-01 9.171246015584618362e+03
3.393221427425128778e-01 8.495331186971336138e+03
3.727593338166072523e-01 7.942327743160149112e+03
4.094914638472018087e-01 7.361461153905991523e+03
4.498432198782237879e-01 6.891936029291120576e+03
4.941712839853393824e-01 6.454381384213371348e+03
5.428674861028858212e-01 6.063040907411170338e+03
5.963622675339625978e-01 5.695823150445352439e+03
6.551284857587630350e-01 5.365721519485650788e+03
7.196855941730535555e-01 5.032177261357970565e+03
7.906042337028588163e-01 4.735610928434558446e+03
8.685112768820903995e-01 4.447591669949968491e+03
9.540953689793428838e-01 4.164283599112234697e+03
1.048113015153642191e+00 0.000000000000000000e+00
