1.048113066601954503e-02 1.276979867354122689e+04
1.151395323963562076e-02 0.000000000000000000e+00
1.264855132798976302e-02 3.299688553685514307e+03
1.389495400641860279e-02 1.558697238502735127e+04
1.526417862678452857e-02 1.452009618929093085e+04
1.676832820337198493e-02 0.000000000000000000e+00
1.842069839530119726e-02 1.082102369782369715e+04
2.023589503111089191e-02 9.659940273264399366e+03
2.222996321434766651e-02 2.086899533330176928e+04
2.442052915136719640e-02 2.136024727057645941e+04
2.682695595500901239e-02 1.629105211541720200e+04
2.947051480134291537e-02 1.747110570887772337e+04
3.237457295239669353e-02 1.272672082686682734e+04
3.556480030685772731e-02 1.779756957601146132e+04
3.906939630451649464e-02 1.743733650760000455e+04
4.291933919013282694e-02 1.576208074269014469e+04
4.714865984004791566e-02 1.701254938120041334e+04
5.179474257198286163e-02 1.563257423559852941e+04
5.689865559697841746e-02 1.473028673782333317e+04
6.250551403444545850e-02 1.430439844046265171e+04
6.866487869913283359e-02 1.400852536850858814e+04
7.543119418501802176e-02 1.426529155364960934e+04
8.286427011848424007e-02 1.334100663458194686e+04
9.102980983473445142e-02 1.208957450144932227e+04
9.999999115058272325e-02 1.076469137045427124e+04
1.098541043672585787e-01 1.037552270879825119e+04
1.206792531427361148e-01 9.363341656204485844e+03
1.325711244288214907e-01 9.046866533374113715e+03
1.456348342787200378e-01 8.252953305679931873e+03
1.599858570014452974e-01 7.469367759507737901e+03
1.757510458761641914e-01 6.749438591312459721e+03
1.930697544488981787e-01 6.354467297834772580e+03
2.120950683230800604e-01 5.795776591748648571e+03
2.329951583321586417e-01 5.252604453970240684e+03
2.559547670553742882e-01 4.877499718458635471e+03
2.811768418164965477e-01 4.463580891923482341e+03
3.088843286001189403e-01 4.133153937223271896e+03
3.393221427425128778e-01 3.841802834846279438e+03
3.727593338166072523e-01 3.571910925028178553e+03
4.094914638472018087e-01 3.320330084946635907e+03
4.498432198782237879e-01 3.125951326925784997e+03
4.941712839853393824e-01 2.942913441728120233e+03
5.428674861028858212e-01 2.769845168935568381e+03
5.963622675339625978e-01 2.619897307947297122e+03
6.551284857587630350e-01 2.487746427177501118e+03
7.196855941730535555e-01 2.358571082609012137e+03
7.906042337028588163e-01 2.249883684215338690e+03
8.685112768820903995e-01 2.139474129757118135e+03
9.540953689793428838e-01 2.037373555095807205e+03
1.048113015153642191e+00 0.000000000000000000e+00
