1.048113066601954503e-02 1.223301378206505979e+04
1.151395323963562076e-02 0.000000000000000000e+00
1.264855132798976302e-02 2.806655774878033844e+04
1.389495400641860279e-02 4.111250901919889293e+04
1.526417862678452857e-02 3.941428146362512780e+04
1.676832820337198493e-02 0.000000000000000000e+00
1.842069839530119726e-02 5.441918195806833683e+04
2.023589503111089191e-02 3.593219124239484518e+04
2.222996321434766651e-02 4.341221042276617663e+04
2.442052915136719640e-02 4.641362947029546922e+04
2.682695595500901239e-02 3.544717532446190307e+04
2.947051480134291537e-02 4.109752760726481938e+04
3.237457295239669353e-02 4.370382979644520674e+04
3.556480030685772731e-02 4.100839656782596285e+04
3.906939630451649464e-02 3.576707661672181712e+04
4.291933919013282694e-02 3.385987659329174494e+04
4.714865984004791566e-02 3.342973803235904779e+04
5.179474257198286163e-02 3.355241247119522450e+04
5.689865559697841746e-02 2.721817425899544469e+04
6.250551403444545850e-02 2.827262800844010053e+04
6.866487869913283359e-02 2.776159222335175218e+04
7.543119418501802176e-02 2.694646807185138459e+04
8.286427011848424007e-02 2.554114014983996458e+04
9.102980983473445142e-02 2.274755591451356668e+04
9.999999115058272325e-02 2.032812849028372148e+04
1.098541043672585787e-01 1.912201023520730814e+04
1.206792531427361148e-01 1.699041209906472795e+04
1.325711244288214907e-01 1.586446535483422122e+04
1.456348342787200378e-01 1.475746594192420525e+04
1.599858570014452974e-01 1.318848053267750220e+04
1.757510458761641914e-01 1.193850429175096724e+04
1.930697544488981787e-01 1.076489241573611980e+04
2.120950683230800604e-01 1.000071656594790329e+04
2.329951583321586417e-01 9.146506007843121552e+03
2.559547670553742882e-01 8.259519941125710830e+03
2.811768418164965477e-01 7.636817350344781516e+03
3.088843286001189403e-01 6.991582698022626573e+03
3.393221427425128778e-01 6.473158534745560246e+03
3.727593338166072523e-01 5.967842858376114236e+03
4.094914638472018087e-01 5.586886335238043102e+03
4.498432198782237879e-01 5.230250270177803031e+03
4.941712839853393824e-01 4.910019197125116989e+03
5.428674861028858212e-01 4.613131351423944579e+03
5.963622675339625978e-01 4.358368413145255545e+03
6.551284857587630350e-01 4.125661257482408473e+03
7.196855941730535555e-01 3.920680916181616794e+03
7.906042337028588163e-01 3.728454111596822258e+03
8.685112768820903995e-01 3.547115261073052807e+03
9.540953689793428838e-01 3.386562729256681905e+03
1.048113015153642191e+00 0.000000000000000000e+00
