1.048113066601954503e-02 2.861462620691422489e+05
1.151395323963562076e-02 0.000000000000000000e+00
1.264855132798976302e-02 1.280681769527973374e+05
1.389495400641860279e-02 4.718616314126650104e+05
1.526417862678452857e-02 2.954318299947413616e+05
1.676832820337198493e-02 0.000000000000000000e+00
1.842069839530119726e-02 2.791383498322863597e+05
2.023589503111089191e-02 2.870645179692463716e+05
2.222996321434766651e-02 2.140115043057636358e+05
2.442052915136719640e-02 2.463254531186004751e+05
2.682695595500901239e-02 1.897624175849395397e+05
2.947051480134291537e-02 1.772725323886141414e+05
3.237457295239669353e-02 1.289834111711772275e+05
3.556480030685772731e-02 1.326570189418283699e+05
3.906939630451649464e-02 9.093145318140840391e+04
4.291933919013282694e-02 9.042880756072502118e+04
4.714865984004791566e-02 7.668128641463466920e+04
5.179474257198286163e-02 7.659736763507171418e+04
5.689865559697841746e-02 7.680384433458169224e+04
6.250551403444545850e-02 7.592797101733309682e+04
6.866487869913283359e-02 6.368216553443937300e+04
7.543119418501802176e-02 5.143886988979588932e+04
8.286427011848424007e-02 4.441606867152934865e+04
9.102980983473445142e-02 3.549593966495938366e+04
9.999999115058272325e-02 3.240415016238789394e+04
1.098541043672585787e-01 2.969932442594056192e+04
1.206792531427361148e-01 2.756295353801667443e+04
1.325711244288214907e-01 2.341468626549728288e+04
1.456348342787200378e-01 2.080749340987745381e+04
1.599858570014452974e-01 1.867125943945991457e+04
1.757510458761641914e-01 1.684547375204641139e+04
1.930697544488981787e-01 1.530399524922390992e+04
2.120950683230800604e-01 1.385450636654943264e+04
2.329951583321586417e-01 1.247713552138590421e+04
2.559547670553742882e-01 1.139660443370882604e+04
2.811768418164965477e-01 1.052883682747651255e+04
3.088843286001189403e-01 9.585496375201923001e+03
3.393221427425128778e-01 8.925452158850850537e+03
3.727593338166072523e-01 8.235995946133916732e+03
4.094914638472018087e-01 7.648921689133879227e+03
4.498432198782237879e-01 7.143755148807991645e+03
4.941712839853393824e-01 6.710168040332217060e+03
5.428674861028858212e-01 6.255395044926998708e+03
5.963622675339625978e-01 5.870862956120117815e+03
6.551284857587630350e-01 5.498234675706267808e+03
7.196855941730535555e-01 5.140424399048391024e+03
7.906042337028588163e-01 4.771675967865088751e+03
8.685112768820903995e-01 4.447244524720566915e+03
9.540953689793428838e-01 4.126760660987345545e+03
1.048113015153642191e+00 0.000000000000000000e+00
