1.048113066601954503e-02 6.898346662729884265e+05
1.151395323963562076e-02 0.000000000000000000e+00
1.264855132798976302e-02 2.278388002685872489e+05
1.389495400641860279e-02 3.882822414071894600e+05
1.526417862678452857e-02 5.857656762887327932e+05
1.676832820337198493e-02 0.000000000000000000e+00
1.842069839530119726e-02 5.669196200216566212e+05
2.023589503111089191e-02 4.306492162731640856e+05
2.222996321434766651e-02 2.439366213777779776e+05
2.442052915136719640e-02 2.898597363878343021e+05
2.682695595500901239e-02 2.661930844942689291e+05
2.947051480134291537e-02 2.476732312063204590e+05
3.237457295239669353e-02 1.643609122425706591e+05
3.556480030685772731e-02 1.493003997549890773e+05
3.906939630451649464e-02 1.420483430163530284e+05
4.291933919013282694e-02 1.066120682205412450e+05
4.714865984004791566e-02 9.324360423580466886e+04
5.179474257198286163e-02 8.838700038341869367e+04
5.689865559697841746e-02 8.888475339786238328e+04
6.250551403444545850e-02 9.343213833922467893e+04
6.866487869913283359e-02 7.766205404344857379e+04
7.543119418501802176e-02 6.559500539911104715e+04
8.286427011848424007e-02 5.441019604582947795e+04
9.102980983473445142e-02 4.449070729714430490e+04
9.999999115058272325e-02 3.780098715307476959e+04
1.098541043672585787e-01 3.405683113472790865e+04
1.206792531427361148e-01 3.126301631628091127e+04
1.325711244288214907e-01 2.831863606586987953e+04
1.456348342787200378e-01 2.449894606763446427e+04
1.599858570014452974e-01 2.187571128491652416e+04
1.757510458761641914e-01 1.942149675244199898e+04
1.930697544488981787e-01 1.755004879222324962e+04
2.120950683230800604e-01 1.592285113065512996e+04
2.329951583321586417e-01 1.399178165530702790e+04
2.559547670553742882e-01 1.285236669487756990e+04
2.811768418164965477e-01 1.168644067996913327e+04
3.088843286001189403e-01 1.070739281792629481e+04
3.393221427425128778e-01 9.862980646093206815e+03
3.727593338166072523e-01 9.087664433470803488e+03
4.094914638472018087e-01 8.395391521588466276e+03
4.498432198782237879e-01 7.820735880312924564e+03
4.941712839853393824e-01 7.312840501030429550e+03
5.428674861028858212e-01 6.796117546641453373e+03
5.963622675339625978e-01 6.307919182457271745e+03
6.551284857587630350e-01 5.875462510023900904e+03
7.196855941730535555e-01 5.506370302329160040e+03
7.906042337028588163e-01 5.139830824047406168e+03
8.685112768820903995e-01 4.768042453100246348e+03
9.540953689793428838e-01 4.410026341181473072e+03
1.048113015153642191e+00 0.000000000000000000e+00
