1.048113066601954503e-02 6.389114885608647455e+04
1.151395323963562076e-02 0.000000000000000000e+00
1.264855132798976302e-02 4.213777792334624974e+04
1.389495400641860279e-02 4.423476416193971818e+04
1.526417862678452857e-02 3.428418439734015556e+04
1.676832820337198493e-02 0.000000000000000000e+00
1.842069839530119726e-02 5.105617791527076042e+04
2.023589503111089191e-02 4.466862003165810165e+04
2.222996321434766651e-02 4.855037240834526892e+04
2.442052915136719640e-02 3.527425464522233233e+04
2.682695595500901239e-02 6.118929347095196135e+04
2.947051480134291537e-02 5.054724272910745640e+04
3.237457295239669353e-02 4.294336576122323459e+04
3.556480030685772731e-02 4.673735565482835227e+04
3.906939630451649464e-02 3.610639980599932460e+04
4.291933919013282694e-02 3.837300824440109864e+04
4.714865984004791566e-02 3.594023100548049842e+04
5.179474257198286163e-02 3.180602690656482810e+04
5.689865559697841746e-02 3.112995083809582866e+04
6.250551403444545850e-02 2.738687944292613975e+04
6.866487869913283359e-02 2.614198957325248193e+04
7.543119418501802176e-02 2.567426157661240723e+04
8.286427011848424007e-02 2.256546984388648707e+04
9.102980983473445142e-02 1.950103988389773804e+04
9.999999115058272325e-02 1.737377056010231900e+04
1.098541043672585787e-01 1.521792476249607353e+04
1.206792531427361148e-01 1.461486362460430610e+04
1.325711244288214907e-01 1.331423675301306139e+04
1.456348342787200378e-01 1.209406248978839176e+04
1.599858570014452974e-01 1.027982137895868982e+04
1.757510458761641914e-01 9.336064045046416140e+03
1.930697544488981787e-01 8.535739656228695821e+03
2.120950683230800604e-01 7.575243503458728810e+03
2.329951583321586417e-01 6.676665413008307951e+03
2.559547670553742882e-01 6.086241960936196847e+03
2.811768418164965477e-01 5.481376999102134505e+03
3.088843286001189403e-01 4.951214891571330554e+03
3.393221427425128778e-01 4.497458984076927663e+03
3.727593338166072523e-01 4.095483473581808539e+03
4.094914638472018087e-01 3.735718168903921651e+03
4.498432198782237879e-01 3.430999102110998592e+03
4.941712839853393824e-01 3.175819845611424626e+03
5.428674861028858212e-01 2.934039713385600862e+03
5.963622675339625978e-01 2.731357422982178832e+03
6.551284857587630350e-01 2.541025551606715453e+03
7.196855941730535555e-01 2.368510026516132257e+03
7.906042337028588163e-01 2.222965719558001183e+03
8.685112768820903995e-01 2.088437850926463398e+03
9.540953689793428838e-01 1.966798638356303854e+03
1.048113015153642191e+00 0.000000000000000000e+00
