1.048113066601954503e-02 1.040087289863334299e+05
1.151395323963562076e-02 0.000000000000000000e+00
1.264855132798976302e-02 1.640955620055073232e+05
1.389495400641860279e-02 1.475528155195305590e+05
1.526417862678452857e-02 1.933480891221404599e+05
1.676832820337198493e-02 0.000000000000000000e+00
1.842069839530119726e-02 1.366060882190858247e+05
2.023589503111089191e-02 1.222764072066381923e+05
2.222996321434766651e-02 1.061399527139691781e+05
2.442052915136719640e-02 8.998475303769919265e+04
2.682695595500901239e-02 1.336065234744682093e+05
2.947051480134291537e-02 1.256466642613758595e+05
3.237457295239669353e-02 9.618261429824546212e+04
3.556480030685772731e-02 9.182254443662174162e+04
3.906939630451649464e-02 7.278773044953141653e+04
4.291933919013282694e-02 6.247613468919617299e+04
4.714865984004791566e-02 5.824331181353418651e+04
5.179474257198286163e-02 5.047945293787309492e+04
5.689865559697841746e-02 4.537981150056816114e+04
6.250551403444545850e-02 4.332323682113611721e+04
6.866487869913283359e-02 4.062805351865751436e+04
7.543119418501802176e-02 3.477895072272319521e+04
8.286427011848424007e-02 3.185858295864833053e+04
9.102980983473445142e-02 2.856606871918377874e+04
9.999999115058272325e-02 2.332091877801480950e+04
1.098541043672585787e-01 1.976498948807741544e+04
1.206792531427361148e-01 1.684828103789629677e+04
1.325711244288214907e-01 1.541704572538592583e+04
1.456348342787200378e-01 1.402096466248732759e+04
1.599858570014452974e-01 1.218434770893637869e+04
1.757510458761641914e-01 1.028145182442320765e+04
1.930697544488981787e-01 9.194482069230396519e+03
2.120950683230800604e-01 8.053450693168784710e+03
2.329951583321586417e-01 7.142903338641381197e+03
2.559547670553742882e-01 6.300510604300092382e+03
2.811768418164965477e-01 5.560480421713677060e+03
3.088843286001189403e-01 5.014094395116630039e+03
3.393221427425128778e-01 4.503273113757045394e+03
3.727593338166072523e-01 4.034770980977424188e+03
4.094914638472018087e-01 3.662420581506654344e+03
4.498432198782237879e-01 3.312417407339354213e+03
4.941712839853393824e-01 3.018784631015809282e+03
5.428674861028858212e-01 2.763133356249785720e+03
5.963622675339625978e-01 2.533501600624638741e+03
6.551284857587630350e-01 2.334169289906519225e+03
7.196855941730535555e-01 2.159731091684839157e+03
7.906042337028588163e-01 1.994180862899574549e+03
8.685112768820903995e-01 1.847859906321715243e+03
9.540953689793428838e-01 1.713739912198794400e+03
1.048113015153642191e+00 0.000000000000000000e+00
