1.048113066601954503e-02 2.532859269687415217e+05
1.151395323963562076e-02 0.000000000000000000e+00
1.264855132798976302e-02 3.277999624063717201e+05
1.389495400641860279e-02 6.553998229689947329e+05
1.526417862678452857e-02 2.531367140193708183e+05
1.676832820337198493e-02 0.000000000000000000e+00
1.842069839530119726e-02 2.615134312434513995e+05
2.023589503111089191e-02 3.025003218896944309e+05
2.222996321434766651e-02 1.835071237079846615e+05
2.442052915136719640e-02 2.409949871423442964e+05
2.682695595500901239e-02 1.068116913528894947e+05
2.947051480134291537e-02 9.402903265589321381e+04
3.237457295239669353e-02 7.852817287667030178e+04
3.556480030685772731e-02 5.977389901445915166e+04
3.906939630451649464e-02 5.711533178559142834e+04
4.291933919013282694e-02 5.386531347045513394e+04
4.714865984004791566e-02 5.460728748443875520e+04
5.179474257198286163e-02 6.020160488031336718e+04
5.689865559697841746e-02 5.260007278804425732e+04
6.250551403444545850e-02 3.916373457670434436e+04
6.866487869913283359e-02 2.984917422274600904e+04
7.543119418501802176e-02 2.006529560950385712e+04
8.286427011848424007e-02 1.668386666997694192e+04
9.102980983473445142e-02 1.695641684073561555e+04
9.999999115058272325e-02 1.699456440125932568e+04
1.098541043672585787e-01 1.415604818971591521e+04
1.206792531427361148e-01 1.039630288941102845e+04
1.325711244288214907e-01 8.887266076670848634e+03
1.456348342787200378e-01 8.191670215918084068e+03
1.599858570014452974e-01 6.906450611026274601e+03
1.757510458761641914e-01 5.815169073851361645e+03
1.930697544488981787e-01 5.172098408188257054e+03
2.120950683230800604e-01 4.493142825029098276e+03
2.329951583321586417e-01 3.821193388985641832e+03
2.559547670553742882e-01 3.390669562861795839e+03
2.811768418164965477e-01 2.950094824386316304e+03
3.088843286001189403e-01 2.595540044945388672e+03
3.393221427425128778e-01 2.301721192817516112e+03
3.727593338166072523e-01 2.024572338511631642e+03
4.094914638472018087e-01 1.789136317344443114e+03
4.498432198782237879e-01 1.605955972449210094e+03
4.941712839853393824e-01 1.449572914311632758e+03
5.428674861028858212e-01 1.304139221350676053e+03
5.963622675339625978e-01 1.180647396856786372e+03
6.551284857587630350e-01 1.072928845256958539e+03
7.196855941730535555e-01 9.795500334185204565e+02
7.906042337028588163e-01 8.912640831062467441e+02
8.685112768820903995e-01 8.160296137948357682e+02
9.540953689793428838e-01 7.438348489389591123e+02
1.048113015153642191e+00 0.000000000000000000e+00
