1.048113066601954503e-02 6.607951729391707340e+04
1.151395323963562076e-02 0.000000000000000000e+00
1.264855132798976302e-02 2.365697718156298797e+05
1.389495400641860279e-02 1.794943062170543708e+05
1.526417862678452857e-02 9.678771043788368115e+04
1.676832820337198493e-02 0.000000000000000000e+00
1.842069839530119726e-02 1.534874337984028971e+05
2.023589503111089191e-02 1.443973867532537843e+05
2.222996321434766651e-02 1.644818430404049577e+05
2.442052915136719640e-02 1.187533723772380181e+05
2.682695595500901239e-02 1.055007289962209907e+05
2.947051480134291537e-02 1.079705749722179025e+05
3.237457295239669353e-02 1.035558774677037582e+05
3.556480030685772731e-02 9.855412958439008798e+04
3.906939630451649464e-02 8.503592515361153346e+04
4.291933919013282694e-02 8.459594442004506709e+04
4.714865984004791566e-02 6.982836467693274608e+04
5.179474257198286163e-02 5.618319495675375219e+04
5.689865559697841746e-02 5.289310073973557155e+04
6.250551403444545850e-02 4.782262297858356760e+04
6.866487869913283359e-02 4.773046592390707519e+04
7.543119418501802176e-02 4.031418641807898530e+04
8.286427011848424007e-02 3.935694115611263260e+04
9.102980983473445142e-02 3.434109907041109545e+04
9.999999115058272325e-02 2.863734723983479489e+04
1.098541043672585787e-01 2.463493430063821506e+04
1.206792531427361148e-01 2.274923172605611762e+04
1.325711244288214907e-01 2.080172764728825859e+04
1.456348342787200378e-01 1.892834404644718597e+04
1.599858570014452974e-01 1.589916603877642410e+04
1.757510458761641914e-01 1.443637665601600384e+04
1.930697544488981787e-01 1.273818199370993898e+04
2.120950683230800604e-01 1.172218440675408601e+04
2.329951583321586417e-01 1.041106634043914164e+04
2.559547670553742882e-01 9.502637282581654290e+03
2.811768418164965477e-01 8.505685873484575495e+03
3.088843286001189403e-01 7.691555382073708643e+03
3.393221427425128778e-01 7.046913812604061604e+03
3.727593338166072523e-01 6.430873030411417858e+03
4.094914638472018087e-01 5.928946010708340509e+03
4.498432198782237879e-01 5.500716460093231035e+03
4.941712839853393824e-01 5.086666566057885575e+03
5.428674861028858212e-01 4.719675945247021446e+03
5.963622675339625978e-01 4.397867080526862992e+03
6.551284857587630350e-01 4.103726787374527703e+03
7.196855941730535555e-01 3.839361648111405884e+03
7.906042337028588163e-01 3.596895069103422884e+03
8.685112768820903995e-01 3.377695795977171656e+03
9.540953689793428838e-01 3.169430457432600633e+03
1.048113015153642191e+00 0.000000000000000000e+00
