1.048113066601954503e-02 5.043342437063359830e+04
1.151395323963562076e-02 0.000000000000000000e+00
1.264855132798976302e-02 4.920558040242062998e+04
1.389495400641860279e-02 2.442584864820955409e+04
1.526417862678452857e-02 4.088261562389052415e+04
1.676832820337198493e-02 0.000000000000000000e+00
1.842069839530119726e-02 6.264073189937203279e+04
2.023589503111089191e-02 3.888365785972371668e+04
2.222996321434766651e-02 6.238320266146295035e+04
2.442052915136719640e-02 5.560499107839275530e+04
2.682695595500901239e-02 4.612407596146354626e+04
2.947051480134291537e-02 4.272618248086186941e+04
3.237457295239669353e-02 4.128770277083558904e+04
3.556480030685772731e-02 3.347041875827700278e+04
3.906939630451649464e-02 3.588294487825933174e+04
4.291933919013282694e-02 3.536453644768496451e+04
4.714865984004791566e-02 2.751665639706232105e+04
5.179474257198286163e-02 3.110923797640582052e+04
5.689865559697841746e-02 2.661677897046596627e+04
6.250551403444545850e-02 2.701207427187013673e+04
6.866487869913283359e-02 2.524322122252454574e+04
7.543119418501802176e-02 2.356154202039029769e+04
8.286427011848424007e-02 2.108292854323668143e+04
9.102980983473445142e-02 1.941776624672727485e+04
9.999999115058272325e-02 1.709918836414112229e+04
1.098541043672585787e-01 1.562643091926834495e+04
1.206792531427361148e-01 1.350137007617874042e+04
1.325711244288214907e-01 1.266927285398734966e+04
1.456348342787200378e-01 1.140336425563126977e+04
1.599858570014452974e-01 1.023753033687275274e+04
1.757510458761641914e-01 8.919579365010553374e+03
1.930697544488981787e-01 8.079454297603352643e+03
2.120950683230800604e-01 7.276062840459372637e+03
2.329951583321586417e-01 6.540152508627350471e+03
2.559547670553742882e-01 5.888096848244307694e+03
2.811768418164965477e-01 5.269382243481293699e+03
3.088843286001189403e-01 4.785807557681676371e+03
3.393221427425128778e-01 4.394975603575773675e+03
3.727593338166072523e-01 3.994836315927981559e+03
4.094914638472018087e-01 3.645539345562579001e+03
4.498432198782237879e-01 3.368940838863738463e+03
4.941712839853393824e-01 3.104356454243126791e+03
5.428674861028858212e-01 2.874470618746197033e+03
5.963622675339625978e-01 2.681858695300824365e+03
6.551284857587630350e-01 2.492971454259405164e+03
7.196855941730535555e-01 2.339728939323861596e+03
7.906042337028588163e-01 2.192619781848705770e+03
8.685112768820903995e-01 2.064612822472315202e+03
9.540953689793428838e-01 1.944603100353707305e+03
1.048113015153642191e+00 0.000000000000000000e+00
