1.048113066601954503e-02 1.894626780051596143e+04
1.151395323963562076e-02 0.000000000000000000e+00
1.264855132798976302e-02 2.199906437321344492e+04
1.389495400641860279e-02 3.255552823750659081e+04
1.526417862678452857e-02 1.864013022426855605e+04
1.676832820337198493e-02 0.000000000000000000e+00
1.842069839530119726e-02 2.771613603383834925e+04
2.023589503111089191e-02 2.953930757987051038e+04
2.222996321434766651e-02 2.874605710210189500e+04
2.442052915136719640e-02 3.054481603902924326e+04
2.682695595500901239e-02 2.388229051512055594e+04
2.947051480134291537e-02 2.543455483877020379e+04
3.237457295239669353e-02 3.566068529897697590e+04
3.556480030685772731e-02 2.349253028645631275e+04
3.906939630451649464e-02 2.744709402797053554e+04
4.291933919013282694e-02 2.546733576293256192e+04
4.714865984004791566e-02 2.248002293027632550e+04
5.179474257198286163e-02 2.154493388558860170e+04
5.689865559697841746e-02 2.279006105389639924e+04
6.250551403444545850e-02 1.828345039548719797e+04
6.866487869913283359e-02 1.800448275062212633e+04
7.543119418501802176e-02 1.773738949117380980e+04
8.286427011848424007e-02 1.683327148606242554e+04
9.102980983473445142e-02 1.587718623210371516e+04
9.999999115058272325e-02 1.390855181936569898e+04
1.098541043672585787e-01 1.197520617974854758e+04
1.206792531427361148e-01 1.118960189597930912e+04
1.325711244288214907e-01 1.033830676309776754e+04
1.456348342787200378e-01 9.633828016299321462e+03
1.599858570014452974e-01 8.715958515228843680e+03
1.757510458761641914e-01 7.808159367280243714e+03
1.930697544488981787e-01 7.052257059483074954e+03
2.120950683230800604e-01 6.463626271232174986e+03
2.329951583321586417e-01 5.837027775931368524e+03
2.559547670553742882e-01 5.396415016636537985e+03
2.811768418164965477e-01 4.962077311738417848e+03
3.088843286001189403e-01 4.580999447035111189e+03
3.393221427425128778e-01 4.274412822495685759e+03
3.727593338166072523e-01 3.933778154826055470e+03
4.094914638472018087e-01 3.676659580533383632e+03
4.498432198782237879e-01 3.434147640993182449e+03
4.941712839853393824e-01 3.223403206009890255e+03
5.428674861028858212e-01 3.043956884266277029e+03
5.963622675339625978e-01 2.873909329943813646e+03
6.551284857587630350e-01 2.712974161873314188e+03
7.196855941730535555e-01 2.562984303842298232e+03
7.906042337028588163e-01 2.419817467091605067e+03
8.685112768820903995e-01 2.284260017277620136e+03
9.540953689793428838e-01 2.156900745417512098e+03
1.048113015153642191e+00 0.000000000000000000e+00
