1.048113066601954503e-02 2.881045416122974711e+04
1.151395323963562076e-02 0.000000000000000000e+00
1.264855132798976302e-02 2.210652078548662394e+04
1.389495400641860279e-02 3.098931783477790668e+04
1.526417862678452857e-02 4.708204726691944961e+04
1.676832820337198493e-02 0.000000000000000000e+00
1.842069839530119726e-02 5.531037967532719631e+04
2.023589503111089191e-02 4.192509031969665375e+04
2.222996321434766651e-02 4.896559783485531807e+04
2.442052915136719640e-02 2.520684413576352381e+04
2.682695595500901239e-02 2.912309065154736891e+04
2.947051480134291537e-02 3.311998272225443361e+04
3.237457295239669353e-02 2.833593737789124862e+04
3.556480030685772731e-02 2.896927786622271378e+04
3.906939630451649464e-02 2.861395599882105671e+04
4.291933919013282694e-02 2.399158807810208236e+04
4.714865984004791566e-02 2.126556595938565806e+04
5.179474257198286163e-02 2.021387411036741469e+04
5.689865559697841746e-02 1.918209167017462823e+04
6.250551403444545850e-02 1.806535848228058967e+04
6.866487869913283359e-02 1.773573792247076926e+04
7.543119418501802176e-02 1.617115978155809353e+04
8.286427011848424007e-02 1.320360510025537042e+04
9.102980983473445142e-02 1.144532366194285532e+04
9.999999115058272325e-02 9.941886382799200874e+03
1.098541043672585787e-01 9.186457339667384076e+03
1.206792531427361148e-01 8.506011071916851506e+03
1.325711244288214907e-01 7.605358480582325683e+03
1.456348342787200378e-01 6.443853077922402008e+03
1.599858570014452974e-01 5.751208999507352928e+03
1.757510458761641914e-01 5.142429559892157158e+03
1.930697544488981787e-01 4.523220630990359496e+03
2.120950683230800604e-01 3.983930835712141743e+03
2.329951583321586417e-01 3.536652635257818474e+03
2.559547670553742882e-01 3.178969855357288452e+03
2.811768418164965477e-01 2.853759673939287495e+03
3.088843286001189403e-01 2.534755011036794258e+03
3.393221427425128778e-01 2.285080742072104840e+03
3.727593338166072523e-01 2.059832948327691611e+03
4.094914638472018087e-01 1.865877360309651976e+03
4.498432198782237879e-01 1.703356586831887853e+03
4.941712839853393824e-01 1.553673278369331911e+03
5.428674861028858212e-01 1.423406083294573364e+03
5.963622675339625978e-01 1.312653045993374235e+03
6.551284857587630350e-01 1.210988228051026454e+03
7.196855941730535555e-01 1.122759202389420352e+03
7.906042337028588163e-01 1.042357971547907027e+03
8.685112768820903995e-01 9.704093352416534799e+02
9.540953689793428838e-01 9.056117035984867698e+02
1.048113015153642191e+00 0.000000000000000000e+00
