1.048113066601954503e-02 2.571552509063982870e+04
1.151395323963562076e-02 0.000000000000000000e+00
1.264855132798976302e-02 2.666705316997800401e+04
1.389495400641860279e-02 8.339753097337558575e+04
1.526417862678452857e-02 6.068524227346289263e+04
1.676832820337198493e-02 0.000000000000000000e+00
1.842069839530119726e-02 5.585944712547287054e+04
2.023589503111089191e-02 5.255458764561256976e+04
2.222996321434766651e-02 5.668013908119020198e+04
2.442052915136719640e-02 5.028583857344629359e+04
2.682695595500901239e-02 4.803378728821359255e+04
2.947051480134291537e-02 5.165905241058971296e+04
3.237457295239669353e-02 5.112841639254689653e+04
3.556480030685772731e-02 4.969060201560982387e+04
3.906939630451649464e-02 4.350666034048067377e+04
4.291933919013282694e-02 3.923643453770859924e+04
4.714865984004791566e-02 3.593613837540780514e+04
5.179474257198286163e-02 3.497078102171950741e+04
5.689865559697841746e-02 3.424761843629729265e+04
6.250551403444545850e-02 3.499160846406000928e+04
6.866487869913283359e-02 3.120697226032205072e+04
7.543119418501802176e-02 2.803262369494241284e+04
8.286427011848424007e-02 2.655346968820374605e+04
9.102980983473445142e-02 2.219859884510555275e+04
9.999999115058272325e-02 1.982850161761098934e+04
1.098541043672585787e-01 1.729337267311113465e+04
1.206792531427361148e-01 1.597193431761829561e+04
1.325711244288214907e-01 1.487788870217909425e+04
1.456348342787200378e-01 1.332759735653705502e+04
1.599858570014452974e-01 1.139145663652189978e+04
1.757510458761641914e-01 1.039038692348703262e+04
1.930697544488981787e-01 9.311526759729866171e+03
2.120950683230800604e-01 8.356433376217712066e+03
2.329951583321586417e-01 7.408441685510792013e+03
2.559547670553742882e-01 6.681095591273139689e+03
2.811768418164965477e-01 6.038024257012597445e+03
3.088843286001189403e-01 5.444846210725387209e+03
3.393221427425128778e-01 4.969856472923327601e+03
3.727593338166072523e-01 4.527723279314580395e+03
4.094914638472018087e-01 4.121913861788586473e+03
4.498432198782237879e-01 3.808747972640052922e+03
4.941712839853393824e-01 3.520494120274581292e+03
5.428674861028858212e-01 3.248053291020007237e+03
5.963622675339625978e-01 3.019585591698251847e+03
6.551284857587630350e-01 2.827763740212864832e+03
7.196855941730535555e-01 2.641645274446808799e+03
7.906042337028588163e-01 2.480273479013119868e+03
8.685112768820903995e-01 2.337725163762454486e+03
9.540953689793428838e-01 2.213385219422553746e+03
1.048113015153642191e+00 0.000000000000000000e+00
