1.048113066601954503e-02 3.705233632611389039e+05
1.151395323963562076e-02 0.000000000000000000e+00
1.264855132798976302e-02 7.209688808803299908e+05
1.389495400641860279e-02 8.221363690376023296e+05
1.526417862678452857e-02 9.177369499200865394e+05
1.676832820337198493e-02 0.000000000000000000e+00
1.842069839530119726e-02 3.980593538571777754e+05
2.023589503111089191e-02 4.802707702727895230e+05
2.222996321434766651e-02 4.308400610245577991e+05
2.442052915136719640e-02 3.993084641218075994e+05
2.682695595500901239e-02 3.249461550856283284e+05
2.947051480134291537e-02 2.413461121211636346e+05
3.237457295239669353e-02 2.478170400853165775e+05
3.556480030685772731e-02 1.634926509315806325e+05
3.906939630451649464e-02 1.814083348446546297e+05
4.291933919013282694e-02 1.597253822837873595e+05
4.714865984004791566e-02 1.553419937817488390e+05
5.179474257198286163e-02 1.349469546304129472e+05
5.689865559697841746e-02 1.307461343170062319e+05
6.250551403444545850e-02 1.194787037923987955e+05
6.866487869913283359e-02 9.353279271563289512e+04
7.543119418501802176e-02 7.690883781602134695e+04
8.286427011848424007e-02 6.090552951965920511e+04
9.102980983473445142e-02 5.514223385133310512e+04
9.999999115058272325e-02 5.354670197630503390e+04
1.098541043672585787e-01 4.777911143599213392e+04
1.206792531427361148e-01 4.038723957419458020e+04
1.325711244288214907e-01 3.534235671487806394e+04
1.456348342787200378e-01 3.114405558616408598e+04
1.599858570014452974e-01 2.796661927875537731e+04
1.757510458761641914e-01 2.514314703880061279e+04
1.930697544488981787e-01 2.277101977074356546e+04
2.120950683230800604e-01 2.034651915225632183e+04
2.329951583321586417e-01 1.818328518076599357e+04
2.559547670553742882e-01 1.656930068681069679e+04
2.811768418164965477e-01 1.530521626356227716e+04
3.088843286001189403e-01 1.387036909047427253e+04
3.393221427425128778e-01 1.278225090304795594e+04
3.727593338166072523e-01 1.185812238361798336e+04
4.094914638472018087e-01 1.098821342717938023e+04
4.498432198782237879e-01 1.018413102808552867e+04
4.941712839853393824e-01 9.450148823433426514e+03
5.428674861028858212e-01 8.835172735447862578e+03
5.963622675339625978e-01 8.203835515411494271e+03
6.551284857587630350e-01 7.678526106501491086e+03
7.196855941730535555e-01 7.160521032116987953e+03
7.906042337028588163e-01 6.667240542123266096e+03
8.685112768820903995e-01 6.169442167389050155e+03
9.540953689793428838e-01 5.686263296468983754e+03
1.048113015153642191e+00 0.000000000000000000e+00
