1.048113066601954503e-02 7.947872892597883765e+04
1.151395323963562076e-02 0.000000000000000000e+00
1.264855132798976302e-02 5.176076439021946135e+04
1.389495400641860279e-02 1.111472349338054337e+05
1.526417862678452857e-02 1.110110359154782200e+05
1.676832820337198493e-02 0.000000000000000000e+00
1.842069839530119726e-02 1.350214820027687820e+05
2.023589503111089191e-02 1.215953926448600250e+05
2.222996321434766651e-02 8.491264031763642561e+04
2.442052915136719640e-02 8.619203569831956702e+04
2.682695595500901239e-02 5.967717039743895293e+04
2.947051480134291537e-02 4.456803880192275392e+04
3.237457295239669353e-02 4.183299480648712779e+04
3.556480030685772731e-02 4.512758019896766928e+04
3.906939630451649464e-02 3.798994769916481891e+04
4.291933919013282694e-02 3.471809340345315286e+04
4.714865984004791566e-02 3.448720733230083715e+04
5.179474257198286163e-02 3.352602762410023570e+04
5.689865559697841746e-02 3.072939471958554714e+04
6.250551403444545850e-02 2.731855206644218561e+04
6.866487869913283359e-02 2.092215959627060874e+04
7.543119418501802176e-02 1.514853152266073266e+04
8.286427011848424007e-02 1.268667962780757080e+04
9.102980983473445142e-02 1.211991004221896037e+04
9.999999115058272325e-02 1.242347821756847588e+04
1.098541043672585787e-01 1.079040174197355373e+04
1.206792531427361148e-01 8.176989508903010574e+03
1.325711244288214907e-01 7.087420795825616551e+03
1.456348342787200378e-01 6.583832362961014042e+03
1.599858570014452974e-01 5.823023209923410832e+03
1.757510458761641914e-01 4.992207890064198182e+03
1.930697544488981787e-01 4.361866577772127130e+03
2.120950683230800604e-01 3.860534924253839563e+03
2.329951583321586417e-01 3.323763029274990004e+03
2.559547670553742882e-01 3.008836524461774843e+03
2.811768418164965477e-01 2.638350145467203220e+03
3.088843286001189403e-01 2.347141993310451653e+03
3.393221427425128778e-01 2.109845367959257146e+03
3.727593338166072523e-01 1.891669371664848541e+03
4.094914638472018087e-01 1.703852446553896243e+03
4.498432198782237879e-01 1.549372606952711976e+03
4.941712839853393824e-01 1.406216001058948677e+03
5.428674861028858212e-01 1.288793446926342313e+03
5.963622675339625978e-01 1.180530395327240512e+03
6.551284857587630350e-01 1.086444319466429079e+03
7.196855941730535555e-01 1.003899280160157105e+03
7.906042337028588163e-01 9.293139054632104035e+02
8.685112768820903995e-01 8.620103644269338474e+02
9.540953689793428838e-01 8.022866067879137972e+02
1.048113015153642191e+00 0.000000000000000000e+00
