1.048113066601954503e-02 1.403853743442962295e+05
1.151395323963562076e-02 0.000000000000000000e+00
1.264855132798976302e-02 1.645850939440379152e+05
1.389495400641860279e-02 3.688304200268980931e+05
1.526417862678452857e-02 2.568303778397021815e+05
1.676832820337198493e-02 0.000000000000000000e+00
1.842069839530119726e-02 2.504068443324291147e+05
2.023589503111089191e-02 3.290472649488934549e+05
2.222996321434766651e-02 3.297484761353129870e+05
2.442052915136719640e-02 3.439530033406437142e+05
2.682695595500901239e-02 1.982240557061592699e+05
2.947051480134291537e-02 2.052224841330305790e+05
3.237457295239669353e-02 1.981546535773935611e+05
3.556480030685772731e-02 1.394847760173655697e+05
3.906939630451649464e-02 1.318740290024975548e+05
4.291933919013282694e-02 1.141887421259105322e+05
4.714865984004791566e-02 1.163180587100245757e+05
5.179474257198286163e-02 1.156072129951061652e+05
5.689865559697841746e-02 9.786386126538521785e+04
6.250551403444545850e-02 9.707102471315156436e+04
6.866487869913283359e-02 9.021867989593192760e+04
7.543119418501802176e-02 7.912451627072988776e+04
8.286427011848424007e-02 6.549091994072429952e+04
9.102980983473445142e-02 5.836688905235605489e+04
9.999999115058272325e-02 5.048666649362863245e+04
1.098541043672585787e-01 4.586074780944156373e+04
1.206792531427361148e-01 4.418068509854868898e+04
1.325711244288214907e-01 3.830484205068519805e+04
1.456348342787200378e-01 3.446306984599238785e+04
1.599858570014452974e-01 3.098486737145247753e+04
1.757510458761641914e-01 2.778071285692691163e+04
1.930697544488981787e-01 2.557589882512758777e+04
2.120950683230800604e-01 2.315873299251321077e+04
2.329951583321586417e-01 2.122554275575577776e+04
2.559547670553742882e-01 1.958862255202739470e+04
2.811768418164965477e-01 1.811329790564401628e+04
3.088843286001189403e-01 1.672381467419522960e+04
3.393221427425128778e-01 1.564794612071383744e+04
3.727593338166072523e-01 1.450416634664702724e+04
4.094914638472018087e-01 1.357793799270744603e+04
4.498432198782237879e-01 1.278619099089045994e+04
4.941712839853393824e-01 1.207111045850811024e+04
5.428674861028858212e-01 1.143466941177436638e+04
5.963622675339625978e-01 1.079048379826791461e+04
6.551284857587630350e-01 1.023468954898044103e+04
7.196855941730535555e-01 9.661325621413558110e+03
7.906042337028588163e-01 9.108120428712689318e+03
8.685112768820903995e-01 8.589923921630523182e+03
9.540953689793428838e-01 8.084375655511179502e+03
1.048113015153642191e+00 0.000000000000000000e+00
