1.048113066601954503e-02 5.621958641137448285e+04
1.151395323963562076e-02 0.000000000000000000e+00
1.264855132798976302e-02 4.884548317415214842e+04
1.389495400641860279e-02 6.187737661277146981e+04
1.526417862678452857e-02 5.891821071524928993e+04
1.676832820337198493e-02 0.000000000000000000e+00
1.842069839530119726e-02 5.058080826496849477e+04
2.023589503111089191e-02 9.067372855461359723e+04
2.222996321434766651e-02 5.161342502039026294e+04
2.442052915136719640e-02 5.072733514250905137e+04
2.682695595500901239e-02 4.946432593280302535e+04
2.947051480134291537e-02 6.018776003883533849e+04
3.237457295239669353e-02 5.623996388717764057e+04
3.556480030685772731e-02 4.822027973740646121e+04
3.906939630451649464e-02 4.422265297630955320e+04
4.291933919013282694e-02 4.126555465841502155e+04
4.714865984004791566e-02 4.104193978109535237e+04
5.179474257198286163e-02 4.074512490673529101e+04
5.689865559697841746e-02 3.678828394741757074e+04
6.250551403444545850e-02 3.331954135197957658e+04
6.866487869913283359e-02 3.331953497535309725e+04
7.543119418501802176e-02 3.006001669553903048e+04
8.286427011848424007e-02 2.852048799154502922e+04
9.102980983473445142e-02 2.551288326999078708e+04
9.999999115058272325e-02 2.303749821373492523e+04
1.098541043672585787e-01 1.981106522565601335e+04
1.206792531427361148e-01 1.792412537308032915e+04
1.325711244288214907e-01 1.657599375562092609e+04
1.456348342787200378e-01 1.505884976229812128e+04
1.599858570014452974e-01 1.351550728727136084e+04
1.757510458761641914e-01 1.213341830691838368e+04
1.930697544488981787e-01 1.090377151375516769e+04
2.120950683230800604e-01 9.785308909666338877e+03
2.329951583321586417e-01 8.879897194606875928e+03
2.559547670553742882e-01 8.105404540280833317e+03
2.811768418164965477e-01 7.355811869253501754e+03
3.088843286001189403e-01 6.795238229411492284e+03
3.393221427425128778e-01 6.264344149684445256e+03
3.727593338166072523e-01 5.717008390966570914e+03
4.094914638472018087e-01 5.310382759914297822e+03
4.498432198782237879e-01 4.927342844325496117e+03
4.941712839853393824e-01 4.622343147322822006e+03
5.428674861028858212e-01 4.305909812542994587e+03
5.963622675339625978e-01 4.033983020478386607e+03
6.551284857587630350e-01 3.809278061299295587e+03
7.196855941730535555e-01 3.593349968163196536e+03
7.906042337028588163e-01 3.398575887879865149e+03
8.685112768820903995e-01 3.208783096241064868e+03
9.540953689793428838e-01 3.033351700846188578e+03
1.048113015153642191e+00 0.000000000000000000e+00
