1.048113066601954503e-02 3.878509040414904593e+05
1.151395323963562076e-02 0.000000000000000000e+00
1.264855132798976302e-02 1.564590522426464595e+05
1.389495400641860279e-02 2.332286759392083623e+05
1.526417862678452857e-02 2.481882119761821523e+05
1.676832820337198493e-02 0.000000000000000000e+00
1.842069839530119726e-02 3.358431626773647149e+05
2.023589503111089191e-02 1.386641012394676800e+05
2.222996321434766651e-02 2.479930069511638721e+05
2.442052915136719640e-02 1.702998367847087502e+05
2.682695595500901239e-02 1.611603652952270932e+05
2.947051480134291537e-02 1.226085980003168806e+05
3.237457295239669353e-02 1.012616571851158951e+05
3.556480030685772731e-02 7.988488023302673537e+04
3.906939630451649464e-02 8.069732389595464338e+04
4.291933919013282694e-02 6.428543934323065332e+04
4.714865984004791566e-02 7.031816830092269811e+04
5.179474257198286163e-02 6.604915219750402321e+04
5.689865559697841746e-02 7.109679629384490545e+04
6.250551403444545850e-02 5.353200034210836748e+04
6.866487869913283359e-02 4.626384237165328523e+04
7.543119418501802176e-02 3.720956633778086689e+04
8.286427011848424007e-02 2.870537713359070040e+04
9.102980983473445142e-02 2.690882043253465963e+04
9.999999115058272325e-02 2.710769639070377889e+04
1.098541043672585787e-01 2.495273718741302946e+04
1.206792531427361148e-01 2.009556691987859449e+04
1.325711244288214907e-01 1.645925602603347215e+04
1.456348342787200378e-01 1.500080503441258043e+04
1.599858570014452974e-01 1.386069029669048905e+04
1.757510458761641914e-01 1.172202298299212816e+04
1.930697544488981787e-01 1.029572938678174796e+04
2.120950683230800604e-01 9.177476541550442562e+03
2.329951583321586417e-01 8.148953118060247107e+03
2.559547670553742882e-01 7.267830415773747518e+03
2.811768418164965477e-01 6.543383084673560006e+03
3.088843286001189403e-01 5.852536541453218888e+03
3.393221427425128778e-01 5.272172392335932273e+03
3.727593338166072523e-01 4.757382693727107835e+03
4.094914638472018087e-01 4.338794698817516291e+03
4.498432198782237879e-01 3.976762444478357338e+03
4.941712839853393824e-01 3.631616889750691371e+03
5.428674861028858212e-01 3.357949446208358495e+03
5.963622675339625978e-01 3.107577799847332244e+03
6.551284857587630350e-01 2.890348509651410495e+03
7.196855941730535555e-01 2.677856285572430352e+03
7.906042337028588163e-01 2.499229498626826171e+03
8.685112768820903995e-01 2.340136260224317994e+03
9.540953689793428838e-01 2.197016358016157028e+03
1.048113015153642191e+00 0.000000000000000000e+00
